VendorID,tpep_pickup_datetime,tpep_dropoff_datetime,passenger_count,trip_distance,RatecodeID,store_and_fwd_flag,PULocationID,DOLocationID,payment_type,fare_amount,extra,mta_tax,tip_amount,tolls_amount,improvement_surcharge,total_amount,congestion_surcharge,airport_fee
1,2021-11-01 00:34:15,2021-11-01 00:57:21,1.0,7.0,1.0,Y,137,264,2,22.5,3.0,0.5,0.0,0.0,0.3,26.3,2.5,0.0
1,2021-11-01 00:00:29,2021-11-01 00:14:13,1.0,3.2,1.0,N,233,232,1,12.5,3.0,0.5,0.0,0.0,0.3,16.3,2.5,0.0
1,2021-11-01 00:27:51,2021-11-01 00:34:21,2.0,1.8,1.0,N,79,170,1,7.0,3.0,0.5,2.15,0.0,0.3,12.95,2.5,0.0
1,2021-11-01 00:01:56,2021-11-01 00:25:18,0.0,4.7,1.0,N,230,42,2,19.0,3.0,0.5,0.0,0.0,0.3,22.8,2.5,0.0
1,2021-11-01 00:10:44,2021-11-01 00:29:06,1.0,3.5,1.0,N,144,50,1,15.0,3.0,0.5,0.0,0.0,0.3,18.8,2.5,0.0
1,2021-11-01 00:36:21,2021-11-01 00:54:46,2.0,3.4,1.0,N,230,263,2,13.0,3.0,0.5,0.0,0.0,0.3,16.8,2.5,0.0
1,2021-11-01 00:12:05,2021-11-01 00:31:06,0.0,14.3,1.0,N,138,257,1,38.5,1.75,0.5,8.0,0.0,0.3,49.05,0.0,1.25
1,2021-11-01 00:49:43,2021-11-01 00:59:38,1.0,1.4,1.0,N,249,107,2,8.5,3.0,0.5,0.0,0.0,0.3,12.3,2.5,0.0
2,2021-11-01 00:10:05,2021-11-01 00:37:59,1.0,6.29,1.0,N,249,37,2,23.0,0.5,0.5,0.0,0.0,0.3,26.8,2.5,0.0
2,2021-11-01 00:26:13,2021-11-01 00:37:37,1.0,2.15,1.0,N,50,90,1,9.5,0.5,0.5,0.7,0.0,0.3,14.0,2.5,0.0
2,2021-11-01 00:41:44,2021-11-01 00:46:21,1.0,0.73,1.0,N,90,234,1,5.0,0.5,0.5,1.76,0.0,0.3,10.56,2.5,0.0
2,2021-11-01 00:24:21,2021-11-01 00:33:56,1.0,1.76,1.0,N,249,90,1,8.5,0.5,0.5,0.0,0.0,0.3,12.3,2.5,0.0
2,2021-11-01 00:36:22,2021-11-01 01:00:14,1.0,6.54,1.0,N,249,226,1,22.0,0.5,0.5,6.45,0.0,0.3,32.25,2.5,0.0
2,2021-11-01 00:47:14,2021-11-01 00:50:50,1.0,0.62,1.0,N,25,65,2,4.5,0.5,0.5,0.0,0.0,0.3,5.8,0.0,0.0
2,2021-11-01 00:00:19,2021-11-01 00:17:40,1.0,10.23,1.0,N,138,211,1,29.0,0.5,0.5,6.81,0.0,0.3,40.86,2.5,1.25
2,2021-11-01 00:15:27,2021-11-01 00:43:16,2.0,21.06,2.0,N,132,87,1,52.0,0.0,0.5,11.31,0.0,0.3,67.86,2.5,1.25
2,2021-11-01 00:58:53,2021-11-01 01:04:19,1.0,1.15,1.0,N,161,229,2,6.0,0.5,0.5,0.0,0.0,0.3,9.8,2.5,0.0
1,2021-11-01 00:06:15,2021-11-01 00:14:40,1.0,1.3,1.0,N,107,144,1,7.5,3.0,0.5,2.25,0.0,0.3,13.55,2.5,0.0
1,2021-11-01 00:42:05,2021-11-01 01:07:57,1.0,5.5,1.0,N,114,238,1,21.0,3.0,0.5,6.2,0.0,0.3,31.0,2.5,0.0
2,2021-11-01 17:51:18,2021-11-01 18:23:41,1.0,9.92,1.0,N,138,163,1,33.5,0.5,0.5,11.28,6.55,0.3,56.38,2.5,1.25
2,2021-11-01 18:29:04,2021-11-01 18:50:11,1.0,2.48,1.0,N,162,246,1,14.5,0.5,0.5,3.66,0.0,0.3,21.96,2.5,0.0
1,2021-11-01 00:17:56,2021-11-01 00:33:30,2.0,7.3,1.0,N,138,9,1,22.0,1.75,0.5,4.9,0.0,0.3,29.45,0.0,1.25
2,2021-11-01 00:34:18,2021-11-01 00:44:43,1.0,2.24,1.0,N,263,163,1,10.0,0.5,0.5,3.45,0.0,0.3,17.25,2.5,0.0
2,2021-11-01 00:16:24,2021-11-01 00:43:48,1.0,16.44,1.0,N,138,85,2,45.5,0.5,0.5,0.0,0.0,0.3,48.05,0.0,1.25
2,2021-11-01 00:01:14,2021-11-01 00:20:50,2.0,8.16,1.0,N,138,198,1,24.0,0.5,0.5,6.64,0.0,0.3,33.19,0.0,1.25
2,2021-11-01 00:01:54,2021-11-01 00:10:00,2.0,1.5,1.0,N,50,162,1,7.5,0.5,0.5,3.39,0.0,0.3,14.69,2.5,0.0
2,2021-11-01 00:23:34,2021-11-01 00:44:01,2.0,5.45,1.0,N,90,75,1,18.5,0.5,0.5,0.0,0.0,0.3,22.3,2.5,0.0
1,2021-11-01 00:08:47,2021-11-01 00:16:36,1.0,2.0,1.0,N,161,113,1,8.5,3.0,0.5,0.0,0.0,0.3,12.3,2.5,0.0
1,2021-11-01 00:41:08,2021-11-01 01:09:34,1.0,9.1,1.0,N,48,181,1,29.5,3.0,0.5,7.95,6.55,0.3,47.8,2.5,0.0
1,2021-11-01 00:20:23,2021-11-01 00:30:39,0.0,5.3,1.0,N,132,219,1,16.0,1.75,0.5,3.0,0.0,0.3,21.55,0.0,1.25
1,2021-11-01 00:09:04,2021-11-01 00:15:26,1.0,1.5,1.0,N,48,239,1,7.0,3.0,0.5,2.15,0.0,0.3,12.95,2.5,0.0
1,2021-11-01 00:25:02,2021-11-01 00:33:40,1.0,1.7,1.0,N,48,68,2,8.5,3.0,0.5,0.0,0.0,0.3,12.3,2.5,0.0
1,2021-11-01 00:35:49,2021-11-01 00:58:26,1.0,4.8,1.0,N,68,97,1,18.5,3.0,0.5,3.35,0.0,0.3,25.65,2.5,0.0
2,2021-11-01 00:02:46,2021-11-01 00:11:41,1.0,2.38,1.0,N,143,166,1,9.0,0.5,0.5,2.56,0.0,0.3,15.36,2.5,0.0
2,2021-11-01 00:20:34,2021-11-01 00:35:13,1.0,2.63,1.0,N,238,50,2,12.0,0.5,0.5,0.0,0.0,0.3,15.8,2.5,0.0
2,2021-11-01 00:30:15,2021-11-01 00:43:18,1.0,2.46,1.0,N,148,90,2,11.0,0.5,0.5,0.0,0.0,0.3,14.8,2.5,0.0
2,2021-11-01 00:35:30,2021-11-01 00:51:13,2.0,3.86,1.0,N,229,125,2,14.5,0.5,0.5,0.0,0.0,0.3,18.3,2.5,0.0
2,2021-11-01 00:55:01,2021-11-01 01:12:57,2.0,3.37,1.0,N,158,164,1,14.0,0.5,0.5,1.78,0.0,0.3,19.58,2.5,0.0
2,2021-11-01 00:06:05,2021-11-01 00:15:33,1.0,5.25,1.0,N,132,203,2,15.5,0.5,0.5,0.0,0.0,0.3,18.05,0.0,1.25
2,2021-11-01 00:09:50,2021-11-01 00:12:24,1.0,0.54,1.0,N,141,263,2,4.0,0.5,0.5,0.0,0.0,0.3,7.8,2.5,0.0
2,2021-11-01 00:18:48,2021-11-01 00:30:40,1.0,2.79,1.0,N,162,211,1,11.0,0.5,0.5,2.0,0.0,0.3,16.8,2.5,0.0
2,2021-11-01 00:39:34,2021-11-01 00:44:15,1.0,0.75,1.0,N,79,107,1,5.0,0.5,0.5,1.76,0.0,0.3,10.56,2.5,0.0
1,2021-11-01 00:00:07,2021-11-01 00:06:13,1.0,1.5,1.0,N,100,249,1,6.5,3.0,0.5,1.5,0.0,0.3,11.8,2.5,0.0
1,2021-11-01 00:02:09,2021-11-01 00:10:32,2.0,2.3,1.0,N,79,161,1,9.0,3.0,0.5,2.0,0.0,0.3,14.8,2.5,0.0
2,2021-11-01 00:20:38,2021-11-01 00:35:40,1.0,3.86,1.0,N,211,162,2,14.0,0.5,0.5,0.0,0.0,0.3,17.8,2.5,0.0
2,2021-11-01 00:12:15,2021-11-01 00:20:51,1.0,1.65,1.0,N,163,239,1,8.5,0.5,0.5,3.69,0.0,0.3,15.99,2.5,0.0
2,2021-11-01 00:23:43,2021-11-01 00:31:14,1.0,2.16,1.0,N,142,246,1,8.5,0.5,0.5,3.08,0.0,0.3,15.38,2.5,0.0
2,2021-11-01 00:43:21,2021-11-01 00:50:16,2.0,2.09,1.0,N,249,230,1,8.0,0.5,0.5,2.36,0.0,0.3,14.16,2.5,0.0
2,2021-11-01 00:58:53,2021-11-01 01:08:15,1.0,1.49,1.0,N,68,79,2,8.0,0.5,0.5,0.0,0.0,0.3,11.8,2.5,0.0
2,2021-11-01 00:31:57,2021-11-01 00:44:16,2.0,2.48,1.0,N,230,79,1,11.0,0.5,0.5,2.96,0.0,0.3,17.76,2.5,0.0
2,2021-11-01 00:45:39,2021-11-01 00:49:44,2.0,0.82,1.0,N,79,234,1,5.0,0.5,0.5,0.88,0.0,0.3,9.68,2.5,0.0
2,2021-11-01 00:53:33,2021-11-01 01:06:06,3.0,3.48,1.0,N,164,236,1,12.5,0.5,0.5,1.96,0.0,0.3,18.26,2.5,0.0
2,2021-11-01 00:08:05,2021-11-01 00:15:26,4.0,2.62,1.0,N,162,75,1,9.5,0.5,0.5,2.0,0.0,0.3,15.3,2.5,0.0
2,2021-11-01 00:21:53,2021-11-01 00:29:02,3.0,1.6,1.0,N,263,140,1,7.5,0.5,0.5,1.1,0.0,0.3,12.4,2.5,0.0
2,2021-11-01 00:45:06,2021-11-01 00:48:48,4.0,1.52,1.0,N,229,263,1,6.0,0.5,0.5,1.0,0.0,0.3,10.8,2.5,0.0
2,2021-11-01 00:55:37,2021-11-01 01:02:24,3.0,1.83,1.0,N,263,141,1,7.5,0.5,0.5,2.0,0.0,0.3,13.3,2.5,0.0
2,2021-11-01 00:45:58,2021-11-01 00:53:28,1.0,1.57,1.0,N,188,61,2,7.5,0.5,0.5,0.0,0.0,0.3,8.8,0.0,0.0
2,2021-11-01 00:40:31,2021-11-01 00:51:44,1.0,3.1,1.0,N,238,152,2,11.0,0.5,0.5,0.0,0.0,0.3,14.8,2.5,0.0
2,2021-11-01 00:56:56,2021-11-01 00:57:44,1.0,0.0,5.0,N,152,152,1,11.5,0.0,0.0,2.0,0.0,0.3,16.3,2.5,0.0
2,2021-11-01 00:31:55,2021-11-01 00:45:58,1.0,9.2,1.0,N,138,244,1,26.0,0.5,0.5,0.0,6.55,0.3,35.1,0.0,1.25
2,2021-11-01 00:23:33,2021-11-01 00:34:35,1.0,2.9,1.0,N,211,33,1,11.0,0.5,0.5,2.96,0.0,0.3,17.76,2.5,0.0
2,2021-11-01 00:48:15,2021-11-01 00:52:09,1.0,0.38,1.0,N,125,90,1,4.5,0.5,0.5,1.66,0.0,0.3,9.96,2.5,0.0
2,2021-11-01 00:08:19,2021-11-01 00:52:06,2.0,9.48,1.0,N,68,173,1,35.0,0.5,0.5,7.76,0.0,0.3,46.56,2.5,0.0
2,2021-11-01 00:18:48,2021-11-01 00:44:00,2.0,18.09,1.0,N,132,256,1,48.0,0.5,0.5,12.64,0.0,0.3,63.19,0.0,1.25
2,2021-11-01 00:27:33,2021-11-01 00:52:02,1.0,11.87,1.0,N,70,216,2,33.0,0.5,0.5,0.0,0.0,0.3,34.3,0.0,0.0
2,2021-11-01 00:05:53,2021-11-01 00:26:11,5.0,8.23,1.0,N,132,95,1,25.5,0.5,0.5,5.0,0.0,0.3,33.05,0.0,1.25
2,2021-11-01 00:01:04,2021-11-01 00:05:21,1.0,0.81,1.0,N,186,107,1,5.0,0.5,0.5,1.76,0.0,0.3,10.56,2.5,0.0
2,2021-11-01 00:11:39,2021-11-01 00:16:28,1.0,0.78,1.0,N,233,163,1,5.5,0.5,0.5,2.79,0.0,0.3,12.09,2.5,0.0
1,2021-11-01 00:14:34,2021-11-01 00:32:36,0.0,3.4,1.0,N,239,116,2,15.0,3.0,0.5,0.0,0.0,0.3,18.8,2.5,0.0
2,2021-11-01 00:16:55,2021-11-01 00:36:17,1.0,11.3,1.0,N,138,170,1,32.0,0.5,0.5,6.54,6.55,0.3,50.14,2.5,1.25
2,2021-11-01 00:00:29,2021-11-01 00:12:07,1.0,2.56,1.0,N,68,229,1,10.5,0.5,0.5,2.86,0.0,0.3,17.16,2.5,0.0
2,2021-11-01 00:30:09,2021-11-01 00:34:17,1.0,1.24,1.0,N,90,68,1,5.5,0.5,0.5,2.32,0.0,0.3,11.62,2.5,0.0
2,2021-11-01 00:39:11,2021-11-01 00:48:47,1.0,3.44,1.0,N,48,166,1,11.5,0.5,0.5,0.0,0.0,0.3,15.3,2.5,0.0
2,2021-11-01 00:39:03,2021-11-01 00:50:45,1.0,8.87,1.0,N,138,140,1,24.5,0.5,0.5,5.0,6.55,0.3,41.1,2.5,1.25
2,2021-11-01 00:27:18,2021-11-01 00:41:35,1.0,6.61,1.0,N,48,244,1,20.0,0.5,0.5,5.95,0.0,0.3,29.75,2.5,0.0
2,2021-11-01 00:18:13,2021-11-01 00:29:03,1.0,2.07,1.0,N,68,48,2,9.5,0.5,0.5,0.0,0.0,0.3,13.3,2.5,0.0
2,2021-11-01 00:39:18,2021-11-01 00:48:56,1.0,2.11,1.0,N,234,163,2,9.0,0.5,0.5,0.0,0.0,0.3,12.8,2.5,0.0
2,2021-11-01 00:16:28,2021-11-01 00:44:03,1.0,6.41,1.0,N,48,7,2,22.0,0.5,0.5,0.0,0.0,0.3,25.8,2.5,0.0
1,2021-11-01 00:14:03,2021-11-01 00:26:59,2.0,3.3,1.0,N,90,239,1,12.5,2.5,0.5,3.15,0.0,0.3,18.95,2.5,0.0
1,2021-11-01 00:33:47,2021-11-01 00:50:46,1.0,4.0,1.0,N,48,79,2,15.5,2.5,0.5,0.0,0.0,0.3,18.8,2.5,0.0
1,2021-11-01 00:58:03,2021-11-01 01:02:29,1.0,0.5,1.0,N,79,148,2,5.0,2.5,0.5,0.0,0.0,0.3,8.3,2.5,0.0
2,2021-11-01 00:11:07,2021-11-01 00:20:35,1.0,2.1,1.0,N,79,186,2,9.0,0.5,0.5,0.0,0.0,0.3,12.8,2.5,0.0
2,2021-11-01 00:10:08,2021-11-01 00:19:26,1.0,2.72,1.0,N,164,209,1,10.0,0.5,0.5,0.0,0.0,0.3,13.8,2.5,0.0
2,2021-11-01 00:43:27,2021-11-01 00:54:50,1.0,2.2,1.0,N,231,186,1,10.5,0.5,0.5,1.0,0.0,0.3,15.3,2.5,0.0
2,2021-11-01 00:58:57,2021-11-01 01:06:19,1.0,1.75,1.0,N,90,137,1,8.0,0.5,0.5,3.54,0.0,0.3,15.34,2.5,0.0
2,2021-11-01 00:47:51,2021-11-01 00:51:30,1.0,0.78,1.0,N,48,230,1,5.0,0.5,0.5,1.76,0.0,0.3,10.56,2.5,0.0
2,2021-11-01 00:11:31,2021-11-01 00:16:01,1.0,0.54,1.0,N,164,164,1,5.0,0.5,0.5,0.0,0.0,0.3,8.8,2.5,0.0
2,2021-11-01 00:03:57,2021-11-01 00:05:39,3.0,0.67,1.0,N,107,137,2,4.0,0.5,0.5,0.0,0.0,0.3,7.8,2.5,0.0
2,2021-11-01 00:15:24,2021-11-01 00:38:10,3.0,7.65,1.0,N,79,48,1,23.0,0.5,0.5,5.36,0.0,0.3,32.16,2.5,0.0
2,2021-11-01 00:46:25,2021-11-01 01:02:41,4.0,4.43,1.0,N,186,145,1,15.5,0.5,0.5,3.86,0.0,0.3,23.16,2.5,0.0
1,2021-11-01 00:37:31,2021-11-01 01:00:53,1.0,7.8,1.0,N,170,198,1,24.0,3.0,0.5,6.85,6.55,0.3,41.2,2.5,0.0
2,2021-11-01 00:37:37,2021-11-01 00:42:50,1.0,1.09,1.0,N,68,48,2,6.0,0.5,0.5,0.0,0.0,0.3,9.8,2.5,0.0
2,2021-11-01 00:51:48,2021-11-01 01:00:44,1.0,2.24,1.0,N,68,143,1,9.0,0.5,0.5,2.56,0.0,0.3,15.36,2.5,0.0
1,2021-11-01 00:07:11,2021-11-01 00:18:30,1.0,2.3,1.0,N,233,246,2,10.0,3.0,0.5,0.0,0.0,0.3,13.8,2.5,0.0
1,2021-11-01 00:35:44,2021-11-01 00:49:16,2.0,3.2,1.0,N,246,141,1,12.5,3.0,0.5,3.25,0.0,0.3,19.55,2.5,0.0
2,2021-11-01 00:55:02,2021-11-01 01:00:21,1.0,1.25,1.0,N,113,211,1,6.5,0.5,0.5,0.7,0.0,0.3,11.0,2.5,0.0
2,2021-11-01 00:20:18,2021-11-01 00:44:16,2.0,4.57,1.0,N,142,148,1,18.5,0.5,0.5,4.46,0.0,0.3,26.76,2.5,0.0
2,2021-11-01 00:51:29,2021-11-01 01:03:37,2.0,1.96,1.0,N,148,90,1,10.5,0.5,0.5,0.0,0.0,0.3,14.3,2.5,0.0
1,2021-11-01 00:09:15,2021-11-01 00:33:50,2.0,11.1,1.0,N,132,70,2,32.5,1.75,0.5,0.0,0.0,0.3,35.05,0.0,1.25
1,2021-11-01 00:37:08,2021-11-01 00:48:14,1.0,2.1,1.0,N,114,68,1,9.5,3.0,0.5,1.5,0.0,0.3,14.8,2.5,0.0
2,2021-11-01 00:06:09,2021-11-01 00:26:57,1.0,5.41,1.0,N,186,65,4,-19.5,-0.5,-0.5,0.0,0.0,-0.3,-23.3,-2.5,0.0
2,2021-11-01 00:06:09,2021-11-01 00:26:57,1.0,5.41,1.0,N,186,65,2,19.5,0.5,0.5,0.0,0.0,0.3,23.3,2.5,0.0
2,2021-11-01 00:19:00,2021-11-01 00:27:42,1.0,2.74,1.0,N,132,219,1,10.0,0.5,0.5,2.51,0.0,0.3,15.06,0.0,1.25
1,2021-11-01 00:58:08,2021-11-01 01:01:52,2.0,0.5,1.0,N,148,79,1,4.5,3.0,0.5,2.05,0.0,0.3,10.35,2.5,0.0
2,2021-11-01 00:18:00,2021-11-01 00:22:16,1.0,0.97,1.0,N,48,163,1,5.5,0.5,0.5,1.86,0.0,0.3,11.16,2.5,0.0
2,2021-11-01 00:24:06,2021-11-01 00:32:57,1.0,2.1,1.0,N,163,263,1,9.0,0.5,0.5,0.0,0.0,0.3,12.8,2.5,0.0
2,2021-11-01 00:45:18,2021-11-01 00:53:40,1.0,1.72,1.0,N,237,230,1,8.0,0.5,0.5,2.36,0.0,0.3,14.16,2.5,0.0
1,2021-11-01 00:08:01,2021-11-01 00:10:21,2.0,0.5,1.0,N,141,141,1,4.0,3.0,0.5,1.55,0.0,0.3,9.35,2.5,0.0
1,2021-11-01 00:17:03,2021-11-01 00:22:32,1.0,1.4,1.0,N,263,43,1,6.5,3.0,0.5,2.55,0.0,0.3,12.85,2.5,0.0
2,2021-11-01 00:04:06,2021-11-01 00:13:40,1.0,2.75,1.0,N,230,151,1,10.0,0.5,0.5,2.76,0.0,0.3,16.56,2.5,0.0
1,2021-11-01 00:13:13,2021-11-01 00:17:22,1.0,0.7,1.0,N,238,238,1,5.0,3.0,0.5,1.5,0.0,0.3,10.3,2.5,0.0
1,2021-11-01 00:40:19,2021-11-01 00:44:34,1.0,0.9,1.0,N,143,239,1,5.5,3.0,0.5,1.85,0.0,0.3,11.15,2.5,0.0
1,2021-11-01 00:59:17,2021-11-01 01:16:59,1.0,8.0,1.0,N,230,243,1,25.0,3.0,0.5,5.75,0.0,0.3,34.55,2.5,0.0
1,2021-11-01 00:24:04,2021-11-01 00:32:00,1.0,1.0,1.0,N,237,262,1,7.0,3.0,0.5,2.7,0.0,0.3,13.5,2.5,0.0
2,2021-11-01 00:24:10,2021-11-01 00:42:45,2.0,13.65,1.0,N,132,210,2,37.0,0.5,0.5,0.0,0.0,0.3,39.55,0.0,1.25
2,2021-11-01 00:00:05,2021-11-01 00:17:15,1.0,4.2,1.0,N,114,236,1,15.0,0.5,0.5,3.76,0.0,0.3,22.56,2.5,0.0
2,2021-11-01 00:30:31,2021-11-01 00:37:15,1.0,0.91,1.0,N,48,142,1,6.0,0.5,0.5,2.94,0.0,0.3,12.74,2.5,0.0
2,2021-11-01 00:47:21,2021-11-01 00:59:33,1.0,3.64,1.0,N,48,193,2,13.0,0.5,0.5,0.0,0.0,0.3,16.8,2.5,0.0
1,2021-11-01 00:19:49,2021-11-01 00:39:49,0.0,4.1,1.0,N,79,225,1,17.0,3.0,0.5,4.15,0.0,0.3,24.95,2.5,0.0
1,2021-11-01 00:13:29,2021-11-01 00:23:03,1.0,2.0,1.0,Y,234,144,1,9.0,3.0,0.5,3.8,0.0,0.3,16.6,2.5,0.0
1,2021-11-01 00:31:13,2021-11-01 00:50:52,4.0,6.7,1.0,N,249,41,1,20.5,3.0,0.5,4.85,0.0,0.3,29.15,2.5,0.0
1,2021-11-01 00:56:01,2021-11-01 01:16:11,1.0,6.3,1.0,N,74,246,1,20.5,3.0,0.5,1.21,0.0,0.3,25.51,2.5,0.0
2,2021-10-31 23:58:12,2021-11-01 00:12:23,1.0,4.31,1.0,N,249,236,1,14.5,0.5,0.5,2.0,0.0,0.3,20.3,2.5,0.0
2,2021-11-01 00:08:28,2021-11-01 00:16:09,1.0,1.23,1.0,N,48,170,2,7.0,0.5,0.5,0.0,0.0,0.3,10.8,2.5,0.0
2,2021-11-01 00:32:56,2021-11-01 00:39:17,1.0,1.53,1.0,N,249,90,1,6.5,0.5,0.5,2.06,0.0,0.3,12.36,2.5,0.0
2,2021-10-31 23:54:37,2021-11-01 00:14:02,1.0,8.77,1.0,N,162,243,1,27.0,0.5,0.5,6.16,0.0,0.3,36.96,2.5,0.0
2,2021-11-01 00:38:53,2021-11-01 00:42:31,1.0,1.17,1.0,N,239,163,1,5.5,0.5,0.5,1.86,0.0,0.3,11.16,2.5,0.0
2,2021-11-01 00:47:14,2021-11-01 00:54:21,1.0,1.55,1.0,N,230,107,2,7.5,0.5,0.5,0.0,0.0,0.3,11.3,2.5,0.0
1,2021-11-01 00:00:52,2021-11-01 00:07:16,1.0,1.5,1.0,N,125,90,1,7.0,3.0,0.5,2.7,0.0,0.3,13.5,2.5,0.0
1,2021-11-01 00:08:25,2021-11-01 00:17:41,1.0,1.9,1.0,N,234,230,1,9.0,3.0,0.5,2.55,0.0,0.3,15.35,2.5,0.0
1,2021-11-01 00:51:00,2021-11-01 00:59:57,1.0,3.0,1.0,N,249,33,1,10.5,3.0,0.5,3.55,0.0,0.3,17.85,2.5,0.0
1,2021-11-01 00:05:41,2021-11-01 00:33:10,2.0,10.6,1.0,N,132,37,3,31.5,1.75,0.5,0.0,0.0,0.3,34.05,0.0,1.25
2,2021-11-01 00:12:54,2021-11-01 00:46:30,2.0,19.51,2.0,N,132,142,1,52.0,0.0,0.5,9.46,6.55,0.3,72.56,2.5,1.25
2,2021-11-01 00:59:05,2021-11-01 01:17:09,3.0,3.97,1.0,N,163,148,1,16.0,0.5,0.5,3.96,0.0,0.3,23.76,2.5,0.0
2,2021-11-01 00:23:16,2021-11-01 00:34:13,2.0,2.36,1.0,N,148,90,1,10.5,0.5,0.5,2.86,0.0,0.3,17.16,2.5,0.0
2,2021-11-01 00:36:37,2021-11-01 00:46:14,1.0,2.84,1.0,N,90,239,1,10.5,0.5,0.5,2.86,0.0,0.3,17.16,2.5,0.0
2,2021-11-01 00:50:10,2021-11-01 00:53:47,1.0,1.0,1.0,N,142,48,1,5.0,0.5,0.5,1.76,0.0,0.3,10.56,2.5,0.0
2,2021-11-01 00:03:07,2021-11-01 00:23:37,2.0,4.77,1.0,N,68,255,1,17.5,0.5,0.5,4.26,0.0,0.3,25.56,2.5,0.0
2,2021-11-01 00:00:26,2021-11-01 00:04:27,2.0,0.96,1.0,N,107,107,1,5.5,0.5,0.5,2.79,0.0,0.3,12.09,2.5,0.0
2,2021-11-01 00:12:56,2021-11-01 00:36:42,2.0,7.06,1.0,N,144,7,2,22.5,0.5,0.5,0.0,0.0,0.3,26.3,2.5,0.0
2,2021-11-01 00:55:27,2021-11-01 01:14:37,2.0,8.27,1.0,N,107,74,1,25.5,0.5,0.5,1.0,0.0,0.3,30.3,2.5,0.0
1,2021-11-01 00:07:11,2021-11-01 00:19:27,1.0,3.0,1.0,N,114,229,2,11.5,3.0,0.5,0.0,0.0,0.3,15.3,2.5,0.0
1,2021-11-01 00:44:38,2021-11-01 00:50:38,1.0,0.9,1.0,N,231,114,1,6.0,3.0,0.5,2.9,0.0,0.3,12.7,2.5,0.0
1,2021-11-01 00:52:09,2021-11-01 00:59:39,1.0,2.7,1.0,N,144,229,1,9.5,3.0,0.5,2.65,0.0,0.3,15.95,2.5,0.0
1,2021-11-01 00:04:14,2021-11-01 00:28:47,2.0,6.5,1.0,N,148,61,1,23.0,3.0,0.5,5.35,0.0,0.3,32.15,2.5,0.0
1,2021-11-01 00:31:21,2021-11-01 00:46:51,1.0,3.1,1.0,N,61,85,1,13.0,0.5,0.5,2.85,0.0,0.3,17.15,0.0,0.0
2,2021-11-01 00:09:26,2021-11-01 00:13:55,1.0,1.07,1.0,N,79,234,1,5.5,0.5,0.5,5.0,0.0,0.3,14.3,2.5,0.0
2,2021-11-01 00:26:43,2021-11-01 01:01:59,2.0,11.62,1.0,N,107,7,2,34.5,0.5,0.5,0.0,0.0,0.3,38.3,2.5,0.0
2,2021-11-01 00:15:13,2021-11-01 00:30:04,1.0,3.04,1.0,N,232,68,1,13.0,0.5,0.5,1.2,0.0,0.3,18.0,2.5,0.0
2,2021-11-01 00:37:28,2021-11-01 00:45:02,4.0,1.73,1.0,N,90,230,1,7.5,0.5,0.5,2.26,0.0,0.3,13.56,2.5,0.0
2,2021-11-01 00:24:12,2021-11-01 00:47:37,1.0,11.21,1.0,N,138,73,1,32.5,0.5,0.5,6.76,0.0,0.3,41.81,0.0,1.25
2,2021-11-01 00:10:42,2021-11-01 00:18:53,1.0,2.74,1.0,N,113,141,1,9.5,0.5,0.5,2.66,0.0,0.3,15.96,2.5,0.0
2,2021-11-01 00:32:32,2021-11-01 00:41:16,1.0,3.07,1.0,N,79,145,1,10.5,0.5,0.5,4.17,6.55,0.3,25.02,2.5,0.0
2,2021-11-01 00:40:36,2021-11-01 00:57:22,1.0,4.9,1.0,N,48,88,1,17.0,0.5,0.5,2.0,0.0,0.3,22.8,2.5,0.0
2,2021-11-01 00:02:30,2021-11-01 00:12:21,2.0,3.05,1.0,N,163,166,2,11.0,0.5,0.5,0.0,0.0,0.3,14.8,2.5,0.0
2,2021-11-01 00:47:36,2021-11-01 00:51:29,2.0,1.17,1.0,N,186,163,1,5.5,0.5,0.5,2.5,0.0,0.3,11.8,2.5,0.0
2,2021-11-01 00:59:27,2021-11-01 01:11:54,3.0,2.04,1.0,N,230,141,2,9.5,0.5,0.5,0.0,0.0,0.3,13.3,2.5,0.0
1,2021-11-01 00:18:10,2021-11-01 00:40:10,1.0,5.4,1.0,N,164,7,2,19.5,3.0,0.5,0.0,0.0,0.3,23.3,2.5,0.0
2,2021-11-01 00:15:16,2021-11-01 00:24:08,1.0,1.48,1.0,N,90,224,1,8.0,0.5,0.5,2.36,0.0,0.3,14.16,2.5,0.0
2,2021-11-01 00:28:04,2021-11-01 00:41:45,1.0,2.58,1.0,N,224,246,1,11.5,0.5,0.5,3.06,0.0,0.3,18.36,2.5,0.0
2,2021-11-01 00:29:13,2021-11-01 00:35:59,1.0,2.02,1.0,N,138,260,1,8.5,0.5,0.5,2.21,0.0,0.3,13.26,0.0,1.25
2,2021-11-01 00:27:08,2021-11-01 01:00:17,2.0,18.96,2.0,N,132,249,1,52.0,0.0,0.5,12.37,6.55,0.3,75.47,2.5,1.25
2,2021-11-01 00:24:51,2021-11-01 00:43:51,1.0,6.11,1.0,N,114,74,1,19.0,0.5,0.5,4.56,0.0,0.3,27.36,2.5,0.0
2,2021-11-01 00:44:26,2021-11-01 00:50:48,1.0,1.54,1.0,N,74,42,1,7.0,0.5,0.5,2.08,0.0,0.3,10.38,0.0,0.0
1,2021-11-01 00:20:04,2021-11-01 00:28:06,1.0,1.7,1.0,N,140,162,1,8.0,3.0,0.5,2.95,0.0,0.3,14.75,2.5,0.0
1,2021-11-01 00:04:58,2021-11-01 00:10:09,1.0,1.1,1.0,N,170,230,1,6.0,3.0,0.5,1.96,0.0,0.3,11.76,2.5,0.0
1,2021-11-01 00:12:49,2021-11-01 00:22:46,1.0,1.1,1.0,N,230,162,1,8.0,3.0,0.5,2.35,0.0,0.3,14.15,2.5,0.0
1,2021-11-01 00:29:02,2021-11-01 00:41:48,1.0,4.2,1.0,N,230,74,2,13.5,3.0,0.5,0.0,0.0,0.3,17.3,2.5,0.0
1,2021-11-01 00:49:01,2021-11-01 00:51:18,1.0,0.6,1.0,N,141,141,1,4.0,3.0,0.5,1.0,0.0,0.3,8.8,2.5,0.0
1,2021-11-01 00:54:57,2021-11-01 00:58:33,1.0,0.8,1.0,N,141,229,1,5.0,3.0,0.5,1.75,0.0,0.3,10.55,2.5,0.0
2,2021-11-01 00:28:10,2021-11-01 00:36:26,1.0,2.35,1.0,N,170,236,2,9.0,0.5,0.5,0.0,0.0,0.3,12.8,2.5,0.0
2,2021-11-01 00:41:40,2021-11-01 00:52:25,1.0,3.95,1.0,N,236,226,2,13.0,0.5,0.5,0.0,0.0,0.3,16.8,2.5,0.0
2,2021-11-01 00:26:59,2021-11-01 00:35:04,1.0,2.13,1.0,N,125,261,1,8.5,0.5,0.5,3.08,0.0,0.3,15.38,2.5,0.0
1,2021-11-01 00:01:05,2021-11-01 00:02:10,1.0,0.5,1.0,N,75,75,1,3.5,0.5,0.5,0.0,0.0,0.3,4.8,0.0,0.0
1,2021-11-01 00:15:26,2021-11-01 00:20:20,1.0,1.6,1.0,N,229,263,1,6.5,3.0,0.5,1.2,0.0,0.3,11.5,2.5,0.0
1,2021-11-01 00:33:38,2021-11-01 00:44:38,1.0,3.2,1.0,N,140,145,2,11.5,3.0,0.5,0.0,0.0,0.3,15.3,2.5,0.0
2,2021-11-01 00:05:13,2021-11-01 00:15:01,1.0,5.08,1.0,N,132,219,2,16.0,0.5,0.5,0.0,0.0,0.3,18.55,0.0,1.25
2,2021-11-01 00:17:35,2021-11-01 00:58:42,1.0,32.74,5.0,N,219,265,1,150.0,0.0,0.0,0.0,18.3,0.3,168.6,0.0,0.0
1,2021-11-01 00:17:12,2021-11-01 00:25:52,1.0,2.7,1.0,N,237,234,1,10.5,3.0,0.5,2.85,0.0,0.3,17.15,2.5,0.0
1,2021-11-01 00:39:18,2021-11-01 00:44:36,1.0,0.9,1.0,N,231,45,2,5.5,3.0,0.5,0.0,0.0,0.3,9.3,2.5,0.0
1,2021-11-01 00:15:01,2021-11-01 00:31:38,1.0,1.6,1.0,N,68,211,1,11.5,3.0,0.5,1.0,0.0,0.3,16.3,2.5,0.0
1,2021-11-01 00:36:34,2021-11-01 00:56:09,1.0,5.0,1.0,N,125,140,1,17.5,3.0,0.5,4.26,0.0,0.3,25.56,2.5,0.0
2,2021-11-01 00:09:24,2021-11-01 00:19:30,1.0,2.18,1.0,N,48,249,1,9.5,0.5,0.5,2.0,0.0,0.3,15.3,2.5,0.0
2,2021-11-01 00:22:00,2021-11-01 00:31:45,1.0,1.72,1.0,N,249,79,1,8.5,0.5,0.5,2.46,0.0,0.3,14.76,2.5,0.0
2,2021-11-01 00:41:23,2021-11-01 00:53:27,1.0,5.01,1.0,N,148,262,2,16.0,0.5,0.5,0.0,0.0,0.3,19.8,2.5,0.0
2,2021-11-01 00:58:08,2021-11-01 01:02:09,1.0,1.18,1.0,N,263,141,1,5.5,0.5,0.5,1.86,0.0,0.3,11.16,2.5,0.0
2,2021-11-01 00:11:24,2021-11-01 00:19:27,1.0,1.69,1.0,N,151,75,2,8.0,0.5,0.5,0.0,0.0,0.3,9.3,0.0,0.0
2,2021-11-01 00:26:29,2021-11-01 00:48:27,1.0,15.54,1.0,N,132,80,1,42.0,0.5,0.5,8.0,0.0,0.3,52.55,0.0,1.25
2,2021-11-01 00:05:04,2021-11-01 00:11:33,1.0,1.24,1.0,N,239,24,1,7.0,0.5,0.5,2.16,0.0,0.3,12.96,2.5,0.0
2,2021-11-01 00:04:41,2021-11-01 00:12:07,1.0,1.08,1.0,N,90,68,2,6.5,0.5,0.5,0.0,0.0,0.3,10.3,2.5,0.0
2,2021-11-01 00:24:24,2021-11-01 00:30:20,1.0,1.24,1.0,N,234,230,1,6.5,0.5,0.5,5.0,0.0,0.3,15.3,2.5,0.0
2,2021-11-01 00:34:56,2021-11-01 00:40:33,1.0,1.4,1.0,N,48,170,1,6.5,0.5,0.5,2.06,0.0,0.3,12.36,2.5,0.0
2,2021-11-01 00:52:25,2021-11-01 00:55:32,1.0,0.91,1.0,N,68,68,1,5.0,0.5,0.5,0.0,0.0,0.3,8.8,2.5,0.0
2,2021-11-01 00:09:51,2021-11-01 00:23:13,1.0,8.86,1.0,N,70,140,1,24.5,0.5,0.5,3.61,6.55,0.3,39.71,2.5,1.25
1,2021-11-01 00:32:45,2021-11-01 00:36:38,1.0,1.1,1.0,N,144,261,1,5.5,3.0,0.5,1.85,0.0,0.3,11.15,2.5,0.0
1,2021-11-01 00:42:52,2021-11-01 00:57:39,1.0,4.5,1.0,N,231,181,1,15.5,3.0,0.5,4.0,0.0,0.3,23.3,2.5,0.0
2,2021-11-01 00:08:33,2021-11-01 00:40:06,1.0,17.55,2.0,N,132,163,1,52.0,0.0,0.5,11.06,0.0,0.3,67.61,2.5,1.25
1,2021-11-01 00:09:31,2021-11-01 00:18:41,2.0,2.0,1.0,N,234,246,1,8.5,3.0,0.5,2.45,0.0,0.3,14.75,2.5,0.0
1,2021-11-01 00:52:58,2021-11-01 01:09:31,1.0,4.9,1.0,N,68,262,2,17.0,3.0,0.5,0.0,0.0,0.3,20.8,2.5,0.0
1,2021-11-01 00:31:49,2021-11-01 00:43:50,2.0,3.5,1.0,N,238,170,1,12.5,3.0,0.5,2.0,0.0,0.3,18.3,2.5,0.0
1,2021-11-01 00:51:03,2021-11-01 00:59:24,2.0,2.0,1.0,N,113,164,2,8.5,3.0,0.5,0.0,0.0,0.3,12.3,2.5,0.0
1,2021-11-01 00:31:36,2021-11-01 00:43:40,1.0,8.4,1.0,N,138,137,1,23.5,3.0,0.5,6.75,6.55,0.3,40.6,2.5,0.0
1,2021-11-01 00:50:02,2021-11-01 01:00:10,1.0,1.6,1.0,N,164,233,1,9.0,3.0,0.5,1.0,0.0,0.3,13.8,2.5,0.0
2,2021-11-01 00:01:42,2021-11-01 00:12:19,1.0,5.79,1.0,N,132,28,2,17.5,0.5,0.5,0.0,0.0,0.3,20.05,0.0,1.25
1,2021-11-01 00:20:58,2021-11-01 00:25:17,1.0,0.8,1.0,N,164,90,1,5.5,3.0,0.5,1.85,0.0,0.3,11.15,2.5,0.0
1,2021-11-01 00:41:34,2021-11-01 00:47:54,1.0,1.1,1.0,N,79,234,1,6.5,3.0,0.5,2.05,0.0,0.3,12.35,2.5,0.0
2,2021-10-31 23:52:10,2021-11-01 00:07:48,1.0,4.49,1.0,N,140,152,1,15.5,0.5,0.5,3.86,0.0,0.3,23.16,2.5,0.0
2,2021-11-01 00:26:33,2021-11-01 00:31:12,4.0,1.12,1.0,N,79,113,1,5.5,0.5,0.5,2.33,0.0,0.3,11.63,2.5,0.0
2,2021-11-01 00:03:11,2021-11-01 00:13:43,1.0,2.16,1.0,N,186,79,2,9.5,0.5,0.5,0.0,0.0,0.3,13.3,2.5,0.0
2,2021-11-01 00:24:46,2021-11-01 00:31:43,3.0,0.91,1.0,N,107,164,1,6.5,0.5,0.5,2.58,0.0,0.3,12.88,2.5,0.0
2,2021-11-01 00:03:51,2021-11-01 00:12:18,3.0,2.1,1.0,N,48,239,1,9.0,0.5,0.5,2.56,0.0,0.3,15.36,2.5,0.0
2,2021-11-01 00:20:19,2021-11-01 00:32:28,2.0,2.97,1.0,N,142,236,1,12.0,0.5,0.5,1.0,0.0,0.3,16.8,2.5,0.0
2,2021-11-01 00:48:42,2021-11-01 00:53:29,2.0,2.01,1.0,N,79,233,1,7.5,0.5,0.5,2.0,0.0,0.3,13.3,2.5,0.0
2,2021-11-01 00:41:22,2021-11-01 00:45:13,2.0,0.77,1.0,N,263,75,1,5.0,0.5,0.5,0.0,0.0,0.3,8.8,2.5,0.0
2,2021-11-01 00:44:49,2021-11-01 00:51:44,1.0,1.48,1.0,N,148,87,1,7.5,0.5,0.5,0.0,0.0,0.3,11.3,2.5,0.0
2,2021-11-01 00:56:38,2021-11-01 01:05:16,1.0,3.04,1.0,N,261,107,1,10.5,0.5,0.5,2.86,0.0,0.3,17.16,2.5,0.0
1,2021-11-01 00:11:01,2021-11-01 00:26:43,2.0,5.9,1.0,N,132,216,2,19.5,1.75,0.5,0.0,0.0,0.3,22.05,0.0,1.25
1,2021-11-01 00:03:35,2021-11-01 00:18:34,1.0,4.3,1.0,N,116,127,2,16.0,0.5,0.5,0.0,0.0,0.3,17.3,0.0,0.0
1,2021-11-01 00:57:07,2021-11-01 01:01:13,1.0,0.6,1.0,N,48,230,1,5.0,3.0,0.5,1.75,0.0,0.3,10.55,2.5,0.0
2,2021-11-01 00:21:51,2021-11-01 00:26:42,1.0,1.33,1.0,N,79,170,1,6.0,0.5,0.5,0.98,0.0,0.3,10.78,2.5,0.0
2,2021-11-01 00:28:31,2021-11-01 00:40:42,1.0,2.09,1.0,N,170,50,1,10.0,0.5,0.5,2.76,0.0,0.3,16.56,2.5,0.0
2,2021-11-01 00:59:53,2021-11-01 01:05:00,1.0,1.19,1.0,N,48,186,1,6.0,0.5,0.5,1.96,0.0,0.3,11.76,2.5,0.0
1,2021-11-01 00:11:23,2021-11-01 00:17:05,2.0,0.9,1.0,N,75,74,1,6.0,0.5,0.5,1.0,0.0,0.3,8.3,0.0,0.0
1,2021-11-01 00:33:37,2021-11-01 00:41:14,2.0,1.1,1.0,N,234,211,1,6.5,3.0,0.5,3.0,0.0,0.3,13.3,2.5,0.0
1,2021-11-01 00:46:54,2021-11-01 01:02:42,1.0,7.1,1.0,N,125,262,2,22.0,3.0,0.5,0.0,0.0,0.3,25.8,2.5,0.0
1,2021-11-01 00:04:08,2021-11-01 00:13:57,2.0,2.3,1.0,N,230,239,2,9.5,3.0,0.5,0.0,0.0,0.3,13.3,2.5,0.0
1,2021-11-01 00:18:16,2021-11-01 00:23:11,2.0,1.4,1.0,N,239,24,1,6.0,3.0,0.5,1.95,0.0,0.3,11.75,2.5,0.0
1,2021-11-01 00:35:53,2021-11-01 00:40:58,1.0,1.0,1.0,N,143,48,1,6.0,3.0,0.5,0.02,0.0,0.3,9.82,2.5,0.0
1,2021-11-01 00:51:55,2021-11-01 01:01:45,1.0,1.9,1.0,N,163,141,1,9.0,3.0,0.5,2.55,0.0,0.3,15.35,2.5,0.0
2,2021-11-01 00:03:25,2021-11-01 00:09:08,1.0,0.65,1.0,N,68,158,2,5.5,0.5,0.5,0.0,0.0,0.3,9.3,2.5,0.0
2,2021-11-01 00:09:45,2021-11-01 00:15:25,1.0,1.02,1.0,N,158,90,1,6.0,0.5,0.5,1.96,0.0,0.3,11.76,2.5,0.0
2,2021-11-01 00:22:09,2021-11-01 00:25:12,1.0,0.74,1.0,N,249,68,2,4.5,0.5,0.5,0.0,0.0,0.3,8.3,2.5,0.0
2,2021-11-01 00:27:38,2021-11-01 00:57:07,1.0,7.89,1.0,N,90,42,2,27.5,0.5,0.5,0.0,0.0,0.3,31.3,2.5,0.0
1,2021-11-01 00:39:50,2021-11-01 01:05:15,3.0,5.5,1.0,N,148,61,1,21.0,3.0,0.5,5.2,0.0,0.3,30.0,2.5,0.0
2,2021-11-01 00:20:12,2021-11-01 00:26:27,1.0,1.12,1.0,N,148,107,1,6.5,0.5,0.5,2.06,0.0,0.3,12.36,2.5,0.0
2,2021-11-01 00:31:35,2021-11-01 00:36:23,1.0,1.85,1.0,N,79,233,2,7.0,0.5,0.5,0.0,0.0,0.3,10.8,2.5,0.0
2,2021-11-01 00:45:41,2021-11-01 00:49:20,1.0,0.38,1.0,N,79,148,1,4.5,0.5,0.5,1.66,0.0,0.3,9.96,2.5,0.0
2,2021-11-01 00:50:32,2021-11-01 01:04:27,1.0,6.52,1.0,N,148,263,1,20.0,0.5,0.5,3.0,0.0,0.3,26.8,2.5,0.0
2,2021-10-31 23:58:33,2021-11-01 00:29:06,3.0,18.53,2.0,N,132,230,1,52.0,0.0,0.5,7.0,6.55,0.3,70.1,2.5,1.25
2,2021-11-01 00:40:48,2021-11-01 00:45:37,3.0,1.01,1.0,N,234,79,1,5.5,0.5,0.5,1.86,0.0,0.3,11.16,2.5,0.0
1,2021-11-01 00:04:02,2021-11-01 00:09:19,2.0,1.4,1.0,N,249,68,1,6.5,3.0,0.5,2.05,0.0,0.3,12.35,2.5,0.0
1,2021-11-01 00:21:23,2021-11-01 00:38:03,2.0,3.7,1.0,Y,249,97,1,15.0,3.0,0.5,3.75,0.0,0.3,22.55,2.5,0.0
1,2021-11-01 00:51:08,2021-11-01 01:09:40,1.0,4.9,1.0,N,249,263,1,17.5,3.0,0.5,3.0,0.0,0.3,24.3,2.5,0.0
2,2021-11-01 00:06:56,2021-11-01 00:10:14,6.0,0.74,1.0,N,143,142,2,4.5,0.5,0.5,0.0,0.0,0.3,8.3,2.5,0.0
1,2021-11-01 00:20:54,2021-11-01 01:04:48,1.0,15.7,1.0,N,132,181,1,47.5,1.75,0.5,10.0,0.0,0.3,60.05,0.0,1.25
2,2021-11-01 00:04:00,2021-11-01 00:08:53,1.0,1.03,1.0,N,90,107,2,6.0,0.5,0.5,0.0,0.0,0.3,9.8,2.5,0.0
2,2021-11-01 00:11:05,2021-11-01 00:18:01,1.0,1.84,1.0,N,107,233,1,8.0,0.5,0.5,2.36,0.0,0.3,14.16,2.5,0.0
2,2021-11-01 00:24:27,2021-11-01 00:28:29,1.0,0.67,1.0,N,79,114,2,5.0,0.5,0.5,0.0,0.0,0.3,8.8,2.5,0.0
2,2021-11-01 00:35:09,2021-11-01 00:48:59,1.0,3.95,1.0,N,114,249,1,14.0,0.5,0.5,3.56,0.0,0.3,21.36,2.5,0.0
2,2021-11-01 00:03:27,2021-11-01 00:15:59,1.0,2.54,1.0,N,166,142,1,11.5,0.5,0.5,3.06,0.0,0.3,18.36,2.5,0.0
2,2021-11-01 00:26:49,2021-11-01 00:36:58,3.0,2.79,1.0,N,161,238,1,10.5,0.5,0.5,2.86,0.0,0.3,17.16,2.5,0.0
2,2021-11-01 00:51:14,2021-11-01 01:00:52,1.0,2.26,1.0,N,161,68,1,9.0,0.5,0.5,2.56,0.0,0.3,15.36,2.5,0.0
2,2021-11-01 00:27:23,2021-11-01 00:38:33,1.0,1.17,1.0,N,249,79,1,8.5,0.5,0.5,2.46,0.0,0.3,14.76,2.5,0.0
1,2021-11-01 00:13:20,2021-11-01 00:21:19,1.0,1.3,1.0,N,107,68,1,7.5,3.0,0.5,1.5,0.0,0.3,12.8,2.5,0.0
1,2021-11-01 00:24:35,2021-11-01 00:31:24,2.0,1.7,1.0,N,246,170,2,7.5,3.0,0.5,0.0,0.0,0.3,11.3,2.5,0.0
1,2021-11-01 00:40:36,2021-11-01 00:53:22,2.0,3.0,1.0,N,79,13,1,12.0,3.0,0.5,3.15,0.0,0.3,18.95,2.5,0.0
1,2021-11-01 00:00:47,2021-11-01 00:09:53,1.0,2.8,1.0,N,137,263,2,10.5,3.0,0.5,0.0,0.0,0.3,14.3,2.5,0.0
2,2021-11-01 00:48:01,2021-11-01 01:03:22,1.0,3.27,1.0,N,148,66,1,13.5,0.5,0.5,3.46,0.0,0.3,20.76,2.5,0.0
2,2021-11-01 00:33:40,2021-11-01 00:52:19,5.0,5.02,1.0,N,143,87,1,17.5,0.5,0.5,4.26,0.0,0.3,25.56,2.5,0.0
1,2021-11-01 00:38:23,2021-11-01 00:54:14,2.0,9.1,1.0,N,70,237,1,26.5,3.0,0.5,7.35,6.55,0.3,44.2,2.5,0.0
2,2021-11-01 00:00:37,2021-11-01 00:16:34,3.0,6.03,1.0,N,236,244,2,19.5,0.5,0.5,0.0,0.0,0.3,23.3,2.5,0.0
2,2021-11-01 00:40:35,2021-11-01 00:44:26,2.0,0.72,1.0,N,237,237,2,5.0,0.5,0.5,0.0,0.0,0.3,8.8,2.5,0.0
1,2021-11-01 00:16:12,2021-11-01 00:21:44,2.0,0.9,1.0,N,238,239,1,6.0,3.0,0.0,1.85,0.0,0.3,11.15,2.5,0.0
1,2021-11-01 00:34:09,2021-11-01 00:41:12,1.0,0.8,1.0,N,230,50,2,6.5,3.0,0.0,0.0,0.0,0.3,9.8,2.5,0.0
1,2021-11-01 00:59:14,2021-11-01 01:26:22,1.0,10.3,1.0,N,68,22,1,31.0,3.0,0.0,3.0,0.0,0.3,37.3,2.5,0.0
1,2021-11-01 00:04:01,2021-11-01 00:17:48,1.0,2.9,1.0,N,90,143,1,12.5,3.0,0.5,1.0,0.0,0.3,17.3,2.5,0.0
1,2021-11-01 00:47:24,2021-11-01 00:52:06,1.0,1.1,1.0,N,246,246,1,5.5,3.0,0.5,2.75,0.0,0.3,12.05,2.5,0.0
2,2021-10-31 23:50:22,2021-10-31 23:54:45,1.0,1.15,1.0,N,226,7,2,6.0,0.5,0.5,0.0,0.0,0.3,7.3,0.0,0.0
2,2021-11-01 00:29:40,2021-11-01 00:37:30,1.0,1.72,1.0,N,137,90,1,8.0,0.5,0.5,3.54,0.0,0.3,15.34,2.5,0.0
2,2021-11-01 00:41:44,2021-11-01 01:02:32,1.0,7.7,1.0,N,90,116,1,24.5,0.5,0.5,3.0,0.0,0.3,31.3,2.5,0.0
1,2021-11-01 00:35:42,2021-11-01 00:45:01,2.0,2.1,1.0,Y,148,90,1,9.0,3.0,0.5,3.0,0.0,0.3,15.8,2.5,0.0
1,2021-11-01 00:47:03,2021-11-01 00:52:39,1.0,1.8,1.0,N,90,48,1,7.0,3.0,0.5,2.15,0.0,0.3,12.95,2.5,0.0
1,2021-11-01 00:57:34,2021-11-01 01:08:49,1.0,3.3,1.0,N,264,236,1,12.0,3.0,0.5,4.7,0.0,0.3,20.5,2.5,0.0
2,2021-10-31 23:59:37,2021-11-01 00:11:26,1.0,2.65,1.0,N,236,143,1,11.0,0.5,0.5,2.96,0.0,0.3,17.76,2.5,0.0
2,2021-11-01 00:20:58,2021-11-01 00:36:23,1.0,3.71,1.0,N,161,226,2,14.0,0.5,0.5,0.0,0.0,0.3,17.8,2.5,0.0
1,2021-11-01 00:55:26,2021-11-01 00:57:24,1.0,0.7,1.0,N,263,263,1,4.0,3.0,0.5,2.0,0.0,0.3,9.8,2.5,0.0
2,2021-11-01 00:05:27,2021-11-01 00:15:07,3.0,1.49,1.0,N,100,163,1,8.5,0.5,0.5,1.84,0.0,0.3,14.14,2.5,0.0
2,2021-11-01 00:30:12,2021-11-01 00:35:09,3.0,0.98,1.0,N,68,249,2,5.5,0.5,0.5,0.0,0.0,0.3,9.3,2.5,0.0
2,2021-11-01 00:37:58,2021-11-01 00:51:35,3.0,2.48,1.0,N,249,233,1,11.5,0.5,0.5,2.75,0.0,0.3,18.05,2.5,0.0
2,2021-11-01 00:15:27,2021-11-01 00:26:58,3.0,2.22,1.0,N,164,141,2,10.0,0.5,0.5,0.0,0.0,0.3,13.8,2.5,0.0
2,2021-11-01 00:52:37,2021-11-01 01:03:16,1.0,3.3,1.0,N,161,263,1,11.5,0.5,0.5,1.0,0.0,0.3,16.3,2.5,0.0
2,2021-11-01 00:10:21,2021-11-01 00:45:14,2.0,20.86,2.0,N,132,237,1,52.0,0.0,0.5,15.78,6.55,0.3,78.88,2.5,1.25
2,2021-11-01 00:09:22,2021-11-01 00:15:14,2.0,1.33,1.0,N,237,262,2,6.5,0.5,0.5,0.0,0.0,0.3,10.3,2.5,0.0
2,2021-11-01 00:51:27,2021-11-01 00:51:48,2.0,0.0,1.0,N,113,113,4,-2.5,-0.5,-0.5,0.0,0.0,-0.3,-6.3,-2.5,0.0
2,2021-11-01 00:51:27,2021-11-01 00:51:48,2.0,0.0,1.0,N,113,113,2,2.5,0.5,0.5,0.0,0.0,0.3,6.3,2.5,0.0
2,2021-11-01 00:49:14,2021-11-01 00:55:57,1.0,1.97,1.0,N,249,261,1,7.5,0.5,0.5,2.26,0.0,0.3,13.56,2.5,0.0
1,2021-11-01 00:01:51,2021-11-01 00:24:05,1.0,5.8,1.0,N,186,7,1,20.0,3.0,0.5,4.75,0.0,0.3,28.55,2.5,0.0
1,2021-11-01 00:46:27,2021-11-01 00:54:32,2.0,2.3,1.0,N,79,170,1,9.0,3.0,0.5,2.55,0.0,0.3,15.35,2.5,0.0
2,2021-11-01 00:14:15,2021-11-01 00:17:56,1.0,0.62,1.0,N,231,87,1,4.5,0.5,0.5,1.66,0.0,0.3,9.96,2.5,0.0
2,2021-11-01 00:21:24,2021-11-01 00:38:57,1.0,5.06,1.0,N,87,188,1,18.0,0.5,0.5,6.54,0.0,0.3,28.34,2.5,0.0
2,2021-11-01 00:23:30,2021-11-01 00:39:46,1.0,3.38,1.0,N,162,263,2,13.5,0.5,0.5,0.0,0.0,0.3,17.3,2.5,0.0
2,2021-11-01 00:41:45,2021-11-01 00:57:33,1.0,3.49,1.0,N,263,186,2,14.0,0.5,0.5,0.0,0.0,0.3,17.8,2.5,0.0
2,2021-11-01 00:37:33,2021-11-01 01:03:47,1.0,10.47,1.0,N,264,182,2,33.0,0.5,0.5,0.0,6.55,0.3,42.1,0.0,1.25
2,2021-11-01 00:20:13,2021-11-01 00:20:20,4.0,0.0,5.0,N,21,21,1,15.0,0.0,0.0,0.0,0.0,0.3,15.3,0.0,0.0
2,2021-11-01 00:52:10,2021-11-01 01:03:42,1.0,2.69,1.0,N,211,100,1,11.0,0.5,0.5,2.96,0.0,0.3,17.76,2.5,0.0
1,2021-11-01 00:05:22,2021-11-01 00:14:37,1.0,1.3,1.0,N,90,230,2,7.5,3.0,0.5,0.0,0.0,0.3,11.3,2.5,0.0
2,2021-11-01 00:03:43,2021-11-01 00:09:11,1.0,0.66,1.0,N,79,4,2,5.5,0.5,0.5,0.0,0.0,0.3,9.3,2.5,0.0
1,2021-11-01 00:35:13,2021-11-01 00:51:08,1.0,3.8,1.0,N,142,231,2,14.0,3.0,0.5,0.0,0.0,0.3,17.8,2.5,0.0
2,2021-11-01 00:11:57,2021-11-01 00:28:54,1.0,3.75,1.0,N,142,152,1,15.5,0.5,0.5,3.86,0.0,0.3,23.16,2.5,0.0
2,2021-11-01 00:38:15,2021-11-01 00:53:01,1.0,5.18,1.0,N,166,68,1,17.5,0.5,0.5,4.26,0.0,0.3,25.56,2.5,0.0
2,2021-11-01 00:56:36,2021-11-01 01:10:39,1.0,2.95,1.0,N,48,79,1,12.5,0.5,0.5,1.0,0.0,0.3,17.3,2.5,0.0
2,2021-11-01 00:00:37,2021-11-01 00:15:13,1.0,5.18,1.0,N,138,226,1,17.5,0.5,0.5,4.01,0.0,0.3,24.06,0.0,1.25
2,2021-11-01 00:57:19,2021-11-01 01:03:54,2.0,1.32,1.0,N,68,48,1,6.5,0.5,0.5,2.58,0.0,0.3,12.88,2.5,0.0
2,2021-10-31 23:59:43,2021-11-01 00:15:34,1.0,8.33,1.0,N,138,140,2,24.5,0.5,0.5,0.0,0.0,0.3,29.55,2.5,1.25
2,2021-11-01 00:34:00,2021-11-01 01:02:02,5.0,6.57,1.0,N,249,61,2,24.0,0.5,0.5,0.0,0.0,0.3,27.8,2.5,0.0
2,2021-11-01 00:11:57,2021-11-01 00:38:44,1.0,17.55,2.0,N,132,141,1,52.0,0.0,0.5,7.0,0.0,0.3,63.55,2.5,1.25
2,2021-11-01 00:40:38,2021-11-01 00:55:48,1.0,4.63,1.0,N,141,112,1,15.5,0.5,0.5,3.86,0.0,0.3,23.16,2.5,0.0
2,2021-11-01 00:03:40,2021-11-01 00:20:42,1.0,5.78,1.0,N,4,49,1,19.0,0.5,0.5,4.56,0.0,0.3,27.36,2.5,0.0
2,2021-11-01 00:38:20,2021-11-01 00:47:05,1.0,1.63,1.0,N,232,125,1,8.0,0.5,0.5,3.54,0.0,0.3,15.34,2.5,0.0
2,2021-11-01 00:55:22,2021-11-01 00:57:52,1.0,0.8,1.0,N,186,48,1,4.5,0.5,0.5,1.0,0.0,0.3,9.3,2.5,0.0
1,2021-11-01 00:17:23,2021-11-01 00:30:57,1.0,4.0,1.0,N,232,181,1,14.5,3.0,0.5,3.65,0.0,0.3,21.95,2.5,0.0
1,2021-11-01 00:44:56,2021-11-01 01:02:44,1.0,4.9,1.0,N,97,72,2,17.0,0.5,0.5,0.0,0.0,0.3,18.3,0.0,0.0
2,2021-11-01 00:02:33,2021-11-01 00:10:20,1.0,2.42,1.0,N,107,141,1,9.0,0.5,0.5,2.56,0.0,0.3,15.36,2.5,0.0
1,2021-11-01 00:27:58,2021-11-01 00:34:29,2.0,1.2,1.0,Y,113,164,1,7.0,3.0,0.5,1.5,0.0,0.3,12.3,2.5,0.0
2,2021-11-01 00:02:29,2021-11-01 00:07:58,1.0,1.16,1.0,N,68,100,1,6.0,0.5,0.5,1.96,0.0,0.3,11.76,2.5,0.0
2,2021-11-01 00:22:40,2021-11-01 00:30:48,1.0,1.7,1.0,N,170,162,1,8.0,0.5,0.5,1.77,0.0,0.3,13.57,2.5,0.0
2,2021-11-01 00:35:37,2021-11-01 00:47:52,1.0,3.91,5.0,N,263,142,1,12.95,0.0,0.5,1.71,0.0,0.3,17.96,2.5,0.0
2,2021-11-01 00:54:14,2021-11-01 01:28:37,1.0,13.15,1.0,N,230,123,2,38.0,0.5,0.5,0.0,0.0,0.3,41.8,2.5,0.0
1,2021-11-01 00:46:18,2021-11-01 00:48:50,0.0,0.7,1.0,N,68,48,1,4.5,3.0,0.5,1.65,0.0,0.3,9.95,2.5,0.0
2,2021-11-01 00:13:04,2021-11-01 00:35:53,1.0,10.57,1.0,N,138,163,2,31.5,0.5,0.5,0.0,6.55,0.3,43.1,2.5,1.25
2,2021-11-01 00:14:40,2021-11-01 00:26:33,2.0,7.57,1.0,N,50,243,1,22.0,0.5,0.5,5.16,0.0,0.3,30.96,2.5,0.0
1,2021-11-01 00:06:11,2021-11-01 00:13:22,1.0,1.2,1.0,N,162,48,1,6.5,3.0,0.5,1.55,0.0,0.3,11.85,2.5,0.0
1,2021-11-01 00:14:44,2021-11-01 00:27:46,2.0,2.8,1.0,N,48,114,1,11.5,3.0,0.5,3.05,0.0,0.3,18.35,2.5,0.0
1,2021-11-01 00:34:08,2021-11-01 00:44:33,2.0,2.5,1.0,N,114,246,1,10.0,3.0,0.5,0.0,0.0,0.3,13.8,2.5,0.0
1,2021-11-01 00:49:46,2021-11-01 00:53:18,2.0,0.8,1.0,N,50,143,1,5.0,3.0,0.5,1.0,0.0,0.3,9.8,2.5,0.0
1,2021-11-01 00:58:18,2021-11-01 01:03:17,1.0,0.9,1.0,N,48,142,1,5.5,3.0,0.5,0.93,0.0,0.3,10.23,2.5,0.0
1,2021-11-01 00:20:35,2021-11-01 00:53:06,2.0,19.5,2.0,N,132,87,1,52.0,3.75,0.5,11.3,0.0,0.3,67.85,2.5,1.25
1,2021-11-01 00:31:51,2021-11-01 00:43:13,1.0,1.6,1.0,N,148,125,1,9.0,3.0,0.5,2.55,0.0,0.3,15.35,2.5,0.0
1,2021-11-01 00:26:44,2021-11-01 00:37:20,1.0,3.1,1.0,N,148,97,1,11.5,3.0,0.5,3.05,0.0,0.3,18.35,2.5,0.0
1,2021-11-01 00:49:50,2021-11-01 00:55:19,1.0,0.6,1.0,N,148,148,1,5.5,3.0,0.5,1.85,0.0,0.3,11.15,2.5,0.0
1,2021-11-01 00:57:00,2021-11-01 01:13:48,2.0,4.4,1.0,N,232,48,1,16.5,3.0,0.5,4.05,0.0,0.3,24.35,2.5,0.0
2,2021-11-01 00:17:30,2021-11-01 00:25:50,1.0,1.53,1.0,N,186,229,1,8.0,0.5,0.5,2.36,0.0,0.3,14.16,2.5,0.0
2,2021-11-01 00:28:17,2021-11-01 00:35:39,1.0,0.97,1.0,N,229,230,2,6.5,0.5,0.5,0.0,0.0,0.3,10.3,2.5,0.0
2,2021-11-01 00:38:00,2021-11-01 00:57:19,1.0,5.29,1.0,N,230,260,1,18.5,0.5,0.5,6.69,0.0,0.3,28.99,2.5,0.0
2,2021-11-01 00:22:36,2021-11-01 00:33:10,2.0,3.09,1.0,N,142,152,1,11.0,0.5,0.5,2.66,0.0,0.3,17.46,2.5,0.0
2,2021-11-01 00:08:28,2021-11-01 00:22:37,1.0,3.11,1.0,N,231,48,1,12.5,0.5,0.5,3.26,0.0,0.3,19.56,2.5,0.0
2,2021-11-01 00:38:32,2021-11-01 00:41:43,1.0,0.81,1.0,N,50,68,1,4.5,0.5,0.5,1.5,0.0,0.3,9.8,2.5,0.0
2,2021-11-01 00:51:05,2021-11-01 01:10:50,1.0,6.47,1.0,N,230,168,1,21.5,0.5,0.5,5.06,0.0,0.3,30.36,2.5,0.0
2,2021-11-01 00:42:46,2021-11-01 00:45:13,1.0,0.76,1.0,N,48,142,1,4.5,0.5,0.5,2.08,0.0,0.3,10.38,2.5,0.0
2,2021-11-01 00:48:07,2021-11-01 01:08:35,1.0,5.53,1.0,N,48,223,1,19.5,0.5,0.5,6.99,0.0,0.3,30.29,2.5,0.0
1,2021-11-01 00:04:00,2021-11-01 00:19:35,2.0,4.8,1.0,N,263,107,1,16.0,3.0,0.5,2.97,0.0,0.3,22.77,2.5,0.0
2,2021-11-01 00:03:23,2021-11-01 00:03:28,1.0,0.0,5.0,N,180,264,1,75.5,0.0,0.5,0.07,0.0,0.0,76.07,0.0,0.0
2,2021-11-01 00:05:30,2021-11-01 00:13:01,1.0,1.25,1.0,N,141,230,1,7.0,0.5,0.5,2.16,0.0,0.3,12.96,2.5,0.0
2,2021-11-01 00:35:47,2021-11-01 00:46:09,1.0,1.77,1.0,N,186,79,1,9.0,0.5,0.5,2.56,0.0,0.3,15.36,2.5,0.0
2,2021-11-01 00:00:25,2021-11-01 00:15:31,1.0,5.23,1.0,N,148,262,1,18.0,0.5,0.5,2.0,0.0,0.3,23.8,2.5,0.0
2,2021-11-01 00:44:28,2021-11-01 00:47:49,1.0,0.88,1.0,N,186,50,1,4.5,0.5,0.5,1.66,0.0,0.3,9.96,2.5,0.0
2,2021-11-01 00:52:34,2021-11-01 00:57:54,1.0,1.08,1.0,N,246,234,1,6.0,0.5,0.5,1.75,0.0,0.3,11.55,2.5,0.0
2,2021-11-01 00:19:45,2021-11-01 00:25:30,1.0,0.68,1.0,N,230,48,1,5.5,0.5,0.5,0.0,0.0,0.3,9.3,2.5,0.0
2,2021-11-01 00:27:49,2021-11-01 00:41:36,1.0,2.83,1.0,N,48,114,2,11.5,0.5,0.5,0.0,0.0,0.3,15.3,2.5,0.0
2,2021-11-01 00:45:45,2021-11-01 00:56:07,1.0,1.6,1.0,N,114,158,1,8.5,0.5,0.5,2.46,0.0,0.3,14.76,2.5,0.0
2,2021-11-01 00:02:02,2021-11-01 00:13:00,2.0,3.12,1.0,N,234,261,1,11.0,0.5,0.5,2.96,0.0,0.3,17.76,2.5,0.0
2,2021-11-01 00:54:14,2021-11-01 01:02:30,1.0,2.99,1.0,N,161,249,2,10.5,0.5,0.5,0.0,0.0,0.3,14.3,2.5,0.0
2,2021-11-01 00:12:08,2021-11-01 00:34:24,2.0,9.36,1.0,N,264,238,1,28.0,0.5,0.5,7.67,6.55,0.3,46.02,2.5,0.0
2,2021-11-01 00:15:23,2021-11-01 00:38:27,1.0,12.11,1.0,N,264,189,1,34.5,0.5,0.5,5.56,0.0,0.3,42.61,0.0,1.25
2,2021-11-01 00:58:26,2021-11-01 01:05:17,1.0,1.29,1.0,N,148,231,1,6.5,0.5,0.5,2.06,0.0,0.3,12.36,2.5,0.0
1,2021-11-01 00:10:32,2021-11-01 00:37:04,1.0,17.6,2.0,N,132,107,1,52.0,3.75,0.5,12.6,6.55,0.3,75.7,2.5,1.25
1,2021-11-01 00:54:27,2021-11-01 01:00:37,3.0,0.9,1.0,N,137,164,1,6.0,3.0,0.5,0.0,0.0,0.3,9.8,2.5,0.0
2,2021-11-01 00:07:28,2021-11-01 00:17:00,3.0,3.17,1.0,N,236,229,1,12.0,0.5,0.5,3.16,0.0,0.3,18.96,2.5,0.0
2,2021-11-01 00:14:17,2021-11-01 00:37:27,1.0,10.92,1.0,N,132,91,2,31.5,0.5,0.5,0.0,0.0,0.3,34.05,0.0,1.25
2,2021-11-01 00:39:11,2021-11-01 00:56:28,1.0,4.33,1.0,N,249,143,1,16.0,0.5,0.5,3.0,0.0,0.3,22.8,2.5,0.0
2,2021-11-01 00:25:08,2021-11-01 00:48:23,1.0,18.98,2.0,N,132,263,1,52.0,0.0,0.5,8.0,6.55,0.3,71.1,2.5,1.25
2,2021-11-01 00:04:40,2021-11-01 00:17:02,1.0,1.72,1.0,N,164,48,1,9.5,0.5,0.5,1.0,0.0,0.3,14.3,2.5,0.0
2,2021-11-01 00:31:07,2021-11-01 00:43:15,1.0,3.17,1.0,N,164,43,1,12.0,0.5,0.5,2.0,0.0,0.3,17.8,2.5,0.0
1,2021-11-01 00:12:11,2021-11-01 00:29:31,2.0,3.1,1.0,N,68,186,1,13.5,3.0,0.5,3.45,0.0,0.3,20.75,2.5,0.0
1,2021-11-01 00:30:36,2021-11-01 00:35:15,1.0,1.4,1.0,N,186,163,1,6.5,3.0,0.5,2.0,0.0,0.3,12.3,2.5,0.0
1,2021-11-01 00:42:56,2021-11-01 00:51:21,1.0,1.2,1.0,N,164,170,1,7.5,3.0,0.5,0.0,0.0,0.3,11.3,2.5,0.0
2,2021-11-01 00:14:43,2021-11-01 00:34:14,1.0,11.61,1.0,N,264,48,1,33.0,0.5,0.5,8.67,6.55,0.3,53.27,2.5,1.25
2,2021-11-01 00:45:25,2021-11-01 01:00:10,1.0,5.41,1.0,N,186,87,1,18.5,0.5,0.5,4.46,0.0,0.3,26.76,2.5,0.0
2,2021-11-01 00:06:18,2021-11-01 00:20:46,1.0,2.58,1.0,N,249,48,1,12.0,0.5,0.5,3.95,0.0,0.3,19.75,2.5,0.0
2,2021-11-01 00:35:05,2021-11-01 00:39:05,1.0,1.13,1.0,N,230,90,1,5.5,0.5,0.5,1.0,0.0,0.3,10.3,2.5,0.0
2,2021-11-01 00:54:24,2021-11-01 00:59:36,1.0,1.68,1.0,N,249,100,2,7.0,0.5,0.5,0.0,0.0,0.3,10.8,2.5,0.0
1,2021-11-01 00:43:38,2021-11-01 00:56:41,2.0,6.7,1.0,Y,48,244,2,20.5,3.0,0.5,0.0,0.0,0.3,24.3,2.5,0.0
2,2021-11-01 00:10:35,2021-11-01 00:24:53,1.0,8.46,1.0,N,264,238,1,23.5,0.5,0.5,4.7,6.55,0.3,36.05,0.0,0.0
1,2021-11-01 00:25:15,2021-11-01 00:36:20,1.0,6.9,1.0,N,138,42,1,20.0,1.75,0.5,5.8,6.55,0.3,34.9,0.0,1.25
2,2021-11-01 00:36:15,2021-11-01 00:57:14,1.0,8.29,1.0,N,79,41,1,26.0,0.5,0.5,7.45,0.0,0.3,37.25,2.5,0.0
2,2021-11-01 00:09:23,2021-11-01 00:26:25,4.0,7.63,1.0,N,48,244,1,23.0,0.5,0.5,5.36,0.0,0.3,32.16,2.5,0.0
2,2021-11-01 00:31:10,2021-11-01 00:34:15,1.0,0.61,1.0,N,244,116,2,4.5,0.5,0.5,0.0,0.0,0.3,5.8,0.0,0.0
2,2021-11-01 00:23:32,2021-11-01 00:33:19,2.0,2.73,1.0,N,230,211,1,10.0,0.5,0.5,2.76,0.0,0.3,16.56,2.5,0.0
2,2021-11-01 00:36:22,2021-11-01 00:41:38,4.0,0.91,1.0,N,211,148,2,5.5,0.5,0.5,0.0,0.0,0.3,9.3,2.5,0.0
2,2021-11-01 00:46:47,2021-11-01 01:03:27,2.0,3.79,1.0,N,148,97,1,15.0,0.5,0.5,4.7,0.0,0.3,23.5,2.5,0.0
1,2021-11-01 00:30:26,2021-11-01 00:51:56,1.0,7.1,1.0,Y,186,168,1,23.5,3.0,0.5,2.0,0.0,0.3,29.3,2.5,0.0
2,2021-11-01 00:43:08,2021-11-01 01:09:16,1.0,9.21,1.0,N,163,102,1,28.5,0.5,0.5,2.2,0.0,0.3,34.5,2.5,0.0
1,2021-11-01 00:02:33,2021-11-01 00:12:25,1.0,2.9,1.0,N,100,236,1,10.5,3.0,0.5,2.85,0.0,0.3,17.15,2.5,0.0
1,2021-11-01 00:18:31,2021-11-01 00:20:43,1.0,0.8,1.0,N,141,141,2,4.5,3.0,0.5,0.0,0.0,0.3,8.3,2.5,0.0
1,2021-11-01 00:11:39,2021-11-01 00:22:01,1.0,2.4,1.0,N,114,68,1,9.5,3.0,0.5,1.0,0.0,0.3,14.3,2.5,0.0
1,2021-11-01 00:27:52,2021-11-01 00:49:10,1.0,6.0,1.0,N,68,260,4,20.0,3.0,0.5,0.0,0.0,0.3,23.8,2.5,0.0
2,2021-11-01 00:38:42,2021-11-01 00:43:35,2.0,0.96,1.0,N,48,100,2,5.5,0.5,0.5,0.0,0.0,0.3,9.3,2.5,0.0
2,2021-11-01 00:56:57,2021-11-01 00:57:04,1.0,0.0,5.0,N,143,143,1,12.0,0.0,0.0,4.44,0.0,0.3,19.24,2.5,0.0
2,2021-11-01 01:03:20,2021-11-01 01:21:23,2.0,6.24,1.0,N,50,74,1,21.0,0.5,0.5,6.2,0.0,0.3,31.0,2.5,0.0
2,2021-11-01 00:35:29,2021-11-01 00:49:05,1.0,3.66,1.0,N,148,230,1,13.0,0.5,0.5,5.04,0.0,0.3,21.84,2.5,0.0
2,2021-11-01 00:52:58,2021-11-01 01:07:15,1.0,6.9,1.0,N,48,244,1,21.0,0.5,0.5,6.2,0.0,0.3,31.0,2.5,0.0
2,2021-11-01 00:04:22,2021-11-01 00:15:00,1.0,2.04,1.0,N,151,74,2,9.5,0.5,0.5,0.0,0.0,0.3,10.8,0.0,0.0
2,2021-11-01 00:19:16,2021-11-01 00:35:24,1.0,5.06,1.0,N,74,127,2,16.0,0.5,0.5,0.0,0.0,0.3,17.3,0.0,0.0
2,2021-11-01 00:49:56,2021-11-01 01:03:03,1.0,3.39,1.0,N,50,43,1,12.5,0.5,0.5,3.26,0.0,0.3,19.56,2.5,0.0
2,2021-11-01 00:22:01,2021-11-01 00:43:51,1.0,17.54,2.0,N,132,137,2,52.0,0.0,0.5,0.0,6.55,0.3,63.1,2.5,1.25
2,2021-11-01 00:45:52,2021-11-01 00:55:00,1.0,2.27,1.0,N,137,232,2,10.0,0.5,0.5,0.0,0.0,0.3,13.8,2.5,0.0
2,2021-11-01 00:03:56,2021-11-01 00:29:53,1.0,40.16,4.0,N,132,265,1,55.5,0.5,0.5,12.67,6.55,0.3,77.27,0.0,1.25
1,2021-11-01 00:29:26,2021-11-01 00:29:55,1.0,0.0,5.0,N,100,230,1,52.0,0.0,0.0,0.0,0.0,0.3,52.3,0.0,0.0
2,2021-11-01 00:30:57,2021-11-01 00:35:44,1.0,1.07,1.0,N,166,151,1,6.0,0.5,0.5,0.73,0.0,0.3,8.03,0.0,0.0
2,2021-11-01 00:46:00,2021-11-01 00:55:23,1.0,1.69,1.0,N,142,140,1,8.5,0.5,0.5,2.46,0.0,0.3,14.76,2.5,0.0
1,2021-11-01 00:08:57,2021-11-01 00:14:49,1.0,1.5,1.0,N,233,140,1,7.0,3.0,0.5,2.15,0.0,0.3,12.95,2.5,0.0
1,2021-11-01 00:21:33,2021-11-01 00:34:25,1.0,2.1,1.0,Y,141,50,1,10.5,3.0,0.5,3.55,0.0,0.3,17.85,2.5,0.0
1,2021-11-01 00:37:12,2021-11-01 00:44:06,1.0,1.7,1.0,N,48,90,1,7.5,3.0,0.5,2.25,0.0,0.3,13.55,2.5,0.0
1,2021-11-01 00:48:17,2021-11-01 01:08:10,2.0,3.4,1.0,N,249,229,1,15.5,3.0,0.5,3.85,0.0,0.3,23.15,2.5,0.0
2,2021-11-01 00:18:41,2021-11-01 00:25:01,5.0,2.02,1.0,N,143,151,1,8.0,0.5,0.5,2.36,0.0,0.3,14.16,2.5,0.0
1,2021-11-01 00:12:16,2021-11-01 00:34:09,1.0,13.2,1.0,N,138,87,1,36.5,4.25,0.5,8.3,0.0,0.3,49.85,2.5,1.25
1,2021-11-01 00:39:03,2021-11-01 01:01:23,1.0,6.1,1.0,N,209,71,3,21.0,3.0,0.5,0.0,0.0,0.3,24.8,2.5,0.0
2,2021-11-01 00:22:19,2021-11-01 00:38:30,1.0,5.48,1.0,N,231,263,1,17.5,0.5,0.5,9.0,0.0,0.3,30.3,2.5,0.0
2,2021-11-01 00:24:51,2021-11-01 00:35:24,3.0,2.04,1.0,N,234,232,2,9.0,0.5,0.5,0.0,0.0,0.3,12.8,2.5,0.0
2,2021-11-01 00:26:54,2021-11-01 00:53:20,2.0,19.58,1.0,N,132,119,1,52.0,0.5,0.5,4.0,6.55,0.3,65.1,0.0,1.25
2,2021-11-01 00:12:48,2021-11-01 00:20:13,2.0,1.83,1.0,N,90,48,1,8.0,0.5,0.5,2.36,0.0,0.3,14.16,2.5,0.0
2,2021-11-01 00:22:20,2021-11-01 00:36:42,2.0,5.15,1.0,N,48,116,1,16.0,0.5,0.5,1.0,0.0,0.3,20.8,2.5,0.0
2,2021-11-01 00:07:04,2021-11-01 00:11:31,1.0,1.43,1.0,N,249,100,1,6.5,0.5,0.5,2.06,0.0,0.3,12.36,2.5,0.0
2,2021-11-01 00:18:43,2021-11-01 00:22:53,1.0,0.7,1.0,N,249,125,2,5.0,0.5,0.5,0.0,0.0,0.3,8.8,2.5,0.0
2,2021-11-01 00:30:24,2021-11-01 00:34:20,1.0,0.76,1.0,N,90,186,1,5.0,0.5,0.5,1.76,0.0,0.3,10.56,2.5,0.0
2,2021-11-01 00:41:24,2021-11-01 00:48:16,1.0,1.97,1.0,N,158,230,2,7.5,0.5,0.5,0.0,0.0,0.3,11.3,2.5,0.0
2,2021-11-01 00:49:01,2021-11-01 00:59:52,1.0,3.34,1.0,N,230,24,2,12.0,0.5,0.5,0.0,0.0,0.3,15.8,2.5,0.0
2,2021-10-31 23:58:49,2021-11-01 00:07:16,2.0,2.08,1.0,N,90,163,1,8.5,0.5,0.5,2.46,0.0,0.3,14.76,2.5,0.0
2,2021-11-01 00:19:09,2021-11-01 00:47:06,1.0,10.94,1.0,N,132,62,1,32.5,0.5,0.5,6.76,0.0,0.3,41.81,0.0,1.25
2,2021-11-01 00:02:27,2021-11-01 00:10:32,1.0,1.33,1.0,N,48,234,2,7.5,0.5,0.5,0.0,0.0,0.3,11.3,2.5,0.0
2,2021-11-01 00:15:44,2021-11-01 00:36:10,1.0,5.87,1.0,N,164,116,2,19.5,0.5,0.5,0.0,0.0,0.3,23.3,2.5,0.0
2,2021-11-01 00:21:33,2021-11-01 00:25:53,5.0,0.98,1.0,N,263,141,1,5.5,0.5,0.5,1.86,0.0,0.3,11.16,2.5,0.0
2,2021-11-01 00:58:30,2021-11-01 01:11:27,5.0,3.35,1.0,N,79,50,2,13.0,0.5,0.5,0.0,0.0,0.3,16.8,2.5,0.0
2,2021-11-01 00:24:14,2021-11-01 00:24:51,1.0,0.23,1.0,N,61,225,2,3.0,0.5,0.5,0.0,0.0,0.3,4.3,0.0,0.0
2,2021-11-01 00:30:31,2021-11-01 00:47:47,1.0,4.87,1.0,N,48,202,2,17.0,0.5,0.5,0.0,0.0,0.3,20.8,2.5,0.0
1,2021-11-01 00:40:26,2021-11-01 00:56:29,1.0,6.4,1.0,N,249,262,1,20.5,3.0,0.5,4.5,0.0,0.3,28.8,2.5,0.0
2,2021-11-01 00:31:53,2021-11-01 00:40:02,1.0,2.46,1.0,N,230,238,1,9.5,0.5,0.5,2.66,0.0,0.3,15.96,2.5,0.0
2,2021-11-01 00:43:44,2021-11-01 00:50:08,1.0,1.94,1.0,N,142,100,2,8.0,0.5,0.5,0.0,0.0,0.3,11.8,2.5,0.0
2,2021-11-01 00:53:18,2021-11-01 01:11:25,1.0,5.17,1.0,N,164,7,1,18.0,0.5,0.5,2.0,0.0,0.3,23.8,2.5,0.0
2,2021-11-01 00:48:45,2021-11-01 01:00:05,2.0,2.59,1.0,N,234,229,1,11.0,0.5,0.5,2.96,0.0,0.3,17.76,2.5,0.0
2,2021-11-01 00:05:05,2021-11-01 00:22:24,1.0,8.34,1.0,N,70,236,1,25.5,0.5,0.5,5.38,6.55,0.3,41.23,2.5,0.0
2,2021-11-01 00:36:34,2021-11-01 00:44:26,1.0,2.41,1.0,N,233,262,1,9.0,0.5,0.5,2.0,0.0,0.3,14.8,2.5,0.0
2,2021-11-01 00:21:49,2021-11-01 00:32:02,1.0,1.68,1.0,N,90,79,1,9.0,0.5,0.5,1.0,0.0,0.3,13.8,2.5,0.0
2,2021-11-01 00:35:40,2021-11-01 00:54:06,1.0,5.87,1.0,N,79,7,1,19.0,0.5,0.5,5.7,0.0,0.3,28.5,2.5,0.0
2,2021-11-01 00:13:35,2021-11-01 00:20:03,2.0,1.75,1.0,N,113,164,2,7.5,0.5,0.5,0.0,0.0,0.3,11.3,2.5,0.0
2,2021-11-01 00:36:22,2021-11-01 00:49:09,2.0,3.54,1.0,N,186,87,1,12.0,0.5,0.5,3.16,0.0,0.3,18.96,2.5,0.0
1,2021-11-01 00:08:43,2021-11-01 00:20:15,0.0,4.1,1.0,N,236,42,1,14.0,3.0,0.5,2.0,0.0,0.3,19.8,2.5,0.0
2,2021-11-01 00:26:21,2021-11-01 00:56:32,2.0,16.8,1.0,N,231,210,1,47.0,0.5,0.5,10.16,0.0,0.3,60.96,2.5,0.0
2,2021-11-01 00:29:25,2021-11-01 00:38:01,1.0,1.91,1.0,N,79,161,1,8.5,0.5,0.5,1.0,0.0,0.3,13.3,2.5,0.0
2,2021-11-01 00:41:47,2021-11-01 00:47:57,1.0,1.43,1.0,N,164,79,2,6.5,0.5,0.5,0.0,0.0,0.3,10.3,2.5,0.0
2,2021-11-01 00:53:46,2021-11-01 01:12:20,1.0,7.81,1.0,N,148,260,1,23.5,0.5,0.5,5.46,0.0,0.3,32.76,2.5,0.0
2,2021-11-01 00:08:04,2021-11-01 00:21:40,4.0,6.99,1.0,N,45,75,2,21.0,0.5,0.5,0.0,0.0,0.3,24.8,2.5,0.0
2,2021-11-01 00:40:20,2021-11-01 00:48:28,4.0,2.37,1.0,N,41,262,1,9.5,0.5,0.5,2.66,0.0,0.3,15.96,2.5,0.0
2,2021-11-01 00:54:29,2021-11-01 01:07:05,4.0,4.51,1.0,N,263,247,2,15.0,0.5,0.5,0.0,0.0,0.3,18.8,2.5,0.0
1,2021-11-01 00:14:49,2021-11-01 00:35:17,1.0,4.4,1.0,N,230,42,1,17.5,3.0,0.0,4.15,0.0,0.3,24.95,2.5,0.0
1,2021-11-01 00:50:32,2021-11-01 01:01:39,1.0,2.3,1.0,N,43,48,2,10.0,3.0,0.0,0.0,0.0,0.3,13.3,2.5,0.0
2,2021-11-01 00:12:55,2021-11-01 00:20:48,1.0,2.14,1.0,N,68,48,1,8.5,0.5,0.5,2.46,0.0,0.3,14.76,2.5,0.0
2,2021-11-01 00:34:48,2021-11-01 00:41:53,1.0,1.16,1.0,N,166,166,2,6.5,0.5,0.5,0.0,0.0,0.3,7.8,0.0,0.0
2,2021-11-01 00:20:50,2021-11-01 00:48:48,1.0,19.09,2.0,N,132,263,1,52.0,0.0,0.5,8.0,6.55,0.3,71.1,2.5,1.25
2,2021-11-01 00:33:34,2021-11-01 00:49:50,1.0,2.76,1.0,N,151,74,2,12.5,0.5,0.5,0.0,0.0,0.3,13.8,0.0,0.0
2,2021-11-01 00:52:51,2021-11-01 01:00:18,1.0,1.09,1.0,N,74,42,2,6.5,0.5,0.5,0.0,0.0,0.3,7.8,0.0,0.0
1,2021-11-01 00:03:20,2021-11-01 00:05:34,2.0,0.4,1.0,N,79,148,1,4.0,3.0,0.5,1.0,0.0,0.3,8.8,2.5,0.0
1,2021-11-01 00:34:05,2021-11-01 00:44:08,1.0,3.6,1.0,N,161,41,1,12.0,3.0,0.5,1.0,0.0,0.3,16.8,2.5,0.0
1,2021-11-01 00:54:22,2021-11-01 00:59:12,1.0,1.1,1.0,N,237,236,1,6.0,3.0,0.5,2.45,0.0,0.3,12.25,2.5,0.0
2,2021-11-01 00:10:24,2021-11-01 00:24:50,1.0,4.11,1.0,N,249,25,1,14.5,0.5,0.5,4.58,0.0,0.3,22.88,2.5,0.0
1,2021-11-01 00:48:56,2021-11-01 01:12:40,1.0,8.0,1.0,N,140,97,1,26.0,3.0,0.5,8.9,0.0,0.3,38.7,2.5,0.0
1,2021-11-01 00:32:14,2021-11-01 00:44:18,1.0,2.6,1.0,N,116,151,1,11.0,0.5,0.5,2.45,0.0,0.3,14.75,0.0,0.0
1,2021-11-01 00:54:23,2021-11-01 01:02:51,1.0,1.8,1.0,N,48,239,1,8.0,3.0,0.5,2.35,0.0,0.3,14.15,2.5,0.0
2,2021-11-01 00:08:33,2021-11-01 00:35:27,1.0,18.11,1.0,N,132,49,1,49.0,0.5,0.5,10.31,0.0,0.3,61.86,0.0,1.25
1,2021-11-01 00:34:07,2021-11-01 00:38:49,1.0,1.4,1.0,N,79,233,1,6.0,3.0,0.5,1.95,0.0,0.3,11.75,2.5,0.0
1,2021-11-01 00:44:02,2021-11-01 00:58:35,1.0,5.3,1.0,Y,233,87,1,17.5,3.0,0.5,4.25,0.0,0.3,25.55,2.5,0.0
2,2021-11-01 00:24:54,2021-11-01 00:54:19,6.0,19.23,2.0,N,132,114,1,52.0,0.0,0.5,12.62,6.55,0.3,75.72,2.5,1.25
2,2021-11-01 00:22:54,2021-11-01 00:38:50,1.0,3.52,1.0,N,79,48,2,14.0,0.5,0.5,0.0,0.0,0.3,17.8,2.5,0.0
1,2021-11-01 00:03:57,2021-11-01 00:19:42,1.0,4.0,1.0,N,100,146,1,15.0,3.0,0.5,3.75,0.0,0.3,22.55,2.5,0.0
2,2021-11-01 00:57:21,2021-11-01 01:11:08,4.0,2.9,1.0,N,125,233,1,12.5,0.5,0.5,4.08,0.0,0.3,20.38,2.5,0.0
2,2021-11-01 00:10:22,2021-11-01 00:30:04,1.0,2.96,1.0,N,186,4,1,14.0,0.5,0.5,3.56,0.0,0.3,21.36,2.5,0.0
2,2021-11-01 00:34:54,2021-11-01 00:48:34,1.0,4.66,1.0,N,79,239,1,15.5,0.5,0.5,3.86,0.0,0.3,23.16,2.5,0.0
2,2021-11-01 00:29:43,2021-11-01 00:32:55,2.0,1.12,1.0,N,107,233,1,5.0,0.5,0.5,2.2,0.0,0.3,11.0,2.5,0.0
2,2021-11-01 00:39:01,2021-11-01 00:50:00,1.0,4.76,1.0,N,137,217,2,15.5,0.5,0.5,0.0,0.0,0.3,19.3,2.5,0.0
2,2021-11-01 00:24:44,2021-11-01 00:30:49,1.0,1.11,1.0,N,74,41,1,6.5,0.5,0.5,0.0,0.0,0.3,7.8,0.0,0.0
1,2021-11-01 00:00:06,2021-11-01 00:19:31,1.0,5.5,1.0,N,249,189,1,18.5,3.0,0.5,4.45,0.0,0.3,26.75,2.5,0.0
2,2021-11-01 00:14:56,2021-11-01 00:29:14,1.0,2.37,1.0,N,148,68,1,11.5,0.5,0.5,1.0,0.0,0.3,16.3,2.5,0.0
2,2021-11-01 00:36:37,2021-11-01 00:52:54,1.0,4.88,1.0,N,249,141,1,17.0,0.5,0.5,4.16,0.0,0.3,24.96,2.5,0.0
2,2021-11-01 00:03:54,2021-11-01 00:33:42,4.0,13.96,1.0,N,161,14,1,40.0,0.5,0.5,8.76,0.0,0.3,52.56,2.5,0.0
2,2021-11-01 00:21:10,2021-11-01 00:37:24,1.0,11.52,1.0,N,138,137,1,31.5,0.5,0.5,6.0,6.55,0.3,49.1,2.5,1.25
2,2021-11-01 00:41:20,2021-11-01 00:55:23,1.0,1.41,1.0,N,79,249,1,10.0,0.5,0.5,2.76,0.0,0.3,16.56,2.5,0.0
2,2021-11-01 00:06:28,2021-11-01 00:22:23,3.0,9.77,1.0,N,138,65,1,28.0,0.5,0.5,7.33,0.0,0.3,37.88,0.0,1.25
2,2021-11-01 00:33:27,2021-11-01 00:44:23,4.0,2.53,1.0,N,144,261,1,10.0,0.5,0.5,2.76,0.0,0.3,16.56,2.5,0.0
2,2021-11-01 00:44:06,2021-11-01 00:50:03,1.0,1.57,1.0,N,79,125,1,7.0,0.5,0.5,2.7,0.0,0.3,13.5,2.5,0.0
2,2021-11-01 00:55:21,2021-11-01 01:04:26,1.0,1.42,1.0,N,249,79,1,8.0,0.5,0.5,2.36,0.0,0.3,14.16,2.5,0.0
1,2021-11-01 00:45:47,2021-11-01 00:54:53,1.0,1.5,1.0,N,125,4,1,8.0,3.0,0.5,2.35,0.0,0.3,14.15,2.5,0.0
1,2021-11-01 00:07:34,2021-11-01 00:18:24,2.0,2.7,1.0,N,114,163,1,10.5,3.0,0.5,2.7,0.0,0.3,17.0,2.5,0.0
1,2021-11-01 00:27:14,2021-11-01 00:46:11,2.0,9.7,1.0,N,186,243,1,28.0,3.0,0.5,6.35,0.0,0.3,38.15,2.5,0.0
2,2021-11-01 00:09:43,2021-11-01 00:16:13,3.0,1.63,1.0,N,148,234,1,7.5,0.5,0.5,2.0,0.0,0.3,13.3,2.5,0.0
2,2021-11-01 00:19:50,2021-11-01 00:34:38,1.0,3.52,1.0,N,164,262,1,14.0,0.5,0.5,1.5,0.0,0.3,19.3,2.5,0.0
2,2021-11-01 00:37:34,2021-11-01 00:57:31,1.0,5.67,1.0,N,263,83,2,19.0,0.5,0.5,0.0,0.0,0.3,22.8,2.5,0.0
2,2021-11-01 00:00:09,2021-11-01 00:20:54,1.0,5.92,1.0,N,90,41,1,19.5,0.5,0.5,0.0,0.0,0.3,23.3,2.5,0.0
2,2021-11-01 00:50:02,2021-11-01 01:46:57,1.0,32.09,5.0,N,186,265,2,140.0,0.0,0.0,0.0,0.0,0.3,142.8,2.5,0.0
2,2021-11-01 00:32:08,2021-11-01 00:47:00,2.0,3.57,1.0,N,79,48,1,13.5,0.5,0.5,1.0,0.0,0.3,18.3,2.5,0.0
1,2021-11-01 00:23:23,2021-11-01 00:52:48,1.0,9.4,1.0,N,142,61,1,29.5,3.0,0.5,6.65,0.0,0.3,39.95,2.5,0.0
2,2021-11-01 00:18:20,2021-11-01 00:24:03,1.0,1.79,1.0,N,234,237,1,7.0,0.5,0.5,2.16,0.0,0.3,12.96,2.5,0.0
2,2021-11-01 00:29:45,2021-11-01 00:48:24,1.0,5.23,1.0,N,236,158,1,18.5,0.5,0.5,4.46,0.0,0.3,26.76,2.5,0.0
2,2021-11-01 00:54:18,2021-11-01 01:06:02,2.0,2.11,1.0,N,158,261,2,10.5,0.5,0.5,0.0,0.0,0.3,14.3,2.5,0.0
2,2021-11-01 00:17:33,2021-11-01 00:17:40,2.0,0.0,1.0,N,132,132,4,-2.5,-0.5,-0.5,0.0,0.0,-0.3,-5.05,0.0,-1.25
2,2021-11-01 00:17:33,2021-11-01 00:17:40,2.0,0.0,1.0,N,132,132,2,2.5,0.5,0.5,0.0,0.0,0.3,5.05,0.0,1.25
2,2021-11-01 00:18:56,2021-11-01 00:47:02,1.0,21.36,2.0,N,132,261,1,52.0,0.0,0.5,12.37,6.55,0.3,75.47,2.5,1.25
2,2021-11-01 00:58:19,2021-11-01 01:08:22,1.0,2.16,1.0,N,231,137,1,9.5,0.5,0.5,2.0,0.0,0.3,15.3,2.5,0.0
1,2021-11-01 00:25:30,2021-11-01 00:42:48,1.0,4.1,1.0,Y,144,48,1,15.5,3.0,0.5,0.0,0.0,0.3,19.3,2.5,0.0
1,2021-11-01 00:49:39,2021-11-01 00:58:35,2.0,2.0,1.0,N,161,186,1,8.5,3.0,0.5,2.45,0.0,0.3,14.75,2.5,0.0
1,2021-11-01 00:04:08,2021-11-01 00:14:06,1.0,1.6,1.0,N,166,239,1,9.0,3.0,0.5,2.55,0.0,0.3,15.35,2.5,0.0
1,2021-11-01 00:28:54,2021-11-01 00:46:03,1.0,3.4,1.0,N,230,148,1,14.0,3.0,0.5,2.0,0.0,0.3,19.8,2.5,0.0
1,2021-11-01 00:54:01,2021-11-01 01:04:21,3.0,3.1,1.0,N,79,230,1,11.0,3.0,0.5,2.95,0.0,0.3,17.75,2.5,0.0
2,2021-11-01 00:05:19,2021-11-01 00:17:36,1.0,6.34,1.0,N,138,145,1,19.0,0.5,0.5,5.39,0.0,0.3,26.94,0.0,1.25
2,2021-11-01 00:58:10,2021-11-01 01:11:15,1.0,3.99,1.0,N,230,7,2,14.0,0.5,0.5,0.0,0.0,0.3,17.8,2.5,0.0
2,2021-11-01 00:13:12,2021-11-01 00:22:49,1.0,1.66,1.0,N,141,48,1,8.5,0.5,0.5,0.86,0.0,0.3,13.16,2.5,0.0
2,2021-11-01 00:33:18,2021-11-01 00:34:17,1.0,0.37,1.0,N,48,48,2,3.0,0.5,0.5,0.0,0.0,0.3,6.8,2.5,0.0
2,2021-10-31 23:56:38,2021-11-01 00:25:16,5.0,11.66,1.0,N,138,48,2,35.0,0.5,0.5,0.0,6.55,0.3,46.6,2.5,1.25
2,2021-11-01 00:35:38,2021-11-01 00:53:34,5.0,3.26,1.0,N,163,79,1,14.0,0.5,0.5,1.5,0.0,0.3,19.3,2.5,0.0
2,2021-11-01 00:33:46,2021-11-01 00:59:07,2.0,9.9,1.0,N,186,228,1,30.5,0.5,0.5,6.86,0.0,0.3,41.16,2.5,0.0
2,2021-10-31 23:59:28,2021-11-01 00:19:36,1.0,5.57,1.0,N,263,83,1,19.0,0.5,0.5,4.56,0.0,0.3,27.36,2.5,0.0
2,2021-11-01 00:26:22,2021-11-01 00:53:10,1.0,6.8,1.0,N,82,239,1,24.0,0.5,0.5,5.56,0.0,0.3,33.36,2.5,0.0
2,2021-11-01 00:24:16,2021-11-01 00:37:09,2.0,4.66,1.0,N,70,145,1,15.5,0.5,0.5,3.36,0.0,0.3,20.16,0.0,0.0
2,2021-11-01 00:25:15,2021-11-01 00:34:41,1.0,1.33,1.0,N,68,79,1,7.5,0.5,0.5,2.0,0.0,0.3,13.3,2.5,0.0
2,2021-11-01 00:37:27,2021-11-01 00:49:22,2.0,3.8,1.0,N,107,262,1,13.0,0.5,0.5,3.36,0.0,0.3,20.16,2.5,0.0
1,2021-11-01 00:15:20,2021-11-01 00:24:29,1.0,1.5,1.0,N,68,50,2,8.0,3.0,0.5,0.0,0.0,0.3,11.8,2.5,0.0
2,2021-11-01 00:14:53,2021-11-01 00:38:28,2.0,3.99,1.0,N,249,256,2,18.0,0.5,0.5,0.0,0.0,0.3,21.8,2.5,0.0
2,2021-11-01 00:45:29,2021-11-01 00:53:19,1.0,1.76,1.0,N,148,87,1,8.0,0.5,0.5,2.36,0.0,0.3,14.16,2.5,0.0
2,2021-11-01 00:44:58,2021-11-01 01:09:19,2.0,6.38,1.0,N,186,7,1,22.0,0.5,0.5,0.0,0.0,0.3,25.8,2.5,0.0
2,2021-11-01 00:00:59,2021-11-01 00:09:05,1.0,2.77,1.0,N,162,79,1,9.5,0.5,0.5,2.66,0.0,0.3,15.96,2.5,0.0
2,2021-11-01 00:12:51,2021-11-01 00:22:02,4.0,1.52,1.0,N,79,125,1,8.0,0.5,0.5,2.36,0.0,0.3,14.16,2.5,0.0
2,2021-11-01 00:28:10,2021-11-01 00:35:23,1.0,1.52,1.0,N,158,79,2,7.5,0.5,0.5,0.0,0.0,0.3,11.3,2.5,0.0
2,2021-11-01 00:44:19,2021-11-01 00:52:23,1.0,3.34,1.0,N,79,236,1,10.5,0.5,0.5,2.86,0.0,0.3,17.16,2.5,0.0
2,2021-10-31 23:57:04,2021-11-01 00:15:49,5.0,4.22,1.0,N,163,179,2,17.0,0.5,0.5,0.0,0.0,0.3,20.8,2.5,0.0
2,2021-11-01 00:24:35,2021-11-01 00:37:37,5.0,7.38,1.0,N,70,255,1,21.5,0.5,0.5,4.56,0.0,0.3,27.36,0.0,0.0
1,2021-11-01 00:11:52,2021-11-01 00:17:25,2.0,1.8,1.0,N,48,90,1,7.0,2.5,0.5,2.05,0.0,0.3,12.35,2.5,0.0
1,2021-11-01 00:47:50,2021-11-01 01:00:53,1.0,4.3,1.0,N,48,41,1,14.0,2.5,0.5,3.45,0.0,0.3,20.75,2.5,0.0
2,2021-11-01 00:25:18,2021-11-01 00:32:11,1.0,1.36,1.0,N,41,151,1,7.5,0.5,0.5,1.76,0.0,0.3,10.56,0.0,0.0
2,2021-11-01 00:01:46,2021-11-01 00:05:36,1.0,0.89,1.0,N,100,90,2,5.0,0.5,0.5,0.0,0.0,0.3,8.8,2.5,0.0
2,2021-11-01 00:07:40,2021-11-01 00:32:34,1.0,7.45,1.0,N,90,223,1,24.5,0.5,0.5,7.08,0.0,0.3,35.38,2.5,0.0
2,2021-11-01 00:12:50,2021-11-01 00:16:50,1.0,1.58,1.0,N,79,170,1,6.0,0.5,0.5,1.96,0.0,0.3,11.76,2.5,0.0
2,2021-11-01 00:38:01,2021-11-01 00:52:04,1.0,7.2,1.0,N,138,255,1,21.5,0.5,0.5,4.56,0.0,0.3,28.61,0.0,1.25
1,2021-11-01 00:12:55,2021-11-01 00:32:29,2.0,9.7,1.0,N,132,198,2,28.0,1.75,0.5,0.0,0.0,0.3,30.55,0.0,1.25
2,2021-11-01 00:11:50,2021-11-01 00:24:51,2.0,8.52,1.0,N,48,127,1,24.5,0.5,0.5,5.66,0.0,0.3,33.96,2.5,0.0
2,2021-11-01 00:52:04,2021-11-01 01:13:17,2.0,7.41,1.0,N,186,80,1,23.5,0.5,0.5,2.73,0.0,0.3,30.03,2.5,0.0
2,2021-11-01 00:28:23,2021-11-01 00:43:31,1.0,3.36,1.0,N,232,100,1,13.5,0.5,0.5,1.75,0.0,0.3,19.05,2.5,0.0
1,2021-11-01 00:07:19,2021-11-01 00:19:28,2.0,3.9,1.0,N,79,236,1,13.0,3.0,0.5,3.35,0.0,0.3,20.15,2.5,0.0
1,2021-11-01 00:40:07,2021-11-01 00:45:10,1.0,1.2,1.0,N,100,163,1,6.0,3.0,0.5,1.95,0.0,0.3,11.75,2.5,0.0
1,2021-11-01 00:58:53,2021-11-01 01:17:04,1.0,6.0,1.0,N,164,198,1,20.0,3.0,0.5,10.0,6.55,0.3,40.35,2.5,0.0
2,2021-11-01 00:57:33,2021-11-01 01:02:02,1.0,1.93,1.0,N,79,233,1,7.0,0.5,0.5,2.16,0.0,0.3,12.96,2.5,0.0
2,2021-11-01 00:15:17,2021-11-01 00:25:55,1.0,3.07,1.0,N,48,238,1,11.0,0.5,0.5,2.96,0.0,0.3,17.76,2.5,0.0
2,2021-11-01 00:00:51,2021-11-01 00:15:23,1.0,3.5,1.0,N,231,163,2,13.5,0.5,0.5,0.0,0.0,0.3,17.3,2.5,0.0
2,2021-11-01 00:23:38,2021-11-01 00:28:47,1.0,1.31,1.0,N,230,143,1,6.5,0.5,0.5,1.9,0.0,0.3,12.2,2.5,0.0
2,2021-11-01 00:16:38,2021-11-01 00:35:15,1.0,12.05,1.0,N,70,40,1,33.5,0.5,0.5,6.96,0.0,0.3,43.01,0.0,1.25
1,2021-11-01 00:48:48,2021-11-01 00:51:55,2.0,1.2,1.0,N,48,68,1,5.5,3.0,0.5,2.0,0.0,0.3,11.3,2.5,0.0
1,2021-11-01 00:56:15,2021-11-01 01:01:47,1.0,1.2,1.0,N,186,249,1,6.5,3.0,0.5,2.05,0.0,0.3,12.35,2.5,0.0
2,2021-11-01 00:22:00,2021-11-01 00:28:41,4.0,1.65,1.0,N,161,234,1,7.5,0.5,0.5,2.26,0.0,0.3,13.56,2.5,0.0
2,2021-11-01 00:38:47,2021-11-01 00:45:57,3.0,1.67,1.0,N,100,50,1,7.5,0.5,0.5,2.26,0.0,0.3,13.56,2.5,0.0
2,2021-11-01 00:26:28,2021-11-01 01:00:59,2.0,8.37,1.0,N,249,177,2,30.0,0.5,0.5,0.0,0.0,0.3,33.8,2.5,0.0
2,2021-11-01 00:12:30,2021-11-01 00:21:00,2.0,3.02,1.0,N,230,151,2,10.5,0.5,0.5,0.0,0.0,0.3,14.3,2.5,0.0
2,2021-11-01 00:36:17,2021-11-01 00:37:49,1.0,0.53,1.0,N,48,48,2,3.5,0.5,0.5,0.0,0.0,0.3,7.3,2.5,0.0
2,2021-11-01 00:12:32,2021-11-01 00:21:06,2.0,1.09,1.0,N,113,79,2,7.0,0.5,0.5,0.0,0.0,0.3,10.8,2.5,0.0
2,2021-11-01 00:22:55,2021-11-01 00:35:03,2.0,1.85,1.0,N,79,249,2,9.0,0.5,0.5,0.0,0.0,0.3,12.8,2.5,0.0
2,2021-11-01 00:10:49,2021-11-01 00:17:26,1.0,1.1,1.0,N,164,48,2,6.5,0.5,0.5,0.0,0.0,0.3,10.3,2.5,0.0
2,2021-11-01 00:19:58,2021-11-01 00:26:09,1.0,1.64,1.0,N,48,68,1,7.0,0.5,0.5,2.0,0.0,0.3,12.8,2.5,0.0
2,2021-11-01 00:27:23,2021-11-01 00:39:41,1.0,3.24,1.0,N,68,143,1,12.0,0.5,0.5,3.16,0.0,0.3,18.96,2.5,0.0
2,2021-11-01 00:44:01,2021-11-01 00:52:32,1.0,2.01,1.0,N,142,229,1,8.5,0.5,0.5,2.46,0.0,0.3,14.76,2.5,0.0
2,2021-11-01 00:57:30,2021-11-01 00:59:30,1.0,0.3,1.0,N,162,162,1,3.5,0.5,0.5,1.0,0.0,0.3,8.3,2.5,0.0
2,2021-11-01 00:10:29,2021-11-01 00:16:02,2.0,0.83,1.0,N,79,148,1,5.5,0.5,0.5,1.86,0.0,0.3,11.16,2.5,0.0
2,2021-10-31 23:57:27,2021-11-01 00:02:55,5.0,1.37,1.0,N,263,239,1,6.5,0.5,0.5,2.06,0.0,0.3,12.36,2.5,0.0
1,2021-11-01 00:10:46,2021-11-01 00:14:14,1.0,0.8,1.0,N,142,239,1,5.0,3.0,0.5,10.0,0.0,0.3,18.8,2.5,0.0
1,2021-11-01 00:23:34,2021-11-01 00:27:09,1.0,1.1,1.0,N,48,68,1,5.5,3.0,0.5,1.0,0.0,0.3,10.3,2.5,0.0
2,2021-11-01 00:00:12,2021-11-01 00:07:02,1.0,3.87,1.0,N,138,223,2,12.0,0.5,0.5,0.0,0.0,0.3,14.55,0.0,1.25
2,2021-11-01 00:17:05,2021-11-01 00:27:39,1.0,8.66,1.0,N,70,256,1,24.0,0.5,0.5,5.0,0.0,0.3,30.3,0.0,0.0
2,2021-11-01 00:42:05,2021-11-01 00:54:27,1.0,3.37,1.0,N,144,237,2,12.0,0.5,0.5,0.0,0.0,0.3,15.8,2.5,0.0
2,2021-11-01 00:57:19,2021-11-01 01:00:10,1.0,0.62,1.0,N,237,163,1,4.5,0.5,0.5,2.49,0.0,0.3,10.79,2.5,0.0
2,2021-11-01 00:26:22,2021-11-01 00:46:24,1.0,4.13,1.0,N,50,79,1,17.0,0.5,0.5,3.0,0.0,0.3,23.8,2.5,0.0
2,2021-11-01 00:51:06,2021-11-01 00:58:50,1.0,1.45,1.0,N,79,231,1,7.5,0.5,0.5,2.26,0.0,0.3,13.56,2.5,0.0
1,2021-11-01 00:14:58,2021-11-01 00:19:15,1.0,0.6,1.0,N,107,107,1,5.0,3.0,0.5,1.75,0.0,0.3,10.55,2.5,0.0
1,2021-11-01 00:25:33,2021-11-01 00:32:23,1.0,1.7,1.0,N,234,163,1,7.5,3.0,0.5,2.25,0.0,0.3,13.55,2.5,0.0
1,2021-11-01 00:33:35,2021-11-01 00:36:16,1.0,0.3,1.0,N,163,237,1,4.0,3.0,0.5,1.55,0.0,0.3,9.35,2.5,0.0
1,2021-11-01 00:51:16,2021-11-01 01:10:20,1.0,4.7,1.0,N,113,80,1,18.0,3.0,0.5,5.0,0.0,0.3,26.8,2.5,0.0
2,2021-11-01 00:23:15,2021-11-01 00:35:01,1.0,4.24,1.0,N,148,112,1,14.5,0.5,0.5,2.0,0.0,0.3,20.3,2.5,0.0
2,2021-11-01 00:25:51,2021-11-01 00:38:35,1.0,2.35,1.0,N,186,79,1,10.5,0.5,0.5,2.86,0.0,0.3,17.16,2.5,0.0
2,2021-11-01 00:40:15,2021-11-01 00:50:44,1.0,1.96,1.0,N,79,231,1,9.5,0.5,0.5,2.66,0.0,0.3,15.96,2.5,0.0
2,2021-11-01 00:59:03,2021-11-01 01:15:03,1.0,2.93,1.0,N,144,100,1,12.5,0.5,0.5,3.26,0.0,0.3,19.56,2.5,0.0
1,2021-11-01 00:37:12,2021-11-01 00:46:54,3.0,2.9,1.0,N,158,50,1,11.0,3.0,0.5,0.0,0.0,0.3,14.8,2.5,0.0
1,2021-11-01 00:54:12,2021-11-01 01:09:13,1.0,3.8,1.0,N,48,211,1,13.5,3.0,0.5,3.45,0.0,0.3,20.75,2.5,0.0
1,2021-11-01 00:24:33,2021-11-01 00:53:43,1.0,18.3,2.0,N,132,107,1,52.0,3.75,0.5,1.0,6.55,0.3,64.1,2.5,1.25
2,2021-11-01 00:00:57,2021-11-01 00:15:31,1.0,1.77,1.0,N,107,144,2,10.0,0.5,0.5,0.0,0.0,0.3,13.8,2.5,0.0
2,2021-11-01 00:22:31,2021-11-01 00:26:42,1.0,0.89,1.0,N,107,137,2,5.0,0.5,0.5,0.0,0.0,0.3,8.8,2.5,0.0
2,2021-11-01 00:19:55,2021-11-01 00:31:55,1.0,2.57,1.0,N,79,230,1,11.0,0.5,0.5,2.96,0.0,0.3,17.76,2.5,0.0
2,2021-11-01 00:13:46,2021-11-01 00:18:32,1.0,0.98,1.0,N,151,41,2,5.5,0.5,0.5,0.0,0.0,0.3,6.8,0.0,0.0
1,2021-11-01 00:31:13,2021-11-01 00:43:07,2.0,1.8,1.0,N,79,68,1,9.5,3.0,0.5,1.0,0.0,0.3,14.3,2.5,0.0
2,2021-11-01 00:02:36,2021-11-01 00:06:33,2.0,0.74,1.0,N,164,170,1,5.0,0.5,0.5,1.76,0.0,0.3,10.56,2.5,0.0
2,2021-11-01 00:33:52,2021-11-01 00:40:32,1.0,1.12,1.0,N,234,79,1,6.5,0.5,0.5,2.06,0.0,0.3,12.36,2.5,0.0
2,2021-11-01 00:55:15,2021-11-01 00:58:16,2.0,0.87,1.0,N,107,79,1,4.5,0.5,0.5,1.66,0.0,0.3,9.96,2.5,0.0
2,2021-11-01 00:59:31,2021-11-01 01:20:43,1.0,5.99,1.0,N,79,89,1,20.5,0.5,0.5,4.86,0.0,0.3,29.16,2.5,0.0
2,2021-11-01 00:19:33,2021-11-01 00:31:47,1.0,2.64,1.0,N,48,158,1,11.0,0.5,0.5,2.22,0.0,0.3,17.02,2.5,0.0
2,2021-11-01 00:41:15,2021-11-01 00:55:39,1.0,3.04,1.0,N,249,246,1,13.0,0.5,0.5,3.36,0.0,0.3,20.16,2.5,0.0
2,2021-11-01 00:21:19,2021-11-01 00:33:42,1.0,4.27,1.0,N,264,146,1,15.0,0.5,0.5,4.89,0.0,0.3,21.19,0.0,0.0
2,2021-11-01 00:03:58,2021-11-01 00:16:51,1.0,3.17,1.0,N,234,140,2,12.0,0.5,0.5,0.0,0.0,0.3,15.8,2.5,0.0
2,2021-11-01 00:19:39,2021-11-01 00:31:22,1.0,2.74,1.0,N,140,238,2,11.0,0.5,0.5,0.0,0.0,0.3,14.8,2.5,0.0
2,2021-11-01 00:17:04,2021-11-01 00:32:13,1.0,5.29,1.0,N,170,261,4,-17.5,-0.5,-0.5,0.0,0.0,-0.3,-21.3,-2.5,0.0
2,2021-11-01 00:17:04,2021-11-01 00:32:13,1.0,5.29,1.0,N,170,261,2,17.5,0.5,0.5,0.0,0.0,0.3,21.3,2.5,0.0
2,2021-11-01 00:37:27,2021-11-01 00:48:11,1.0,5.67,1.0,N,231,257,1,17.0,0.5,0.5,4.16,0.0,0.3,24.96,2.5,0.0
1,2021-11-01 00:51:15,2021-11-01 00:56:23,1.0,1.0,1.0,N,229,170,1,5.5,3.0,0.5,1.85,0.0,0.3,11.15,2.5,0.0
2,2021-10-31 23:58:56,2021-11-01 23:52:31,5.0,5.94,1.0,N,186,42,1,22.0,0.5,0.5,3.87,0.0,0.3,29.67,2.5,0.0
2,2021-11-01 00:39:49,2021-11-01 00:47:24,4.0,1.42,1.0,N,41,74,2,7.0,0.5,0.5,0.0,0.0,0.3,8.3,0.0,0.0
2,2021-11-01 00:00:17,2021-11-01 00:26:55,1.0,17.76,2.0,N,132,162,1,52.0,0.0,0.5,12.62,6.55,0.3,75.72,2.5,1.25
2,2021-11-01 00:57:43,2021-11-01 01:01:48,1.0,0.98,1.0,N,230,68,2,5.5,0.5,0.5,0.0,0.0,0.3,9.3,2.5,0.0
1,2021-11-01 00:35:50,2021-11-01 01:11:34,3.0,9.5,1.0,N,234,61,1,32.0,3.0,0.5,7.15,0.0,0.3,42.95,2.5,0.0
2,2021-11-01 00:28:38,2021-11-01 00:42:21,1.0,2.81,1.0,N,236,48,1,12.0,0.5,0.5,3.16,0.0,0.3,18.96,2.5,0.0
2,2021-11-01 00:52:09,2021-11-01 01:06:53,1.0,4.69,1.0,N,163,260,1,15.5,0.5,0.5,3.86,0.0,0.3,23.16,2.5,0.0
2,2021-10-31 23:57:26,2021-11-01 00:03:36,1.0,1.41,1.0,N,161,186,1,7.0,0.5,0.5,0.0,0.0,0.3,10.8,2.5,0.0
2,2021-11-01 00:24:04,2021-11-01 00:38:26,1.0,4.08,1.0,N,148,80,1,15.5,0.5,0.5,3.86,0.0,0.3,23.16,2.5,0.0
2,2021-11-01 00:43:05,2021-11-01 01:01:38,1.0,4.97,1.0,N,256,160,2,17.0,0.5,0.5,0.0,0.0,0.3,18.3,0.0,0.0
2,2021-10-31 23:58:47,2021-11-01 00:06:01,1.0,1.14,1.0,N,79,79,1,7.0,0.5,0.5,0.0,0.0,0.3,10.8,2.5,0.0
2,2021-11-01 00:07:16,2021-11-01 00:20:00,1.0,2.63,1.0,N,79,163,1,11.5,0.5,0.5,2.0,0.0,0.3,17.3,2.5,0.0
2,2021-11-01 00:05:29,2021-11-01 00:18:43,2.0,1.66,1.0,N,79,158,1,9.5,0.5,0.5,2.66,0.0,0.3,15.96,2.5,0.0
2,2021-11-01 00:30:25,2021-11-01 00:45:18,1.0,2.92,1.0,N,114,233,1,12.5,0.5,0.5,0.0,0.0,0.3,16.3,2.5,0.0
2,2021-11-01 00:19:39,2021-11-01 00:28:03,1.0,2.11,1.0,N,90,229,1,9.0,0.5,0.5,2.0,0.0,0.3,14.8,2.5,0.0
2,2021-11-01 00:31:28,2021-11-01 00:47:24,1.0,6.0,1.0,N,233,13,1,19.5,0.5,0.5,2.0,0.0,0.3,25.3,2.5,0.0
2,2021-11-01 00:08:09,2021-11-01 00:32:23,2.0,5.58,1.0,N,230,223,2,21.0,0.5,0.5,0.0,0.0,0.3,24.8,2.5,0.0
2,2021-11-01 00:54:56,2021-11-01 01:04:01,1.0,2.0,1.0,N,148,50,1,9.0,0.5,0.5,2.56,0.0,0.3,15.36,2.5,0.0
2,2021-11-01 00:42:36,2021-11-01 00:54:52,3.0,2.42,1.0,N,90,233,1,10.5,0.5,0.5,4.29,0.0,0.3,18.59,2.5,0.0
2,2021-11-01 00:17:10,2021-11-01 00:34:25,2.0,7.31,1.0,N,264,41,1,22.5,0.5,0.5,5.5,6.55,0.3,35.85,0.0,0.0
1,2021-11-01 00:03:45,2021-11-01 00:19:26,1.0,4.2,1.0,N,231,141,2,15.0,3.0,0.5,0.0,0.0,0.3,18.8,2.5,0.0
1,2021-11-01 00:20:13,2021-11-01 00:32:41,1.0,6.3,1.0,N,141,231,1,19.0,3.0,0.5,2.0,0.0,0.3,24.8,2.5,0.0
1,2021-11-01 00:33:58,2021-11-01 00:38:37,2.0,0.9,1.0,N,231,261,1,5.0,3.0,0.5,2.2,0.0,0.3,11.0,2.5,0.0
2,2021-11-01 00:24:38,2021-11-01 00:48:42,2.0,12.82,1.0,N,264,181,1,36.5,0.5,0.5,4.0,0.0,0.3,41.8,0.0,0.0
1,2021-11-01 00:03:01,2021-11-01 00:14:58,1.0,2.8,1.0,N,79,256,1,11.5,3.0,0.5,5.0,0.0,0.3,20.3,2.5,0.0
2,2021-11-01 00:05:25,2021-11-01 00:12:35,2.0,1.36,1.0,N,209,144,1,7.0,0.5,0.5,1.0,0.0,0.3,11.8,2.5,0.0
2,2021-11-01 00:18:52,2021-11-01 00:25:52,2.0,1.51,1.0,N,114,158,1,7.5,0.5,0.5,2.26,0.0,0.3,13.56,2.5,0.0
2,2021-11-01 00:38:40,2021-11-01 00:52:14,2.0,4.33,1.0,N,230,226,2,15.0,0.5,0.5,0.0,0.0,0.3,18.8,2.5,0.0
2,2021-11-01 00:21:45,2021-11-01 00:34:54,1.0,8.88,1.0,N,138,140,2,25.0,0.5,0.5,0.0,6.55,0.3,36.6,2.5,1.25
2,2021-11-01 00:18:49,2021-11-01 00:22:26,1.0,1.18,1.0,N,230,43,1,5.5,0.5,0.5,1.86,0.0,0.3,11.16,2.5,0.0
2,2021-11-01 00:30:17,2021-11-01 00:47:12,1.0,4.85,1.0,N,43,114,1,16.5,0.5,0.5,4.06,0.0,0.3,24.36,2.5,0.0
2,2021-11-01 00:50:52,2021-11-01 00:57:01,1.0,2.87,1.0,N,79,141,2,9.5,0.5,0.5,0.0,0.0,0.3,13.3,2.5,0.0
2,2021-11-01 00:40:34,2021-11-01 00:43:35,1.0,0.75,1.0,N,148,79,1,4.5,0.5,0.5,1.66,0.0,0.3,9.96,2.5,0.0
2,2021-11-01 00:49:34,2021-11-01 01:05:17,1.0,9.21,1.0,N,79,223,2,27.0,0.5,0.5,0.0,0.0,0.3,30.8,2.5,0.0
1,2021-11-01 00:14:29,2021-11-01 00:35:02,1.0,5.1,1.0,N,144,263,2,18.5,3.0,0.5,0.0,0.0,0.3,22.3,2.5,0.0
1,2021-11-01 00:36:52,2021-11-01 00:45:18,1.0,2.4,1.0,N,263,24,1,9.5,3.0,0.5,2.65,0.0,0.3,15.95,2.5,0.0
1,2021-11-01 00:49:26,2021-11-01 01:07:04,1.0,3.8,1.0,N,151,140,1,15.5,3.0,0.5,3.85,0.0,0.3,23.15,2.5,0.0
2,2021-11-01 00:30:52,2021-11-01 00:36:33,2.0,1.89,1.0,N,74,141,1,7.5,0.5,0.5,2.26,0.0,0.3,13.56,2.5,0.0
2,2021-11-01 00:57:18,2021-11-01 01:02:12,3.0,0.89,1.0,N,170,230,4,-5.5,-0.5,-0.5,0.0,0.0,-0.3,-9.3,-2.5,0.0
2,2021-11-01 00:57:18,2021-11-01 01:02:12,3.0,0.89,1.0,N,170,230,2,5.5,0.5,0.5,0.0,0.0,0.3,9.3,2.5,0.0
2,2021-11-01 00:03:59,2021-11-01 00:33:17,1.0,17.47,2.0,N,132,229,1,52.0,0.0,0.5,11.31,0.0,0.3,67.86,2.5,1.25
2,2021-11-01 00:34:56,2021-11-01 00:38:38,1.0,1.36,1.0,N,229,262,1,5.5,0.5,0.5,1.86,0.0,0.3,11.16,2.5,0.0
2,2021-11-01 00:41:56,2021-11-01 00:44:26,1.0,0.48,1.0,N,140,262,1,4.0,0.5,0.5,1.17,0.0,0.3,8.97,2.5,0.0
2,2021-11-01 00:05:43,2021-11-01 00:24:51,5.0,8.62,1.0,N,138,229,1,25.5,0.5,0.5,20.0,0.0,0.3,50.55,2.5,1.25
2,2021-11-01 00:47:42,2021-11-01 00:54:43,4.0,1.4,1.0,N,186,233,1,7.0,0.5,0.5,2.16,0.0,0.3,12.96,2.5,0.0
2,2021-11-01 00:44:43,2021-11-01 01:01:36,1.0,7.25,1.0,N,144,74,1,22.5,0.5,0.5,5.26,0.0,0.3,31.56,2.5,0.0
2,2021-11-01 00:26:58,2021-11-01 00:53:52,1.0,17.76,1.0,N,132,248,1,48.0,0.5,0.5,3.0,6.55,0.3,60.1,0.0,1.25
2,2021-11-01 00:20:41,2021-11-01 00:28:40,3.0,1.58,1.0,N,249,68,1,7.5,0.5,0.5,2.26,0.0,0.3,13.56,2.5,0.0
2,2021-11-01 00:35:30,2021-11-01 00:46:28,2.0,1.38,1.0,N,48,170,1,8.5,0.5,0.5,2.46,0.0,0.3,14.76,2.5,0.0
2,2021-11-01 00:51:44,2021-11-01 01:08:14,1.0,4.33,1.0,N,107,255,1,16.0,0.5,0.5,3.96,0.0,0.3,23.76,2.5,0.0
1,2021-11-01 00:02:18,2021-11-01 00:14:50,1.0,5.6,1.0,Y,144,233,1,17.5,3.0,0.5,4.25,0.0,0.3,25.55,2.5,0.0
2,2021-11-01 00:15:06,2021-11-01 00:18:13,1.0,0.53,1.0,N,148,232,3,-4.0,-0.5,-0.5,0.0,0.0,-0.3,-7.8,-2.5,0.0
2,2021-11-01 00:15:06,2021-11-01 00:18:13,1.0,0.53,1.0,N,148,4,2,4.0,0.5,0.5,0.0,0.0,0.3,7.8,2.5,0.0
2,2021-11-01 00:25:21,2021-11-01 00:34:34,1.0,3.36,1.0,N,79,141,1,11.0,0.5,0.5,2.96,0.0,0.3,17.76,2.5,0.0
2,2021-11-01 00:35:42,2021-11-01 00:41:41,1.0,1.65,1.0,N,140,236,1,7.0,0.5,0.5,1.0,0.0,0.3,11.8,2.5,0.0
2,2021-11-01 00:47:15,2021-11-01 00:54:52,1.0,3.02,1.0,N,263,168,1,10.5,0.5,0.5,1.0,0.0,0.3,15.3,2.5,0.0
2,2021-11-01 00:06:39,2021-11-01 00:31:52,2.0,5.95,1.0,N,79,225,2,22.0,0.5,0.5,0.0,0.0,0.3,25.8,2.5,0.0
2,2021-11-01 00:59:09,2021-11-01 01:08:59,2.0,2.97,1.0,N,79,230,1,10.5,0.5,0.5,0.0,0.0,0.3,14.3,2.5,0.0
2,2021-11-01 00:04:10,2021-11-01 00:19:24,1.0,3.7,1.0,N,141,144,1,14.0,0.5,0.5,2.5,0.0,0.3,20.3,2.5,0.0
2,2021-11-01 00:27:47,2021-11-01 00:31:24,1.0,1.1,1.0,N,79,107,1,5.5,0.5,0.5,1.5,0.0,0.3,10.8,2.5,0.0
2,2021-11-01 00:34:00,2021-11-01 00:41:49,1.0,1.47,1.0,N,170,48,1,7.5,0.5,0.5,1.0,0.0,0.3,12.3,2.5,0.0
2,2021-11-01 00:46:04,2021-11-01 01:03:44,1.0,7.6,1.0,N,163,244,1,23.5,0.5,0.5,4.1,0.0,0.3,31.4,2.5,0.0
2,2021-11-01 00:20:12,2021-11-01 00:38:16,3.0,11.29,1.0,N,138,219,2,31.0,0.5,0.5,0.0,0.0,0.3,33.55,0.0,1.25
2,2021-11-01 00:47:28,2021-11-01 00:55:04,1.0,2.19,1.0,N,230,113,1,8.5,0.5,0.5,2.46,0.0,0.3,14.76,2.5,0.0
1,2021-11-01 00:07:47,2021-11-01 00:20:03,4.0,2.8,1.0,N,161,249,1,11.5,3.0,0.5,2.0,0.0,0.3,17.3,2.5,0.0
1,2021-11-01 00:24:16,2021-11-01 00:33:13,2.0,2.1,1.0,N,234,162,1,9.0,3.0,0.5,2.55,0.0,0.3,15.35,2.5,0.0
1,2021-11-01 00:09:19,2021-11-01 00:16:53,2.0,1.2,1.0,N,100,48,2,7.0,3.0,0.5,0.0,0.0,0.3,10.8,2.5,0.0
1,2021-11-01 00:27:36,2021-11-01 00:37:40,1.0,2.6,1.0,N,186,141,1,10.5,3.0,0.5,4.25,0.0,0.3,18.55,2.5,0.0
1,2021-11-01 00:49:52,2021-11-01 01:09:36,1.0,4.0,1.0,N,148,225,1,16.5,3.0,0.5,4.05,0.0,0.3,24.35,2.5,0.0
2,2021-11-01 00:16:09,2021-11-01 00:26:55,1.0,6.13,1.0,N,238,127,2,18.5,0.5,0.5,0.0,0.0,0.3,19.8,0.0,0.0
1,2021-11-01 00:24:36,2021-11-01 00:28:04,1.0,0.9,1.0,N,162,161,1,5.0,3.0,0.5,2.2,0.0,0.3,11.0,2.5,0.0
1,2021-11-01 00:31:22,2021-11-01 00:45:40,1.0,2.8,1.0,N,163,262,1,12.0,3.0,0.5,3.95,0.0,0.3,19.75,2.5,0.0
1,2021-11-01 00:54:14,2021-11-01 01:09:37,1.0,4.5,1.0,N,141,129,2,16.0,3.0,0.5,0.0,0.0,0.3,19.8,2.5,0.0
1,2021-11-01 00:03:25,2021-11-01 00:27:32,2.0,16.8,1.0,N,132,255,1,46.0,1.75,0.5,9.71,0.0,0.3,58.26,0.0,1.25
2,2021-11-01 00:16:41,2021-11-01 00:24:35,2.0,1.4,1.0,N,100,48,2,7.5,0.5,0.5,0.0,0.0,0.3,11.3,2.5,0.0
2,2021-11-01 00:44:45,2021-11-01 01:03:38,2.0,5.21,1.0,N,48,7,1,18.0,0.5,0.5,4.2,0.0,0.3,26.0,2.5,0.0
1,2021-11-01 00:16:20,2021-11-01 00:26:30,1.0,1.9,1.0,N,246,234,1,9.0,3.0,0.5,2.0,0.0,0.3,14.8,2.5,0.0
1,2021-11-01 00:32:58,2021-11-01 00:57:29,2.0,6.3,1.0,N,249,226,1,22.0,3.0,0.5,5.15,0.0,0.3,30.95,2.5,0.0
2,2021-11-01 00:01:01,2021-11-01 00:31:15,6.0,12.64,1.0,N,138,225,2,38.0,0.5,0.5,0.0,0.0,0.3,40.55,0.0,1.25
1,2021-11-01 00:24:39,2021-11-01 00:43:49,1.0,7.4,1.0,N,138,236,1,22.0,4.25,0.5,4.0,0.0,0.3,31.05,2.5,1.25
1,2021-11-01 00:04:55,2021-11-01 00:15:34,1.0,5.5,1.0,N,132,216,1,17.0,1.75,0.5,3.9,0.0,0.3,23.45,0.0,1.25
2,2021-11-01 00:01:52,2021-11-01 00:16:52,2.0,7.98,1.0,N,138,255,1,23.5,0.5,0.5,7.82,0.0,0.3,33.87,0.0,1.25
2,2021-11-01 00:38:11,2021-11-01 00:51:55,1.0,3.08,1.0,N,48,263,1,12.0,0.5,0.5,3.16,0.0,0.3,18.96,2.5,0.0
1,2021-11-01 00:19:04,2021-11-01 00:29:31,0.0,2.2,1.0,N,186,79,1,10.0,3.0,0.5,2.0,0.0,0.3,15.8,2.5,0.0
1,2021-11-01 00:33:26,2021-11-01 00:41:51,0.0,1.6,1.0,N,107,68,1,8.0,3.0,0.5,2.35,0.0,0.3,14.15,2.5,0.0
1,2021-11-01 00:46:06,2021-11-01 00:52:00,0.0,1.0,1.0,N,68,90,1,6.0,3.0,0.5,1.2,0.0,0.3,11.0,2.5,0.0
1,2021-11-01 00:53:29,2021-11-01 01:07:30,0.0,3.9,1.0,N,90,236,1,14.0,3.0,0.5,4.45,0.0,0.3,22.25,2.5,0.0
2,2021-11-01 00:54:42,2021-11-01 00:58:38,3.0,1.12,1.0,N,158,186,1,5.5,0.5,0.5,1.86,0.0,0.3,11.16,2.5,0.0
1,2021-11-01 00:18:39,2021-11-01 01:05:27,2.0,33.8,4.0,N,132,265,1,148.5,1.75,0.5,30.2,0.0,0.3,181.25,0.0,1.25
2,2021-11-01 00:11:31,2021-11-01 00:15:50,1.0,2.0,1.0,N,70,129,2,7.5,0.5,0.5,0.0,0.0,0.3,10.05,0.0,1.25
2,2021-11-01 00:26:50,2021-11-01 00:36:54,1.0,2.0,1.0,N,79,170,1,9.0,0.5,0.5,2.0,0.0,0.3,14.8,2.5,0.0
2,2021-11-01 00:45:56,2021-11-01 00:57:49,1.0,2.79,1.0,N,100,144,1,10.5,0.5,0.5,2.86,0.0,0.3,17.16,2.5,0.0
2,2021-11-01 01:02:32,2021-11-01 01:15:19,1.0,2.09,1.0,N,144,234,1,9.5,0.5,0.5,2.66,0.0,0.3,15.96,2.5,0.0
2,2021-11-01 00:06:58,2021-11-01 00:19:16,1.0,3.43,1.0,N,144,237,1,12.5,0.5,0.5,1.0,0.0,0.3,17.3,2.5,0.0
2,2021-11-01 00:31:49,2021-11-01 00:58:11,1.0,6.89,1.0,N,246,80,1,24.0,0.5,0.5,5.56,0.0,0.3,33.36,2.5,0.0
1,2021-11-01 00:20:24,2021-11-01 00:35:32,0.0,5.9,1.0,N,141,211,1,19.0,3.0,0.5,6.8,0.0,0.3,29.6,2.5,0.0
1,2021-11-01 00:47:48,2021-11-01 01:08:00,1.0,5.4,1.0,N,79,13,1,19.0,3.0,0.5,3.0,0.0,0.3,25.8,2.5,0.0
1,2021-11-01 00:01:55,2021-11-01 00:06:53,1.0,1.7,1.0,N,141,262,1,7.0,3.0,0.5,2.15,0.0,0.3,12.95,2.5,0.0
2,2021-11-01 00:08:43,2021-11-01 00:16:41,1.0,1.85,1.0,N,239,262,4,-8.5,-0.5,-0.5,0.0,0.0,-0.3,-12.3,-2.5,0.0
2,2021-11-01 00:08:43,2021-11-01 00:16:41,1.0,1.85,1.0,N,239,262,2,8.5,0.5,0.5,0.0,0.0,0.3,12.3,2.5,0.0
2,2021-11-01 00:18:27,2021-11-01 00:24:15,1.0,1.15,1.0,N,262,229,1,6.5,0.5,0.5,0.5,0.0,0.3,10.8,2.5,0.0
2,2021-11-01 00:35:00,2021-11-01 00:49:09,1.0,5.8,1.0,N,140,209,2,19.0,0.5,0.5,0.0,0.0,0.3,22.8,2.5,0.0
2,2021-11-01 00:50:28,2021-11-01 01:06:43,1.0,4.8,1.0,N,209,164,4,-17.0,-0.5,-0.5,0.0,0.0,-0.3,-20.8,-2.5,0.0
2,2021-11-01 00:50:28,2021-11-01 01:06:43,1.0,4.8,1.0,N,209,164,2,17.0,0.5,0.5,0.0,0.0,0.3,20.8,2.5,0.0
1,2021-11-01 00:25:15,2021-11-01 00:35:11,1.0,3.4,1.0,N,161,75,2,11.5,3.0,0.5,0.0,0.0,0.3,15.3,2.5,0.0
1,2021-11-01 00:22:35,2021-11-01 00:26:47,1.0,0.7,1.0,N,107,90,1,5.0,3.0,0.5,0.0,0.0,0.3,8.8,2.5,0.0
2,2021-11-01 00:06:12,2021-11-01 00:22:48,2.0,3.59,1.0,N,249,140,1,14.0,0.5,0.5,3.56,0.0,0.3,21.36,2.5,0.0
2,2021-11-01 00:35:13,2021-11-01 00:45:27,2.0,3.23,1.0,N,209,79,1,12.0,0.5,0.5,1.58,0.0,0.3,17.38,2.5,0.0
2,2021-11-01 00:47:22,2021-11-01 01:17:07,3.0,8.33,1.0,N,79,157,2,28.5,0.5,0.5,0.0,0.0,0.3,32.3,2.5,0.0
1,2021-11-01 00:01:49,2021-11-01 00:22:09,1.0,5.6,1.0,N,68,7,1,19.0,3.0,0.5,4.56,0.0,0.3,27.36,2.5,0.0
2,2021-11-01 00:06:36,2021-11-01 00:14:57,2.0,1.57,1.0,N,90,48,1,8.0,0.5,0.5,2.36,0.0,0.3,14.16,2.5,0.0
2,2021-11-01 00:35:39,2021-11-01 00:47:08,1.0,2.28,1.0,N,249,170,2,10.0,0.5,0.5,0.0,0.0,0.3,13.8,2.5,0.0
2,2021-11-01 00:53:17,2021-11-01 01:00:25,1.0,1.65,1.0,N,234,230,4,-7.5,-0.5,-0.5,0.0,0.0,-0.3,-11.3,-2.5,0.0
2,2021-11-01 00:53:17,2021-11-01 01:00:25,1.0,1.65,1.0,N,234,230,2,7.5,0.5,0.5,0.0,0.0,0.3,11.3,2.5,0.0
2,2021-11-01 00:00:40,2021-11-01 00:02:46,2.0,0.41,1.0,N,79,79,1,3.5,0.5,0.5,1.46,0.0,0.3,8.76,2.5,0.0
2,2021-11-01 00:05:02,2021-11-01 00:09:23,3.0,1.19,1.0,N,79,170,1,5.5,0.5,0.5,1.86,0.0,0.3,11.16,2.5,0.0
2,2021-11-01 00:24:47,2021-11-01 00:35:41,3.0,2.49,1.0,N,107,163,1,10.0,0.5,0.5,2.76,0.0,0.3,16.56,2.5,0.0
2,2021-11-01 00:45:06,2021-11-01 00:52:17,3.0,1.34,1.0,N,164,161,1,7.0,0.5,0.5,1.08,0.0,0.3,11.88,2.5,0.0
1,2021-11-01 00:28:20,2021-11-01 00:55:58,1.0,20.4,2.0,N,132,243,1,52.0,1.25,0.5,5.0,6.55,0.3,65.6,0.0,1.25
2,2021-11-01 00:00:39,2021-11-01 00:14:44,1.0,2.5,1.0,N,249,48,1,11.5,0.5,0.5,2.0,0.0,0.3,17.3,2.5,0.0
2,2021-11-01 00:36:54,2021-11-01 00:38:41,1.0,0.42,1.0,N,186,164,1,3.5,0.5,0.5,2.19,0.0,0.3,9.49,2.5,0.0
2,2021-11-01 00:44:52,2021-11-01 00:53:22,1.0,1.77,1.0,N,186,224,1,8.0,0.5,0.5,2.36,0.0,0.3,14.16,2.5,0.0
2,2021-11-01 00:01:13,2021-11-01 00:12:12,2.0,2.94,1.0,N,48,145,2,11.5,0.5,0.5,0.0,0.0,0.3,15.3,2.5,0.0
2,2021-11-01 00:22:33,2021-11-01 00:36:32,2.0,2.67,1.0,N,230,233,2,11.5,0.5,0.5,0.0,0.0,0.3,15.3,2.5,0.0
2,2021-11-01 00:44:57,2021-11-01 00:56:04,1.0,2.33,1.0,N,162,249,1,10.0,0.5,0.5,3.45,0.0,0.3,17.25,2.5,0.0
2,2021-11-01 00:56:51,2021-11-01 01:14:22,1.0,5.39,1.0,N,249,181,1,18.0,0.5,0.5,4.36,0.0,0.3,26.16,2.5,0.0
2,2021-11-01 00:23:39,2021-11-01 00:35:38,1.0,7.34,1.0,N,132,95,1,21.5,0.5,0.5,7.22,0.0,0.3,31.27,0.0,1.25
2,2021-11-01 00:00:46,2021-11-01 00:08:52,2.0,1.68,1.0,N,79,90,1,8.0,0.5,0.5,1.77,0.0,0.3,13.57,2.5,0.0
2,2021-11-01 00:10:24,2021-11-01 00:15:27,2.0,1.16,1.0,N,90,48,1,6.0,0.5,0.5,2.0,0.0,0.3,11.8,2.5,0.0
2,2021-11-01 00:34:24,2021-11-01 00:45:39,2.0,2.42,1.0,N,75,166,1,10.5,0.5,0.5,7.5,0.0,0.3,19.3,0.0,0.0
2,2021-11-01 00:49:36,2021-11-01 00:56:02,2.0,1.03,1.0,N,166,75,1,6.5,0.5,0.5,2.34,0.0,0.3,10.14,0.0,0.0
2,2021-11-01 00:16:51,2021-11-01 00:52:25,3.0,15.71,1.0,N,189,244,1,46.0,0.5,0.5,9.96,0.0,0.3,59.76,2.5,0.0
2,2021-11-01 00:06:12,2021-11-01 00:26:55,1.0,8.98,1.0,N,138,48,1,27.5,0.5,0.5,9.46,6.55,0.3,48.56,2.5,1.25
2,2021-11-01 00:39:38,2021-11-01 00:46:38,1.0,1.01,1.0,N,48,50,1,6.5,0.5,0.5,2.06,0.0,0.3,12.36,2.5,0.0
1,2021-11-01 00:23:27,2021-11-01 00:27:41,0.0,1.0,1.0,Y,162,170,1,5.0,3.0,0.5,1.5,0.0,0.3,10.3,2.5,0.0
1,2021-11-01 00:43:08,2021-11-01 00:55:22,2.0,1.8,1.0,N,113,186,1,9.5,3.0,0.5,3.3,0.0,0.3,16.6,2.5,0.0
1,2021-11-01 00:59:22,2021-11-01 01:12:53,0.0,4.2,1.0,N,186,151,1,14.5,3.0,0.5,3.65,0.0,0.3,21.95,2.5,0.0
1,2021-11-01 00:12:35,2021-11-01 00:44:00,1.0,15.3,1.0,N,138,40,1,42.5,1.75,0.5,9.0,0.0,0.3,54.05,0.0,1.25
2,2021-11-01 00:48:29,2021-11-01 01:09:21,2.0,5.47,1.0,N,107,7,2,20.0,0.5,0.5,0.0,0.0,0.3,23.8,2.5,0.0
2,2021-11-01 00:20:22,2021-11-01 00:35:41,1.0,5.13,1.0,N,79,226,1,16.5,0.5,0.5,4.06,0.0,0.3,24.36,2.5,0.0
2,2021-11-01 00:54:00,2021-11-01 01:01:07,1.0,2.5,1.0,N,170,236,1,9.0,0.5,0.5,2.56,0.0,0.3,15.36,2.5,0.0
2,2021-11-01 00:35:10,2021-11-01 00:43:59,1.0,3.08,1.0,N,107,141,1,10.5,0.5,0.5,4.29,0.0,0.3,18.59,2.5,0.0
2,2021-11-01 00:58:39,2021-11-01 01:01:46,1.0,0.9,1.0,N,186,68,1,5.0,0.5,0.5,1.76,0.0,0.3,10.56,2.5,0.0
2,2021-11-01 00:51:56,2021-11-01 01:08:47,2.0,3.66,1.0,N,163,144,2,14.5,0.5,0.5,0.0,0.0,0.3,18.3,2.5,0.0
1,2021-11-01 00:25:12,2021-11-01 00:49:22,1.0,6.4,1.0,Y,249,62,2,22.0,3.0,0.5,0.0,0.0,0.3,25.8,2.5,0.0
2,2021-11-01 00:56:18,2021-11-01 01:01:45,1.0,1.04,1.0,N,234,107,1,6.0,0.5,0.5,3.0,0.0,0.3,12.8,2.5,0.0
2,2021-11-01 00:09:45,2021-11-01 00:15:57,1.0,1.17,1.0,N,137,162,2,6.5,0.5,0.5,0.0,0.0,0.3,10.3,2.5,0.0
2,2021-11-01 00:41:15,2021-11-01 00:43:31,1.0,0.42,1.0,N,249,113,2,3.5,0.5,0.5,0.0,0.0,0.3,7.3,2.5,0.0
2,2021-11-01 00:15:22,2021-11-01 00:32:08,3.0,4.19,1.0,N,186,263,1,15.0,0.5,0.5,3.76,0.0,0.3,22.56,2.5,0.0
2,2021-11-01 00:57:00,2021-11-01 01:01:37,2.0,0.81,1.0,N,162,100,2,5.0,0.5,0.5,0.0,0.0,0.3,8.8,2.5,0.0
1,2021-11-01 00:22:48,2021-11-01 00:35:41,1.0,3.4,1.0,N,263,107,1,13.0,3.0,0.5,0.0,0.0,0.3,16.8,2.5,0.0
1,2021-11-01 00:50:25,2021-11-01 00:59:34,1.0,1.5,1.0,Y,249,231,1,8.0,3.0,0.5,3.5,0.0,0.3,15.3,2.5,0.0
2,2021-11-01 00:06:23,2021-11-01 00:15:19,1.0,1.79,1.0,N,114,230,4,-8.0,-0.5,-0.5,0.0,0.0,-0.3,-11.8,-2.5,0.0
2,2021-11-01 00:06:23,2021-11-01 00:15:19,1.0,1.79,1.0,N,114,100,2,8.0,0.5,0.5,0.0,0.0,0.3,11.8,2.5,0.0
2,2021-11-01 00:33:26,2021-11-01 00:40:03,1.0,1.2,1.0,N,90,246,1,6.5,0.5,0.5,1.5,0.0,0.3,11.8,2.5,0.0
2,2021-11-01 00:47:09,2021-11-01 01:00:31,1.0,2.91,1.0,N,186,239,2,11.5,0.5,0.5,0.0,0.0,0.3,15.3,2.5,0.0
2,2021-11-01 00:07:34,2021-11-01 00:18:09,1.0,2.66,1.0,N,114,125,1,10.5,0.5,0.5,2.86,0.0,0.3,17.16,2.5,0.0
2,2021-11-01 00:31:07,2021-11-01 00:52:29,1.0,6.37,1.0,N,249,151,1,21.5,0.5,0.5,5.06,0.0,0.3,30.36,2.5,0.0
2,2021-11-01 00:20:55,2021-11-01 00:23:47,1.0,0.66,1.0,N,164,230,1,4.5,0.5,0.5,2.08,0.0,0.3,10.38,2.5,0.0
2,2021-11-01 00:38:18,2021-11-01 00:45:35,1.0,0.74,1.0,N,249,114,1,6.5,0.5,0.5,1.0,0.0,0.3,11.3,2.5,0.0
2,2021-11-01 00:49:24,2021-11-01 01:06:13,1.0,3.49,1.0,N,114,48,1,14.0,0.5,0.5,3.56,0.0,0.3,21.36,2.5,0.0
2,2021-11-01 00:53:00,2021-11-01 01:11:12,2.0,6.1,1.0,N,230,116,2,20.0,0.5,0.5,0.0,0.0,0.3,23.8,2.5,0.0
2,2021-11-01 00:03:33,2021-11-01 00:38:46,1.0,9.02,1.0,N,234,91,1,31.0,0.5,0.5,6.96,0.0,0.3,41.76,2.5,0.0
2,2021-11-01 00:50:11,2021-11-01 00:52:37,5.0,0.58,1.0,N,170,170,1,4.0,0.5,0.5,1.56,0.0,0.3,9.36,2.5,0.0
1,2021-11-01 00:28:41,2021-11-01 00:31:29,2.0,1.0,1.0,N,79,137,1,5.0,3.0,0.5,1.75,0.0,0.3,10.55,2.5,0.0
1,2021-11-01 00:46:25,2021-11-01 00:53:00,1.0,1.9,1.0,N,79,170,1,7.5,3.0,0.5,2.25,0.0,0.3,13.55,2.5,0.0
1,2021-11-01 00:52:34,2021-11-01 00:55:48,1.0,1.0,1.0,N,186,246,1,5.0,3.0,0.5,1.75,0.0,0.3,10.55,2.5,0.0
2,2021-10-31 23:59:05,2021-11-01 00:04:31,4.0,1.65,1.0,N,239,48,1,7.0,0.5,0.5,2.16,0.0,0.3,12.96,2.5,0.0
1,2021-11-01 00:04:05,2021-11-01 00:13:20,2.0,2.1,1.0,N,234,79,1,9.0,3.0,0.5,2.0,0.0,0.3,14.8,2.5,0.0
1,2021-11-01 00:31:03,2021-11-01 00:33:25,1.0,0.5,1.0,N,79,79,3,4.0,3.0,0.5,0.0,0.0,0.3,7.8,2.5,0.0
1,2021-11-01 00:35:07,2021-11-01 00:45:33,2.0,2.3,1.0,N,79,261,1,9.5,3.0,0.5,2.0,0.0,0.3,15.3,2.5,0.0
2,2021-11-01 00:09:40,2021-11-01 00:15:05,1.0,1.29,1.0,N,162,164,1,6.5,0.5,0.5,1.0,0.0,0.3,11.3,2.5,0.0
2,2021-11-01 00:20:09,2021-11-01 00:32:04,1.0,3.73,1.0,N,48,262,1,12.5,0.5,0.5,3.26,0.0,0.3,19.56,2.5,0.0
2,2021-11-01 00:54:24,2021-11-01 01:02:01,1.0,1.14,1.0,N,48,164,1,7.0,0.5,0.5,2.7,0.0,0.3,13.5,2.5,0.0
2,2021-11-01 00:10:27,2021-11-01 00:22:33,1.0,2.51,1.0,N,211,100,2,10.5,0.5,0.5,0.0,0.0,0.3,14.3,2.5,0.0
2,2021-11-01 00:32:14,2021-11-01 00:39:54,2.0,1.55,1.0,N,249,164,1,7.5,0.5,0.5,2.26,0.0,0.3,13.56,2.5,0.0
2,2021-11-01 00:58:57,2021-11-01 01:07:44,2.0,2.04,1.0,N,249,170,1,8.5,0.5,0.5,1.0,0.0,0.3,13.3,2.5,0.0
2,2021-10-31 23:53:34,2021-11-01 00:04:09,5.0,2.86,1.0,N,249,142,1,11.0,0.5,0.5,1.0,0.0,0.3,15.8,2.5,0.0
2,2021-11-01 00:45:23,2021-11-01 01:08:35,5.0,7.61,1.0,N,79,24,1,24.5,0.5,0.5,5.66,0.0,0.3,33.96,2.5,0.0
1,2021-11-01 00:56:17,2021-11-01 01:28:11,1.0,8.2,1.0,N,230,106,1,28.0,3.0,0.5,6.35,0.0,0.3,38.15,2.5,0.0
2,2021-11-01 00:22:23,2021-11-01 00:43:06,1.0,5.93,1.0,N,211,145,1,20.0,0.5,0.5,3.0,0.0,0.3,26.8,2.5,0.0
2,2021-11-01 00:34:30,2021-11-01 00:58:22,1.0,11.85,1.0,N,138,100,2,34.5,0.5,0.5,0.0,6.55,0.3,46.1,2.5,1.25
2,2021-11-01 00:26:58,2021-11-01 00:33:27,6.0,1.22,1.0,N,249,107,1,6.5,0.5,0.5,2.06,0.0,0.3,12.36,2.5,0.0
2,2021-11-01 00:36:42,2021-11-01 00:38:25,6.0,0.46,1.0,N,107,107,1,3.5,0.5,0.5,1.46,0.0,0.3,8.76,2.5,0.0
2,2021-11-01 00:52:30,2021-11-01 01:14:16,6.0,2.8,1.0,N,249,12,2,15.5,0.5,0.5,0.0,0.0,0.3,19.3,2.5,0.0
2,2021-11-01 00:05:20,2021-11-01 00:16:05,1.0,5.15,1.0,N,107,261,1,16.0,0.5,0.5,2.0,0.0,0.3,21.8,2.5,0.0
2,2021-11-01 00:22:15,2021-11-01 00:24:17,1.0,0.44,1.0,N,231,231,2,3.5,0.5,0.5,0.0,0.0,0.3,7.3,2.5,0.0
2,2021-11-01 00:26:56,2021-11-01 00:37:18,1.0,3.22,1.0,N,211,50,1,11.5,0.5,0.5,2.3,0.0,0.3,17.6,2.5,0.0
2,2021-11-01 00:30:02,2021-11-01 00:38:23,1.0,2.64,1.0,N,138,7,1,9.5,0.5,0.5,2.41,0.0,0.3,14.46,0.0,1.25
2,2021-11-01 00:41:33,2021-11-01 00:56:37,6.0,3.44,1.0,N,230,79,1,13.0,0.5,0.5,3.36,0.0,0.3,20.16,2.5,0.0
1,2021-11-01 00:08:30,2021-11-01 00:19:02,1.0,2.8,1.0,N,230,224,2,10.5,3.0,0.5,0.0,0.0,0.3,14.3,2.5,0.0
1,2021-11-01 00:22:01,2021-11-01 00:30:02,1.0,1.3,1.0,N,224,90,1,7.5,3.0,0.5,2.25,0.0,0.3,13.55,2.5,0.0
1,2021-11-01 00:34:33,2021-11-01 00:50:20,2.0,4.8,1.0,Y,234,87,1,17.5,3.0,0.5,4.25,0.0,0.3,25.55,2.5,0.0
2,2021-11-01 00:29:41,2021-11-01 00:45:45,1.0,4.7,1.0,N,264,216,1,17.0,0.5,0.5,3.66,0.0,0.3,21.96,0.0,0.0
2,2021-11-01 00:25:54,2021-11-01 00:34:16,1.0,1.24,1.0,N,114,148,1,7.5,0.5,0.5,1.0,0.0,0.3,12.3,2.5,0.0
2,2021-11-01 00:30:36,2021-11-01 00:38:02,1.0,1.19,1.0,N,79,144,1,7.0,0.5,0.5,2.16,0.0,0.3,12.96,2.5,0.0
2,2021-11-01 00:52:17,2021-11-01 01:02:51,1.0,2.79,1.0,N,233,75,1,11.0,0.5,0.5,2.96,0.0,0.3,17.76,2.5,0.0
1,2021-11-01 00:04:23,2021-11-01 00:14:39,1.0,1.8,1.0,N,100,113,1,9.0,3.0,0.5,2.55,0.0,0.3,15.35,2.5,0.0
1,2021-11-01 00:24:49,2021-11-01 00:41:54,1.0,3.5,1.0,Y,114,48,1,14.0,3.0,0.5,3.55,0.0,0.3,21.35,2.5,0.0
1,2021-11-01 00:46:31,2021-11-01 00:52:15,1.0,1.4,1.0,N,48,142,1,7.0,3.0,0.5,2.7,0.0,0.3,13.5,2.5,0.0
2,2021-11-01 00:35:13,2021-11-01 00:39:40,1.0,0.63,1.0,N,151,238,2,5.0,0.5,0.5,0.0,0.0,0.3,6.3,0.0,0.0
2,2021-11-01 00:44:55,2021-11-01 00:49:43,1.0,0.78,1.0,N,142,230,1,5.0,0.5,0.5,2.2,0.0,0.3,11.0,2.5,0.0
1,2021-11-01 00:21:02,2021-11-01 00:27:50,1.0,2.3,1.0,N,162,239,1,8.5,3.0,0.5,1.0,0.0,0.3,13.3,2.5,0.0
1,2021-11-01 00:38:01,2021-11-01 00:56:27,2.0,4.2,1.0,N,229,246,1,16.0,3.0,0.5,2.0,0.0,0.3,21.8,2.5,0.0
2,2021-11-01 00:06:38,2021-11-01 00:06:49,6.0,0.08,1.0,N,50,50,3,-2.5,-0.5,-0.5,0.0,0.0,-0.3,-6.3,-2.5,0.0
2,2021-11-01 00:06:38,2021-11-01 00:06:49,6.0,0.08,1.0,N,50,50,2,2.5,0.5,0.5,0.0,0.0,0.3,6.3,2.5,0.0
2,2021-11-01 00:46:00,2021-11-01 00:55:28,6.0,2.31,1.0,N,48,237,1,10.0,0.5,0.5,3.45,0.0,0.3,17.25,2.5,0.0
2,2021-11-01 00:07:11,2021-11-01 00:15:42,1.0,1.92,1.0,N,140,238,2,8.5,0.5,0.5,0.0,0.0,0.3,12.3,2.5,0.0
1,2021-11-01 00:27:05,2021-11-01 00:45:12,1.0,5.1,1.0,N,79,142,1,17.5,3.0,0.5,5.3,0.0,0.3,26.6,2.5,0.0
1,2021-11-01 00:59:50,2021-11-01 01:16:00,3.0,3.6,1.0,N,249,217,1,15.0,3.0,0.5,3.75,0.0,0.3,22.55,2.5,0.0
2,2021-11-01 00:01:04,2021-11-01 00:03:01,1.0,0.36,1.0,N,234,90,1,3.5,0.5,0.5,1.46,0.0,0.3,8.76,2.5,0.0
2,2021-11-01 00:05:58,2021-11-01 00:19:47,1.0,4.06,1.0,N,234,263,1,14.0,0.5,0.5,3.56,0.0,0.3,21.36,2.5,0.0
2,2021-11-01 00:35:33,2021-11-01 00:37:09,1.0,0.54,1.0,N,249,234,1,3.5,0.5,0.5,1.82,0.0,0.3,9.12,2.5,0.0
2,2021-11-01 00:18:51,2021-11-01 00:49:45,1.0,19.8,1.0,N,132,25,1,54.0,0.5,0.5,11.31,0.0,0.3,67.86,0.0,1.25
1,2021-11-01 00:01:58,2021-11-01 00:06:07,1.0,0.6,1.0,N,249,90,1,5.0,3.0,0.5,1.75,0.0,0.3,10.55,2.5,0.0
1,2021-11-01 00:14:50,2021-11-01 00:37:21,1.0,7.3,1.0,N,114,166,3,23.5,3.0,0.5,0.0,0.0,0.3,27.3,2.5,0.0
1,2021-11-01 00:01:02,2021-11-01 00:34:09,3.0,20.3,2.0,N,132,234,1,52.0,3.75,0.5,2.82,0.0,0.3,59.37,2.5,1.25
1,2021-11-01 00:40:21,2021-11-01 01:03:06,3.0,5.9,1.0,N,249,263,1,20.5,3.0,0.5,4.85,0.0,0.3,29.15,2.5,0.0
2,2021-11-01 00:40:26,2021-11-01 00:44:17,1.0,0.93,1.0,N,48,163,1,5.0,0.5,0.5,2.2,0.0,0.3,11.0,2.5,0.0
2,2021-11-01 00:46:12,2021-11-01 01:06:10,1.0,4.59,1.0,N,209,161,1,17.0,0.5,0.5,4.16,0.0,0.3,24.96,2.5,0.0
1,2021-11-01 00:26:23,2021-11-01 00:29:08,1.0,0.4,1.0,N,113,113,1,4.0,3.0,0.5,2.3,0.0,0.3,10.1,2.5,0.0
2,2021-10-31 23:49:18,2021-11-01 00:03:48,1.0,3.58,1.0,N,238,170,1,13.5,0.5,0.5,1.0,0.0,0.3,18.3,2.5,0.0
2,2021-11-01 00:17:19,2021-11-01 00:25:58,1.0,1.4,1.0,N,113,79,1,7.5,0.5,0.5,2.82,0.0,0.3,14.12,2.5,0.0
2,2021-11-01 00:30:06,2021-11-01 00:51:57,1.0,4.08,1.0,N,79,97,1,17.5,0.5,0.5,5.32,0.0,0.3,26.62,2.5,0.0
2,2021-11-01 00:27:52,2021-11-01 00:40:35,4.0,5.15,1.0,N,88,137,1,16.5,0.5,0.5,3.04,0.0,0.3,23.34,2.5,0.0
2,2021-11-01 00:10:09,2021-11-01 00:14:29,2.0,0.94,1.0,N,246,50,1,5.5,0.5,0.5,1.86,0.0,0.3,11.16,2.5,0.0
1,2021-11-01 00:10:02,2021-11-01 00:15:37,1.0,0.9,1.0,N,113,107,1,6.0,3.5,0.5,1.0,0.0,0.3,11.3,2.5,0.0
1,2021-11-01 00:23:18,2021-11-01 00:30:21,1.0,1.4,1.0,N,234,162,2,7.5,3.5,0.5,0.0,0.0,0.3,11.8,2.5,0.0
1,2021-11-01 00:41:36,2021-11-01 00:49:01,1.0,1.3,1.0,N,164,68,1,7.0,3.5,0.5,1.0,0.0,0.3,12.3,2.5,0.0
1,2021-11-01 00:50:51,2021-11-01 01:07:45,1.0,1.6,1.0,N,68,114,1,11.5,3.0,0.5,1.0,0.0,0.3,16.3,2.5,0.0
2,2021-11-01 00:12:23,2021-11-01 00:22:06,2.0,1.47,1.0,N,249,79,1,8.0,0.5,0.5,2.36,0.0,0.3,14.16,2.5,0.0
2,2021-11-01 00:23:41,2021-11-01 00:37:28,3.0,2.78,1.0,N,79,230,2,11.5,0.5,0.5,0.0,0.0,0.3,15.3,2.5,0.0
1,2021-11-01 00:08:47,2021-11-01 00:39:40,1.0,19.4,1.0,N,132,69,1,53.0,1.75,0.5,1.0,6.55,0.3,63.1,0.0,1.25
2,2021-11-01 00:20:51,2021-11-01 00:40:42,1.0,6.28,1.0,N,138,145,1,21.5,0.5,0.5,4.81,0.0,0.3,28.86,0.0,1.25
1,2021-11-01 00:10:24,2021-11-01 00:30:07,2.0,5.6,1.0,N,79,239,1,18.5,3.0,0.5,3.35,0.0,0.3,25.65,2.5,0.0
1,2021-11-01 00:18:32,2021-11-01 00:50:25,1.0,7.4,1.0,N,116,260,2,28.0,0.5,0.5,0.0,6.55,0.3,35.85,0.0,0.0
2,2021-11-01 00:06:49,2021-11-01 00:14:12,1.0,0.94,1.0,N,79,249,1,6.5,0.5,0.5,0.5,0.0,0.3,10.8,2.5,0.0
2,2021-11-01 00:20:53,2021-11-01 00:28:41,1.0,1.38,1.0,N,164,163,1,7.5,0.5,0.5,2.26,0.0,0.3,13.56,2.5,0.0
1,2021-11-01 00:06:14,2021-11-01 00:20:52,1.0,3.8,1.0,N,148,112,1,15.0,3.0,0.5,3.75,0.0,0.3,22.55,2.5,0.0
1,2021-11-01 00:29:42,2021-11-01 00:33:21,1.0,0.6,1.0,N,148,4,1,4.5,3.0,0.5,1.65,0.0,0.3,9.95,2.5,0.0
1,2021-11-01 00:34:50,2021-11-01 00:40:10,1.0,0.5,1.0,N,4,148,1,5.5,3.0,0.5,3.0,0.0,0.3,12.3,2.5,0.0
1,2021-11-01 00:55:50,2021-11-01 01:11:43,1.0,4.7,1.0,Y,249,238,3,16.0,3.0,0.5,0.0,0.0,0.3,19.8,2.5,0.0
1,2021-11-01 00:06:11,2021-11-01 00:28:20,1.0,10.3,1.0,N,113,14,1,30.0,3.0,0.5,8.4,0.0,0.3,42.2,2.5,0.0
2,2021-11-01 00:40:04,2021-11-01 00:53:18,1.0,2.75,1.0,N,114,233,1,11.5,0.5,0.5,1.53,0.0,0.3,16.83,2.5,0.0
2,2021-10-31 23:54:41,2021-11-01 00:06:29,1.0,2.74,1.0,N,186,141,1,11.5,0.5,0.5,2.0,0.0,0.3,17.3,2.5,0.0
2,2021-11-01 00:08:25,2021-11-01 00:30:09,1.0,6.61,1.0,N,141,97,2,21.0,0.5,0.5,0.0,0.0,0.3,24.8,2.5,0.0
2,2021-11-01 00:20:40,2021-11-01 00:25:54,4.0,1.09,1.0,N,236,237,1,6.0,0.5,0.5,1.0,0.0,0.3,10.8,2.5,0.0
2,2021-11-01 00:32:38,2021-11-01 00:39:27,4.0,1.23,1.0,N,164,246,1,7.0,0.5,0.5,2.7,0.0,0.3,13.5,2.5,0.0
2,2021-11-01 00:50:56,2021-11-01 01:02:59,4.0,6.52,1.0,N,48,244,1,19.5,0.5,0.5,4.66,0.0,0.3,27.96,2.5,0.0
2,2021-11-01 00:10:10,2021-11-01 00:17:20,6.0,1.5,1.0,N,162,246,2,7.0,0.5,0.5,0.0,0.0,0.3,10.8,2.5,0.0
2,2021-11-01 00:20:34,2021-11-01 00:25:21,6.0,1.6,1.0,N,50,239,1,6.5,0.5,0.5,2.06,0.0,0.3,12.36,2.5,0.0
2,2021-11-01 00:40:53,2021-11-01 01:01:45,6.0,6.94,1.0,N,164,116,1,21.0,0.5,0.5,4.0,0.0,0.3,28.8,2.5,0.0
2,2021-11-01 00:01:51,2021-11-01 00:10:13,1.0,2.17,1.0,N,107,229,1,9.0,0.5,0.5,2.56,0.0,0.3,15.36,2.5,0.0
2,2021-11-01 00:13:06,2021-11-01 00:22:02,1.0,2.4,1.0,N,229,234,1,9.5,0.5,0.5,3.99,0.0,0.3,17.29,2.5,0.0
2,2021-11-01 00:24:32,2021-11-01 00:38:02,1.0,3.69,1.0,N,234,142,1,13.5,0.5,0.5,3.46,0.0,0.3,20.76,2.5,0.0
2,2021-11-01 00:42:09,2021-11-01 00:59:49,1.0,9.47,1.0,N,142,220,1,27.5,0.5,0.5,0.0,0.0,0.3,31.3,2.5,0.0
2,2021-11-01 00:03:40,2021-11-01 00:16:08,1.0,3.46,1.0,N,50,75,2,12.5,0.5,0.5,0.0,0.0,0.3,16.3,2.5,0.0
2,2021-11-01 00:26:57,2021-11-01 00:36:37,1.0,1.94,1.0,N,237,143,1,9.0,0.5,0.5,1.92,0.0,0.3,14.72,2.5,0.0
2,2021-11-01 00:39:15,2021-11-01 00:48:14,1.0,1.92,1.0,N,142,151,1,9.0,0.5,0.5,1.0,0.0,0.3,13.8,2.5,0.0
1,2021-11-01 00:23:36,2021-11-01 00:37:34,2.0,7.9,1.0,Y,138,236,1,23.5,4.25,0.5,1.5,6.55,0.3,36.6,2.5,1.25
1,2021-11-01 00:52:47,2021-11-01 01:14:14,1.0,7.5,1.0,N,230,144,2,25.0,3.0,0.5,0.0,0.0,0.3,28.8,2.5,0.0
2,2021-11-01 00:02:57,2021-11-01 00:15:03,2.0,2.49,1.0,N,246,125,1,11.0,0.5,0.5,2.96,0.0,0.3,17.76,2.5,0.0
2,2021-11-01 00:22:44,2021-11-01 00:31:13,2.0,1.73,1.0,N,113,170,1,8.0,0.5,0.5,2.36,0.0,0.3,14.16,2.5,0.0
2,2021-11-01 00:33:39,2021-11-01 00:46:20,2.0,2.74,1.0,N,107,50,1,11.5,0.5,0.5,1.5,0.0,0.3,16.8,2.5,0.0
2,2021-11-01 00:57:45,2021-11-01 01:34:36,2.0,9.05,1.0,N,48,61,1,31.5,0.5,0.5,7.06,0.0,0.3,42.36,2.5,0.0
2,2021-11-01 00:48:47,2021-11-01 00:48:51,1.0,0.0,5.0,N,265,265,1,51.0,0.0,0.0,5.0,0.0,0.3,56.3,0.0,0.0
2,2021-11-01 00:24:40,2021-11-01 00:26:28,2.0,0.6,1.0,N,113,90,1,4.0,0.5,0.5,1.0,0.0,0.3,8.8,2.5,0.0
2,2021-11-01 00:28:14,2021-11-01 00:38:49,2.0,2.32,1.0,N,90,48,1,10.0,0.5,0.5,2.76,0.0,0.3,16.56,2.5,0.0
2,2021-11-01 00:10:57,2021-11-01 00:31:18,2.0,5.7,1.0,N,68,42,1,19.5,0.5,0.5,4.66,0.0,0.3,27.96,2.5,0.0
2,2021-11-01 00:47:18,2021-11-01 00:51:29,1.0,0.92,1.0,N,41,24,2,5.5,0.5,0.5,0.0,0.0,0.3,6.8,0.0,0.0
2,2021-11-01 00:56:06,2021-11-01 01:02:20,2.0,1.38,1.0,N,151,166,1,7.0,0.5,0.5,3.0,0.0,0.3,11.3,0.0,0.0
1,2021-11-01 00:14:50,2021-11-01 00:33:33,1.0,7.0,1.0,N,263,127,2,23.0,3.0,0.5,0.0,0.0,0.3,26.8,2.5,0.0
2,2021-11-01 00:19:16,2021-11-01 00:40:03,1.0,9.56,1.0,N,79,223,1,29.5,0.5,0.5,9.99,0.0,0.3,43.29,2.5,0.0
2,2021-11-01 00:47:44,2021-11-01 01:07:13,1.0,3.35,1.0,N,114,50,1,14.0,0.5,0.5,1.0,0.0,0.3,18.8,2.5,0.0
1,2021-11-01 00:12:45,2021-11-01 00:29:31,1.0,5.5,1.0,N,249,75,2,17.5,3.0,0.5,0.0,0.0,0.3,21.3,2.5,0.0
1,2021-11-01 00:48:03,2021-11-01 01:02:01,1.0,2.9,1.0,N,90,141,1,12.0,3.0,0.5,3.15,0.0,0.3,18.95,2.5,0.0
2,2021-11-01 00:57:20,2021-11-01 01:09:45,1.0,2.46,1.0,N,45,107,1,11.0,0.5,0.5,24.68,0.0,0.3,39.48,2.5,0.0
1,2021-11-01 00:07:15,2021-11-01 00:17:49,1.0,4.9,1.0,N,140,74,2,15.5,3.0,0.5,0.0,0.0,0.3,19.3,2.5,0.0
1,2021-11-01 00:02:52,2021-11-01 00:10:11,2.0,1.5,1.0,N,100,113,1,8.0,3.0,0.5,3.0,0.0,0.3,14.8,2.5,0.0
1,2021-11-01 00:12:52,2021-11-01 00:25:27,1.0,2.0,1.0,N,264,170,1,10.5,3.0,0.5,7.0,0.0,0.3,21.3,2.5,0.0
1,2021-11-01 00:32:10,2021-11-01 00:52:41,1.0,4.7,1.0,N,264,41,1,18.0,3.0,0.5,4.0,0.0,0.3,25.8,2.5,0.0
2,2021-11-01 00:10:59,2021-11-01 00:39:44,4.0,18.19,2.0,N,132,141,1,52.0,0.0,0.5,11.31,0.0,0.3,67.86,2.5,1.25
2,2021-11-01 00:08:17,2021-11-01 00:20:44,1.0,3.43,1.0,N,148,229,2,12.5,0.5,0.5,0.0,0.0,0.3,16.3,2.5,0.0
2,2021-11-01 00:33:28,2021-11-01 00:40:37,1.0,1.51,1.0,N,100,68,1,7.5,0.5,0.5,2.26,0.0,0.3,13.56,2.5,0.0
2,2021-11-01 00:10:23,2021-11-01 00:24:25,1.0,3.87,1.0,N,146,138,1,14.0,0.5,0.5,3.06,0.0,0.3,18.36,0.0,0.0
1,2021-11-01 00:45:21,2021-11-01 00:55:15,1.0,3.6,1.0,N,166,50,1,13.0,3.0,0.5,1.0,0.0,0.3,17.8,2.5,0.0
2,2021-11-01 00:19:14,2021-11-01 00:36:04,5.0,2.2,1.0,N,230,246,1,12.0,0.5,0.5,0.0,0.0,0.3,15.8,2.5,0.0
2,2021-11-01 00:40:07,2021-11-01 00:41:45,5.0,0.6,1.0,N,68,50,1,4.0,0.5,0.5,2.34,0.0,0.3,10.14,2.5,0.0
2,2021-11-01 00:52:27,2021-11-01 01:15:27,5.0,7.3,1.0,N,68,116,2,25.0,0.5,0.5,0.0,0.0,0.3,28.8,2.5,0.0
1,2021-11-01 00:19:29,2021-11-01 00:35:55,2.0,2.8,1.0,N,211,233,1,13.0,3.0,0.5,1.0,0.0,0.3,17.8,2.5,0.0
1,2021-11-01 00:49:57,2021-11-01 01:16:35,1.0,6.6,1.0,Y,113,7,1,23.0,3.0,0.5,20.0,0.0,0.3,46.8,2.5,0.0
2,2021-11-01 00:18:26,2021-11-01 00:22:58,2.0,0.68,1.0,N,249,125,1,5.0,0.5,0.5,2.2,0.0,0.3,11.0,2.5,0.0
2,2021-11-01 00:26:18,2021-11-01 00:36:15,2.0,2.17,1.0,N,249,12,1,9.5,0.5,0.5,3.32,0.0,0.3,16.62,2.5,0.0
2,2021-11-01 00:47:45,2021-11-01 00:53:50,2.0,0.97,1.0,N,231,45,1,6.5,0.5,0.5,2.06,0.0,0.3,12.36,2.5,0.0
2,2021-11-01 00:41:30,2021-11-01 01:04:43,1.0,4.23,1.0,N,158,79,1,17.0,0.5,0.5,4.16,0.0,0.3,24.96,2.5,0.0
2,2021-11-01 00:40:46,2021-11-01 00:57:51,1.0,5.27,1.0,N,68,41,1,17.0,0.5,0.5,4.16,0.0,0.3,24.96,2.5,0.0
2,2021-11-01 00:33:57,2021-11-01 00:43:30,1.0,2.6,1.0,N,68,13,1,10.0,0.5,0.5,2.76,0.0,0.3,16.56,2.5,0.0
2,2021-11-01 00:56:01,2021-11-01 01:04:40,1.0,2.25,1.0,N,158,88,1,8.5,0.5,0.5,2.0,0.0,0.3,14.3,2.5,0.0
1,2021-11-01 00:13:52,2021-11-01 00:21:38,1.0,1.7,1.0,N,246,48,1,8.0,3.0,0.5,2.35,0.0,0.3,14.15,2.5,0.0
1,2021-11-01 00:36:57,2021-11-01 00:41:10,1.0,0.7,1.0,N,246,186,1,5.0,3.0,0.5,1.75,0.0,0.3,10.55,2.5,0.0
1,2021-11-01 00:50:37,2021-11-01 01:02:28,1.0,3.6,1.0,N,246,88,2,13.0,3.0,0.5,0.0,0.0,0.3,16.8,2.5,0.0
2,2021-11-01 00:13:14,2021-11-01 00:21:04,1.0,1.22,1.0,N,142,141,1,7.5,0.5,0.5,1.0,0.0,0.3,12.3,2.5,0.0
2,2021-11-01 00:34:52,2021-11-01 00:56:01,2.0,12.42,1.0,N,230,213,1,35.0,0.5,0.5,11.64,0.0,0.3,50.44,2.5,0.0
2,2021-11-01 00:11:09,2021-11-01 00:23:39,1.0,2.62,1.0,N,79,237,1,11.5,0.5,0.5,3.06,0.0,0.3,18.36,2.5,0.0
2,2021-11-01 00:40:08,2021-11-01 00:55:43,2.0,3.01,1.0,N,114,246,1,13.0,0.5,0.5,0.0,0.0,0.3,16.8,2.5,0.0
2,2021-11-01 00:33:59,2021-11-01 01:05:11,2.0,15.43,1.0,N,68,259,1,44.5,0.5,0.5,5.0,0.0,0.3,53.3,2.5,0.0
2,2021-11-01 00:46:03,2021-11-01 01:06:43,2.0,11.56,1.0,N,264,129,2,33.0,0.5,0.5,0.0,0.0,0.3,34.3,0.0,0.0
1,2021-11-01 00:03:38,2021-11-01 00:23:08,1.0,4.3,1.0,N,90,229,1,16.0,3.0,0.5,2.0,0.0,0.3,21.8,2.5,0.0
1,2021-11-01 00:51:33,2021-11-01 00:57:39,2.0,1.2,1.0,N,107,164,1,6.5,3.0,0.5,2.55,0.0,0.3,12.85,2.5,0.0
2,2021-11-01 00:00:58,2021-11-01 00:15:52,1.0,7.7,1.0,N,138,15,1,23.5,0.5,0.5,5.0,0.0,0.3,31.05,0.0,1.25
1,2021-11-01 00:17:23,2021-11-01 00:46:43,1.0,8.5,1.0,N,230,167,2,28.5,3.0,0.5,0.0,0.0,0.3,32.3,2.5,0.0
2,2021-11-01 00:15:12,2021-11-01 00:30:45,1.0,8.39,1.0,N,138,141,1,24.0,0.5,0.5,6.0,6.55,0.3,41.6,2.5,1.25
2,2021-11-01 00:33:04,2021-11-01 00:34:58,1.0,0.69,1.0,N,141,263,2,4.0,0.5,0.5,0.0,0.0,0.3,7.8,2.5,0.0
2,2021-11-01 00:42:55,2021-11-01 01:22:45,4.0,21.92,5.0,N,132,265,1,120.0,0.0,0.0,0.0,6.55,0.3,128.1,0.0,1.25
1,2021-11-01 00:12:00,2021-11-01 00:21:31,1.0,2.4,1.0,N,141,234,1,9.5,3.0,0.5,3.0,0.0,0.3,16.3,2.5,0.0
1,2021-11-01 00:22:33,2021-11-01 00:33:27,1.0,2.5,1.0,N,234,79,1,10.0,3.0,0.5,0.0,0.0,0.3,13.8,2.5,0.0
1,2021-11-01 00:34:54,2021-11-01 00:59:54,1.0,7.0,1.0,N,79,166,1,23.0,3.0,0.5,5.35,0.0,0.3,32.15,2.5,0.0
2,2021-11-01 00:12:17,2021-11-01 00:17:15,5.0,1.26,1.0,N,113,100,1,6.0,0.5,0.5,2.45,0.0,0.3,12.25,2.5,0.0
2,2021-11-01 00:24:11,2021-11-01 00:46:52,5.0,7.79,1.0,N,90,116,1,25.0,0.5,0.5,5.76,0.0,0.3,34.56,2.5,0.0
2,2021-11-01 00:02:19,2021-11-01 00:13:32,1.0,1.89,1.0,N,211,234,1,9.0,0.5,0.5,2.56,0.0,0.3,15.36,2.5,0.0
2,2021-11-01 00:15:16,2021-11-01 00:20:00,1.0,1.28,1.0,N,234,114,1,6.0,0.5,0.5,2.45,0.0,0.3,12.25,2.5,0.0
2,2021-11-01 00:24:34,2021-11-01 00:37:56,3.0,3.87,1.0,N,114,237,1,13.5,0.5,0.5,4.32,0.0,0.3,21.62,2.5,0.0
2,2021-11-01 00:48:40,2021-11-01 00:53:03,2.0,0.78,1.0,N,114,148,1,5.0,0.5,0.5,2.2,0.0,0.3,11.0,2.5,0.0
1,2021-11-01 00:21:44,2021-11-01 00:50:05,2.0,8.0,1.0,N,100,255,1,27.0,3.0,0.5,6.15,0.0,0.3,36.95,2.5,0.0
1,2021-11-01 00:23:36,2021-11-01 00:38:28,1.0,2.9,1.0,N,68,4,2,12.0,3.0,0.5,0.0,0.0,0.3,15.8,2.5,0.0
1,2021-11-01 00:44:15,2021-11-01 00:53:45,2.0,2.1,1.0,Y,79,170,1,9.5,3.0,0.5,2.65,0.0,0.3,15.95,2.5,0.0
2,2021-10-31 23:53:03,2021-11-01 00:21:07,1.0,15.38,1.0,N,138,265,2,42.5,0.5,0.5,0.0,0.0,0.3,45.05,0.0,1.25
2,2021-11-01 00:27:21,2021-11-01 00:36:23,1.0,2.7,1.0,N,229,144,1,10.0,0.5,0.5,2.76,0.0,0.3,16.56,2.5,0.0
2,2021-11-01 00:42:59,2021-11-01 01:04:02,1.0,7.0,1.0,N,249,74,1,23.0,0.5,0.5,5.36,0.0,0.3,32.16,2.5,0.0
2,2021-11-01 00:22:04,2021-11-01 00:23:02,2.0,0.39,1.0,N,237,163,2,3.0,0.5,0.5,0.0,0.0,0.3,6.8,2.5,0.0
2,2021-11-01 00:30:36,2021-11-01 00:40:35,2.0,2.39,1.0,N,100,140,1,9.5,0.5,0.5,2.66,0.0,0.3,15.96,2.5,0.0
1,2021-11-01 00:17:51,2021-11-01 00:27:33,2.0,1.9,1.0,N,249,186,1,9.0,3.0,0.5,2.55,0.0,0.3,15.35,2.5,0.0
2,2021-11-01 00:22:36,2021-11-01 00:44:47,1.0,5.76,1.0,N,249,263,1,20.0,0.5,0.5,4.76,0.0,0.3,28.56,2.5,0.0
2,2021-11-01 00:50:55,2021-11-01 00:56:30,1.0,1.58,1.0,N,236,74,2,7.0,0.5,0.5,0.0,0.0,0.3,10.8,2.5,0.0
1,2021-11-01 00:18:50,2021-11-01 00:30:11,2.0,2.1,1.0,N,79,186,1,9.5,3.0,0.5,5.0,0.0,0.3,18.3,2.5,0.0
2,2021-11-01 00:40:18,2021-11-01 00:51:55,1.0,1.97,1.0,N,107,246,1,10.0,0.5,0.5,3.45,0.0,0.3,17.25,2.5,0.0
2,2021-11-01 00:08:46,2021-11-01 00:11:34,2.0,0.77,1.0,N,237,236,1,4.5,0.5,0.5,2.08,0.0,0.3,10.38,2.5,0.0
2,2021-11-01 00:13:17,2021-11-01 00:32:36,1.0,7.06,1.0,N,236,79,2,23.0,0.5,0.5,0.0,0.0,0.3,26.8,2.5,0.0
2,2021-11-01 00:13:17,2021-11-01 00:30:34,1.0,8.18,1.0,N,231,75,2,24.5,0.5,0.5,0.0,0.0,0.3,28.3,2.5,0.0
2,2021-11-01 00:33:22,2021-11-01 00:33:32,1.0,0.0,5.0,N,75,75,1,40.0,0.0,0.0,0.0,0.0,0.3,40.3,0.0,0.0
2,2021-11-01 00:21:06,2021-11-01 00:29:48,1.0,0.93,1.0,N,186,137,1,7.0,0.5,0.5,2.16,0.0,0.3,12.96,2.5,0.0
2,2021-11-01 00:45:08,2021-11-01 01:00:22,1.0,4.24,1.0,N,113,141,1,14.5,0.5,0.5,1.0,0.0,0.3,19.3,2.5,0.0
2,2021-11-01 00:48:56,2021-11-01 00:56:27,1.0,2.01,1.0,N,229,48,1,8.5,0.5,0.5,2.46,0.0,0.3,14.76,2.5,0.0
1,2021-11-01 00:11:25,2021-11-01 00:26:51,1.0,2.3,1.0,N,137,50,2,12.0,3.0,0.5,0.0,0.0,0.3,15.8,2.5,0.0
1,2021-11-01 00:30:43,2021-11-01 00:40:47,1.0,2.5,1.0,N,48,236,2,10.0,3.0,0.5,0.0,0.0,0.3,13.8,2.5,0.0
2,2021-11-01 00:33:46,2021-11-01 00:43:18,1.0,1.84,1.0,N,142,238,3,-9.0,-0.5,-0.5,0.0,0.0,-0.3,-12.8,-2.5,0.0
2,2021-11-01 00:33:46,2021-11-01 00:43:18,1.0,1.84,1.0,N,142,238,2,9.0,0.5,0.5,0.0,0.0,0.3,12.8,2.5,0.0
2,2021-11-01 00:49:26,2021-11-01 00:53:29,1.0,1.31,1.0,N,239,48,1,6.0,0.5,0.5,1.96,0.0,0.3,11.76,2.5,0.0
2,2021-11-01 00:30:10,2021-11-01 00:49:21,1.0,7.04,1.0,N,79,41,1,22.5,0.5,0.5,0.0,0.0,0.3,26.3,2.5,0.0
1,2021-11-01 00:00:55,2021-11-01 00:15:35,1.0,2.3,1.0,N,68,137,1,11.5,3.0,0.5,1.0,0.0,0.3,16.3,2.5,0.0
1,2021-11-01 00:19:50,2021-11-01 00:44:38,1.0,10.1,1.0,N,137,247,1,30.5,3.0,0.5,0.0,0.0,0.3,34.3,2.5,0.0
1,2021-11-01 00:00:42,2021-11-01 00:06:52,1.0,1.3,1.0,N,140,161,1,6.5,3.0,0.5,2.05,0.0,0.3,12.35,2.5,0.0
1,2021-11-01 00:15:38,2021-11-01 00:29:17,1.0,3.2,1.0,N,162,249,2,12.5,3.0,0.5,0.0,0.0,0.3,16.3,2.5,0.0
1,2021-11-01 00:33:46,2021-11-01 00:54:17,2.0,8.0,1.0,N,158,133,1,25.0,3.0,0.5,8.8,6.55,0.3,44.15,2.5,0.0
1,2021-11-01 00:56:58,2021-11-01 01:04:05,1.0,2.4,1.0,N,133,181,1,9.5,0.5,0.5,3.2,0.0,0.3,14.0,0.0,0.0
2,2021-11-01 00:09:40,2021-11-01 00:24:13,3.0,8.24,1.0,N,138,263,1,23.5,0.5,0.5,5.0,6.55,0.3,40.1,2.5,1.25
2,2021-11-01 00:25:52,2021-11-01 00:32:14,2.0,1.5,1.0,N,263,237,1,7.0,0.5,0.5,2.16,0.0,0.3,12.96,2.5,0.0
2,2021-11-01 00:01:18,2021-11-01 00:07:54,1.0,1.47,1.0,N,163,170,2,7.0,0.5,0.5,0.0,0.0,0.3,10.8,2.5,0.0
2,2021-11-01 00:17:58,2021-11-01 00:41:46,1.0,5.86,1.0,N,230,82,2,21.0,0.5,0.5,0.0,0.0,0.3,24.8,2.5,0.0
2,2021-11-01 00:13:46,2021-11-01 00:21:19,1.0,1.05,1.0,N,170,68,2,6.5,0.5,0.5,0.0,0.0,0.3,10.3,2.5,0.0
2,2021-11-01 00:24:24,2021-11-01 00:30:51,1.0,1.04,1.0,N,186,170,1,6.5,0.5,0.5,1.0,0.0,0.3,11.3,2.5,0.0
2,2021-11-01 00:33:01,2021-11-01 00:44:33,1.0,2.28,1.0,N,170,4,1,10.5,0.5,0.5,4.29,0.0,0.3,18.59,2.5,0.0
2,2021-11-01 00:49:47,2021-11-01 01:06:18,2.0,4.0,1.0,N,79,230,1,14.5,0.5,0.5,3.66,0.0,0.3,21.96,2.5,0.0
2,2021-11-01 00:15:51,2021-11-01 00:44:30,1.0,15.67,1.0,N,90,259,1,44.5,0.5,0.5,9.66,0.0,0.3,57.96,2.5,0.0
2,2021-11-01 00:28:08,2021-11-01 00:36:47,1.0,1.44,1.0,N,114,107,1,8.0,0.5,0.5,2.36,0.0,0.3,14.16,2.5,0.0
2,2021-11-01 00:12:35,2021-11-01 00:14:59,1.0,0.35,1.0,N,42,42,1,3.5,0.5,0.5,0.0,0.0,0.3,4.8,0.0,0.0
2,2021-11-01 00:11:36,2021-11-01 00:23:06,1.0,7.34,1.0,N,138,75,1,21.0,0.5,0.5,7.52,6.55,0.3,37.62,0.0,1.25
2,2021-10-31 23:56:00,2021-11-01 00:03:43,1.0,0.92,1.0,N,79,113,1,6.5,0.5,0.5,3.09,0.0,0.3,13.39,2.5,0.0
2,2021-11-01 00:10:37,2021-11-01 00:23:57,1.0,2.28,1.0,N,90,144,1,10.5,0.5,0.5,1.7,0.0,0.3,16.0,2.5,0.0
2,2021-11-01 00:26:54,2021-11-01 00:36:35,1.0,2.79,1.0,N,144,164,1,10.5,0.5,0.5,2.86,0.0,0.3,17.16,2.5,0.0
2,2021-11-01 00:07:42,2021-11-01 00:11:17,1.0,0.62,1.0,N,142,239,1,4.5,0.5,0.5,1.66,0.0,0.3,9.96,2.5,0.0
2,2021-11-01 00:07:26,2021-11-01 00:13:54,1.0,2.24,1.0,N,137,141,1,8.0,0.5,0.5,2.36,0.0,0.3,14.16,2.5,0.0
2,2021-11-01 00:05:47,2021-11-01 00:12:34,1.0,2.39,1.0,N,141,75,2,8.5,0.5,0.5,0.0,0.0,0.3,12.3,2.5,0.0
2,2021-11-01 00:33:22,2021-11-01 00:46:16,1.0,2.01,1.0,N,79,186,1,10.0,0.5,0.5,2.76,0.0,0.3,16.56,2.5,0.0
2,2021-11-01 00:47:57,2021-11-01 01:13:18,1.0,5.07,1.0,N,186,145,1,20.5,0.5,0.5,0.01,0.0,0.3,24.31,2.5,0.0
2,2021-11-01 00:03:45,2021-11-01 00:09:12,2.0,1.55,1.0,N,48,239,1,6.5,0.5,0.5,3.09,0.0,0.3,13.39,2.5,0.0
2,2021-11-01 00:19:07,2021-11-01 00:30:37,1.0,1.56,1.0,N,48,233,1,9.0,0.5,0.5,2.56,0.0,0.3,15.36,2.5,0.0
2,2021-11-01 00:45:38,2021-11-01 00:51:52,1.0,1.34,1.0,N,170,79,2,6.5,0.5,0.5,0.0,0.0,0.3,10.3,2.5,0.0
2,2021-11-01 00:56:04,2021-11-01 01:00:41,2.0,1.11,1.0,N,79,144,1,5.5,0.5,0.5,1.86,0.0,0.3,11.16,2.5,0.0
2,2021-11-01 00:35:17,2021-11-01 00:47:29,2.0,2.32,1.0,N,48,140,1,10.5,0.5,0.5,2.86,0.0,0.3,17.16,2.5,0.0
1,2021-11-01 00:16:08,2021-11-01 00:23:33,1.0,3.1,1.0,N,138,179,1,11.5,0.5,0.5,3.0,0.0,0.3,15.8,0.0,0.0
2,2021-11-01 00:13:28,2021-11-01 00:22:40,1.0,1.49,1.0,N,249,79,1,8.0,0.5,0.5,2.36,0.0,0.3,14.16,2.5,0.0
2,2021-11-01 00:57:33,2021-11-01 01:16:28,1.0,8.91,1.0,N,164,244,2,26.5,0.5,0.5,0.0,0.0,0.3,30.3,2.5,0.0
2,2021-11-01 00:20:02,2021-11-01 00:25:44,1.0,1.25,1.0,N,48,264,1,6.5,0.5,0.5,0.1,0.0,0.3,10.4,2.5,0.0
2,2021-11-01 00:31:17,2021-11-01 00:40:29,1.0,1.72,1.0,N,48,234,1,8.0,0.5,0.5,2.36,0.0,0.3,14.16,2.5,0.0
2,2021-11-01 00:48:35,2021-11-01 01:10:00,1.0,10.01,1.0,N,229,182,1,29.5,0.5,0.5,0.0,0.0,0.3,33.3,2.5,0.0
2,2021-11-01 00:10:24,2021-11-01 00:19:07,1.0,1.61,1.0,N,249,107,1,8.0,0.5,0.5,2.36,0.0,0.3,14.16,2.5,0.0
2,2021-11-01 00:21:43,2021-11-01 00:44:04,1.0,9.61,1.0,N,138,142,1,28.5,0.5,0.5,8.02,6.55,0.3,48.12,2.5,1.25
1,2021-11-01 00:15:40,2021-11-01 00:20:23,0.0,0.0,1.0,N,79,234,1,4.5,3.0,0.5,2.0,0.0,0.3,10.3,2.5,0.0
1,2021-11-01 00:26:05,2021-11-01 00:44:51,0.0,0.0,1.0,N,107,97,1,15.0,3.0,0.5,3.76,0.0,0.3,22.56,2.5,0.0
1,2021-11-01 00:56:16,2021-11-01 01:09:56,0.0,0.0,1.0,N,148,164,1,10.5,3.0,0.5,2.85,0.0,0.3,17.15,2.5,0.0
1,2021-11-01 00:11:38,2021-11-01 00:18:28,1.0,2.7,1.0,N,233,263,1,9.0,3.0,0.5,2.0,0.0,0.3,14.8,2.5,0.0
1,2021-11-01 00:48:11,2021-11-01 01:08:27,2.0,4.8,1.0,N,249,236,1,17.5,3.0,0.5,1.0,0.0,0.3,22.3,2.5,0.0
2,2021-11-01 00:06:04,2021-11-01 00:17:56,1.0,2.17,1.0,N,116,41,2,10.0,0.5,0.5,0.0,0.0,0.3,11.3,0.0,0.0
2,2021-11-01 00:00:36,2021-11-01 00:29:09,1.0,10.67,1.0,N,137,133,2,31.5,0.5,0.5,0.0,0.0,0.3,35.3,2.5,0.0
2,2021-11-01 00:47:01,2021-11-01 00:59:02,1.0,3.27,1.0,N,113,142,1,12.5,0.5,0.5,3.26,0.0,0.3,19.56,2.5,0.0
2,2021-11-01 00:21:23,2021-11-01 00:32:31,1.0,1.51,1.0,N,158,144,1,8.5,0.5,0.5,1.0,0.0,0.3,13.3,2.5,0.0
1,2021-11-01 00:10:12,2021-11-01 00:15:12,1.0,1.1,1.0,N,100,164,2,5.5,3.0,0.5,0.0,0.0,0.3,9.3,2.5,0.0
1,2021-11-01 00:18:14,2021-11-01 00:31:25,1.0,3.2,1.0,N,234,261,1,12.0,3.0,0.5,2.0,0.0,0.3,17.8,2.5,0.0
1,2021-11-01 00:37:33,2021-11-01 00:45:25,1.0,1.6,1.0,N,87,148,2,8.0,3.0,0.5,0.0,0.0,0.3,11.8,2.5,0.0
1,2021-11-01 00:47:45,2021-11-01 01:00:16,3.0,2.3,1.0,N,148,255,1,12.0,3.0,0.5,3.15,0.0,0.3,18.95,2.5,0.0
2,2021-10-31 23:59:21,2021-11-01 00:18:10,1.0,5.3,1.0,N,79,239,1,17.5,0.5,0.5,5.32,0.0,0.3,26.62,2.5,0.0
1,2021-11-01 00:22:39,2021-11-01 00:30:15,1.0,1.4,1.0,N,68,68,3,6.0,3.0,0.5,0.0,0.0,0.3,9.8,2.5,0.0
1,2021-11-01 00:32:51,2021-11-01 00:36:40,1.0,0.7,1.0,Y,68,90,2,5.0,3.0,0.5,0.0,0.0,0.3,8.8,2.5,0.0
1,2021-11-01 00:38:26,2021-11-01 00:50:37,2.0,2.8,1.0,Y,90,229,1,11.5,3.0,0.5,3.05,0.0,0.3,18.35,2.5,0.0
2,2021-11-01 00:55:57,2021-11-01 01:19:46,1.0,6.01,1.0,N,249,226,1,21.0,0.5,0.5,4.96,0.0,0.3,29.76,2.5,0.0
1,2021-11-01 00:20:11,2021-11-01 00:36:04,1.0,4.5,1.0,N,79,142,4,15.5,3.0,0.5,0.0,0.0,0.3,19.3,2.5,0.0
2,2021-11-01 00:20:38,2021-11-01 00:23:54,1.0,0.47,5.0,N,226,146,1,65.0,0.0,0.0,16.32,0.0,0.3,81.62,0.0,0.0
2,2021-11-01 00:18:30,2021-11-01 00:33:06,1.0,2.77,1.0,N,148,68,1,12.0,0.5,0.5,0.0,0.0,0.3,15.8,2.5,0.0
2,2021-11-01 00:36:44,2021-11-01 00:49:10,3.0,4.3,1.0,N,246,166,1,13.5,0.5,0.5,3.46,0.0,0.3,20.76,2.5,0.0
2,2021-11-01 00:50:24,2021-11-01 00:53:40,2.0,0.65,1.0,N,166,166,1,4.5,0.5,0.5,0.0,0.0,0.3,5.8,0.0,0.0
2,2021-11-01 00:16:14,2021-11-01 00:22:02,4.0,1.4,1.0,N,48,68,1,6.5,0.5,0.5,2.06,0.0,0.3,12.36,2.5,0.0
2,2021-11-01 00:06:13,2021-11-01 00:10:36,3.0,1.08,1.0,N,249,246,2,5.5,0.5,0.5,0.0,0.0,0.3,9.3,2.5,0.0
2,2021-11-01 00:13:24,2021-11-01 00:28:03,2.0,3.43,1.0,N,246,13,1,13.5,0.5,0.5,3.46,0.0,0.3,20.76,2.5,0.0
2,2021-11-01 00:30:37,2021-11-01 00:47:35,1.0,3.76,1.0,N,13,49,1,14.5,0.5,0.5,4.58,0.0,0.3,22.88,2.5,0.0
1,2021-11-01 00:56:11,2021-11-01 01:24:36,1.0,13.1,1.0,N,249,18,1,38.0,3.0,0.5,12.5,0.0,0.3,54.3,2.5,0.0
2,2021-11-01 00:23:12,2021-11-01 00:36:42,5.0,6.79,1.0,N,87,262,1,20.5,0.5,0.5,4.86,0.0,0.3,29.16,2.5,0.0
1,2021-11-01 00:21:26,2021-11-01 00:25:47,1.0,0.6,1.0,N,68,246,1,5.0,3.0,0.5,1.0,0.0,0.3,9.8,2.5,0.0
1,2021-11-01 00:27:10,2021-11-01 00:42:07,1.0,2.4,1.0,N,246,161,1,12.0,3.0,0.5,0.0,0.0,0.3,15.8,2.5,0.0
1,2021-11-01 00:14:32,2021-11-01 00:18:06,1.0,1.1,1.0,N,48,142,1,5.0,3.0,0.5,2.2,0.0,0.3,11.0,2.5,0.0
1,2021-11-01 00:25:18,2021-11-01 00:29:50,1.0,1.0,1.0,N,239,151,1,6.0,3.0,0.5,2.45,0.0,0.3,12.25,2.5,0.0
2,2021-11-01 00:47:46,2021-11-01 00:54:59,1.0,1.3,1.0,N,79,45,1,7.0,0.5,0.5,2.16,0.0,0.3,12.96,2.5,0.0
1,2021-11-01 00:56:19,2021-11-01 01:16:09,1.0,3.4,1.0,N,166,263,1,15.5,3.0,0.5,2.0,0.0,0.3,21.3,2.5,0.0
2,2021-11-01 00:26:26,2021-11-01 00:36:09,1.0,2.13,1.0,N,246,142,1,9.0,0.5,0.5,3.2,0.0,0.3,16.0,2.5,0.0
2,2021-11-01 00:41:24,2021-11-01 00:48:58,1.0,1.25,1.0,N,48,162,1,7.0,0.5,0.5,2.16,0.0,0.3,12.96,2.5,0.0
2,2021-11-01 00:14:56,2021-11-01 00:19:08,1.0,0.82,1.0,N,90,186,1,5.0,0.5,0.5,1.76,0.0,0.3,10.56,2.5,0.0
2,2021-11-01 00:24:31,2021-11-01 00:45:00,2.0,4.78,1.0,N,186,255,1,17.5,0.5,0.5,3.0,6.55,0.3,30.85,2.5,0.0
2,2021-11-01 00:15:10,2021-11-01 00:29:31,1.0,2.49,1.0,N,249,233,1,11.5,0.5,0.5,2.3,0.0,0.3,17.6,2.5,0.0
2,2021-11-01 00:15:18,2021-11-01 00:43:34,1.0,12.46,1.0,N,68,22,2,37.0,0.5,0.5,0.0,6.55,0.3,47.35,2.5,0.0
1,2021-11-01 00:13:17,2021-11-01 00:23:15,2.0,2.8,1.0,Y,161,239,1,10.5,3.0,0.5,2.85,0.0,0.3,17.15,2.5,0.0
1,2021-11-01 00:40:41,2021-11-01 00:52:33,1.0,2.4,1.0,N,158,144,1,11.0,3.0,0.5,2.95,0.0,0.3,17.75,2.5,0.0
2,2021-11-01 00:56:00,2021-11-01 01:11:12,1.0,5.81,1.0,N,48,116,1,19.0,0.5,0.5,1.2,0.0,0.3,24.0,2.5,0.0
1,2021-11-01 00:17:05,2021-11-01 00:45:33,2.0,11.5,1.0,N,138,48,1,35.0,4.25,0.5,6.99,6.55,0.3,53.59,2.5,1.25
1,2021-11-01 00:47:37,2021-11-01 00:51:20,1.0,0.9,1.0,N,48,68,2,5.0,3.0,0.5,0.0,0.0,0.3,8.8,2.5,0.0
1,2021-11-01 00:56:03,2021-11-01 00:59:50,1.0,0.8,1.0,N,68,48,1,5.0,3.0,0.5,2.2,0.0,0.3,11.0,2.5,0.0
2,2021-11-01 00:08:26,2021-11-01 00:48:56,1.0,11.45,1.0,N,249,45,2,38.5,0.5,0.5,0.0,0.0,0.3,42.3,2.5,0.0
2,2021-11-01 00:54:37,2021-11-01 00:59:47,1.0,1.61,1.0,N,79,137,1,6.5,0.5,0.5,2.06,0.0,0.3,12.36,2.5,0.0
1,2021-11-01 00:31:13,2021-11-01 01:00:13,1.0,10.9,1.0,N,249,60,2,34.5,3.0,0.5,0.0,0.0,0.3,38.3,2.5,0.0
2,2021-11-01 00:07:28,2021-11-01 00:12:32,2.0,1.67,1.0,N,237,263,1,7.0,0.5,0.5,0.0,0.0,0.3,10.8,2.5,0.0
2,2021-10-31 23:55:22,2021-11-01 00:14:35,1.0,4.26,1.0,N,48,42,1,16.5,0.5,0.5,4.06,0.0,0.3,24.36,2.5,0.0
2,2021-11-01 00:47:10,2021-11-01 00:53:36,5.0,2.47,1.0,N,229,263,1,8.5,0.5,0.5,2.0,0.0,0.3,14.3,2.5,0.0
1,2021-11-01 00:00:03,2021-11-01 00:23:34,1.0,5.6,1.0,N,107,7,3,21.0,3.0,0.5,0.0,0.0,0.3,24.8,2.5,0.0
2,2021-11-01 00:17:42,2021-11-01 00:22:22,1.0,1.02,1.0,N,144,249,2,5.5,0.5,0.5,0.0,0.0,0.3,9.3,2.5,0.0
2,2021-11-01 00:30:10,2021-11-01 00:46:40,1.0,4.77,1.0,N,234,226,1,16.5,0.5,0.5,4.06,0.0,0.3,24.36,2.5,0.0
1,2021-11-01 00:03:51,2021-11-01 00:12:58,1.0,1.9,1.0,Y,249,232,1,9.0,3.0,0.5,2.0,0.0,0.3,14.8,2.5,0.0
1,2021-11-01 00:27:42,2021-11-01 00:44:45,1.0,5.9,1.0,N,113,263,2,19.5,3.0,0.5,0.0,0.0,0.3,23.3,2.5,0.0
2,2021-11-01 00:05:21,2021-11-01 00:32:21,1.0,10.7,1.0,N,113,102,2,32.5,0.5,0.5,0.0,0.0,0.3,36.3,2.5,0.0
2,2021-11-01 00:20:43,2021-11-01 00:46:05,1.0,16.42,1.0,N,132,112,1,44.5,0.5,0.5,5.0,0.0,0.3,52.05,0.0,1.25
2,2021-11-01 00:49:49,2021-11-01 01:06:37,1.0,3.85,1.0,N,255,7,1,15.0,0.5,0.5,1.7,0.0,0.3,18.0,0.0,0.0
2,2021-11-01 00:08:09,2021-11-01 00:18:45,1.0,4.24,1.0,N,237,42,2,13.0,0.5,0.5,0.0,0.0,0.3,16.8,2.5,0.0
2,2021-11-01 00:04:42,2021-11-01 00:27:32,1.0,8.13,1.0,N,237,95,1,25.5,0.5,0.5,5.86,0.0,0.3,35.16,2.5,0.0
2,2021-11-01 00:02:31,2021-11-01 00:30:49,1.0,17.96,2.0,N,132,234,1,52.0,0.0,0.5,12.62,6.55,0.3,75.72,2.5,1.25
1,2021-11-01 00:08:32,2021-11-01 00:20:58,2.0,4.4,1.0,N,148,263,1,14.0,3.0,0.5,2.0,0.0,0.3,19.8,2.5,0.0
1,2021-11-01 00:34:13,2021-11-01 00:53:09,2.0,5.2,1.0,N,79,239,1,18.0,3.0,0.5,4.36,0.0,0.3,26.16,2.5,0.0
2,2021-11-01 00:11:42,2021-11-01 00:18:12,1.0,1.63,1.0,N,48,239,1,7.5,0.5,0.5,2.26,0.0,0.3,13.56,2.5,0.0
2,2021-11-01 00:21:40,2021-11-01 00:26:00,1.0,1.22,1.0,N,238,236,1,6.0,0.5,0.5,1.0,0.0,0.3,10.8,2.5,0.0
2,2021-11-01 00:33:05,2021-11-01 00:37:02,1.0,0.96,1.0,N,237,162,1,5.5,0.5,0.5,2.32,0.0,0.3,11.62,2.5,0.0
2,2021-11-01 00:44:33,2021-11-01 00:58:00,1.0,4.28,1.0,N,161,166,1,14.0,0.5,0.5,2.67,0.0,0.3,20.47,2.5,0.0
2,2021-11-01 00:34:11,2021-11-01 00:42:34,4.0,1.3,1.0,N,107,148,1,7.5,0.5,0.5,1.13,0.0,0.3,12.43,2.5,0.0
2,2021-11-01 00:57:23,2021-11-01 01:06:27,1.0,1.43,1.0,N,249,68,1,8.0,0.5,0.5,2.36,0.0,0.3,14.16,2.5,0.0
2,2021-11-01 00:26:03,2021-11-01 00:31:33,1.0,1.36,1.0,N,186,158,1,6.0,0.5,0.5,1.96,0.0,0.3,11.76,2.5,0.0
2,2021-11-01 00:40:57,2021-11-01 00:52:57,1.0,2.56,1.0,N,158,170,1,11.0,0.5,0.5,2.96,0.0,0.3,17.76,2.5,0.0
2,2021-11-01 00:16:36,2021-11-01 00:24:28,6.0,1.41,1.0,N,234,114,2,7.5,0.5,0.5,0.0,0.0,0.3,11.3,2.5,0.0
2,2021-11-01 00:47:51,2021-11-01 00:50:30,1.0,0.83,1.0,N,75,74,1,4.5,0.5,0.5,1.16,0.0,0.3,6.96,0.0,0.0
1,2021-11-01 00:18:41,2021-11-01 00:22:01,1.0,0.6,1.0,N,68,246,2,4.5,3.0,0.5,0.0,0.0,0.3,8.3,2.5,0.0
1,2021-11-01 00:23:35,2021-11-01 00:30:19,1.0,1.1,1.0,N,246,158,1,6.5,3.0,0.5,2.05,0.0,0.3,12.35,2.5,0.0
1,2021-11-01 00:39:03,2021-11-01 00:51:39,1.0,2.2,1.0,N,249,246,1,11.0,3.0,0.5,2.22,0.0,0.3,17.02,2.5,0.0
2,2021-11-01 00:18:01,2021-11-01 00:34:09,3.0,3.72,1.0,N,100,263,1,14.0,0.5,0.5,2.67,0.0,0.3,20.47,2.5,0.0
2,2021-11-01 00:18:22,2021-11-01 00:34:15,1.0,8.89,1.0,N,45,14,1,25.5,0.5,0.5,5.86,0.0,0.3,35.16,2.5,0.0
2,2021-11-01 00:40:34,2021-11-01 00:52:01,2.0,3.13,1.0,N,100,263,1,12.0,0.5,0.5,2.37,0.0,0.3,18.17,2.5,0.0
2,2021-11-01 00:23:30,2021-11-01 00:34:44,1.0,1.32,1.0,N,79,144,1,8.5,0.5,0.5,0.0,0.0,0.3,12.3,2.5,0.0
1,2021-11-01 00:12:00,2021-11-01 00:21:43,2.0,0.7,1.0,N,211,144,1,7.5,3.0,0.5,10.0,0.0,0.3,21.3,2.5,0.0
1,2021-11-01 00:23:03,2021-11-01 00:36:57,1.0,3.4,1.0,N,144,40,1,13.0,3.0,0.5,5.0,0.0,0.3,21.8,2.5,0.0
1,2021-11-01 00:03:42,2021-11-01 00:13:16,1.0,4.8,1.0,N,138,95,1,15.0,1.75,0.5,3.5,0.0,0.3,21.05,0.0,1.25
1,2021-11-01 00:27:07,2021-11-01 00:45:08,1.0,9.5,1.0,N,138,28,2,27.5,1.75,0.5,0.0,0.0,0.3,30.05,0.0,1.25
2,2021-11-01 00:16:44,2021-11-01 00:28:12,1.0,2.5,1.0,N,142,41,1,11.0,0.5,0.5,2.96,0.0,0.3,17.76,2.5,0.0
1,2021-11-01 00:56:51,2021-11-01 01:03:26,1.0,1.5,1.0,N,68,48,2,7.5,3.0,0.5,0.0,0.0,0.3,11.3,2.5,0.0
2,2021-11-01 00:14:40,2021-11-01 00:19:54,1.0,1.44,1.0,N,186,50,2,6.5,0.5,0.5,0.0,0.0,0.3,10.3,2.5,0.0
2,2021-11-01 00:28:37,2021-11-01 00:33:26,1.0,1.47,1.0,N,68,48,1,6.0,0.5,0.5,1.96,0.0,0.3,11.76,2.5,0.0
2,2021-11-01 00:35:49,2021-11-01 00:47:57,1.0,4.96,1.0,N,48,152,1,16.5,0.5,0.5,4.06,0.0,0.3,24.36,2.5,0.0
2,2021-10-31 23:57:47,2021-11-01 00:01:08,1.0,1.14,1.0,N,79,170,1,5.0,0.5,0.5,1.76,0.0,0.3,10.56,2.5,0.0
2,2021-11-01 00:02:11,2021-11-01 00:09:48,1.0,1.48,1.0,N,170,234,2,7.5,0.5,0.5,0.0,0.0,0.3,11.3,2.5,0.0
2,2021-11-01 00:30:48,2021-11-01 00:38:33,1.0,1.39,1.0,N,41,42,1,7.5,0.5,0.5,2.0,0.0,0.3,10.8,0.0,0.0
2,2021-11-01 00:41:54,2021-11-01 00:50:50,1.0,1.11,1.0,N,42,116,2,6.5,0.5,0.5,0.0,0.0,0.3,7.8,0.0,0.0
2,2021-11-01 00:20:33,2021-11-01 00:51:02,1.0,19.57,2.0,N,132,209,1,52.0,0.0,0.5,14.14,0.0,0.3,70.69,2.5,1.25
2,2021-11-01 00:36:21,2021-11-01 00:41:41,1.0,1.13,1.0,N,107,90,1,6.0,0.5,0.5,3.0,0.0,0.3,12.8,2.5,0.0
2,2021-11-01 00:45:48,2021-11-01 00:53:24,1.0,1.28,1.0,N,249,79,2,7.0,0.5,0.5,0.0,0.0,0.3,10.8,2.5,0.0
2,2021-11-01 00:11:46,2021-11-01 00:16:54,1.0,0.56,1.0,N,211,249,2,5.0,0.5,0.5,0.0,0.0,0.3,8.8,2.5,0.0
2,2021-11-01 00:19:13,2021-11-01 00:33:08,1.0,3.3,1.0,N,249,163,2,12.5,0.5,0.5,0.0,0.0,0.3,16.3,2.5,0.0
2,2021-11-01 00:11:21,2021-11-01 00:30:24,1.0,4.64,1.0,N,249,140,1,16.5,0.5,0.5,4.06,0.0,0.3,24.36,2.5,0.0
2,2021-11-01 00:38:41,2021-11-01 00:42:35,2.0,0.65,1.0,N,75,75,2,4.5,0.5,0.5,0.0,0.0,0.3,5.8,0.0,0.0
2,2021-11-01 00:22:06,2021-11-01 00:27:37,1.0,1.24,1.0,N,48,163,2,-6.0,-0.5,-0.5,0.0,0.0,-0.3,-9.8,-2.5,0.0
2,2021-11-01 00:22:06,2021-11-01 00:27:37,1.0,1.24,1.0,N,48,163,2,6.0,0.5,0.5,0.0,0.0,0.3,9.8,2.5,0.0
2,2021-11-01 00:37:01,2021-11-01 00:50:34,1.0,2.34,1.0,N,164,50,1,11.0,0.5,0.5,0.02,0.0,0.3,14.82,2.5,0.0
2,2021-11-01 00:01:34,2021-11-01 00:11:01,1.0,1.85,1.0,N,211,261,1,9.0,0.5,0.5,1.0,0.0,0.3,13.8,2.5,0.0
2,2021-11-01 00:18:17,2021-11-01 00:39:26,1.0,6.27,1.0,N,125,238,1,21.5,0.5,0.5,5.06,0.0,0.3,30.36,2.5,0.0
2,2021-11-01 00:07:21,2021-11-01 00:18:35,1.0,1.89,1.0,N,114,261,1,9.0,0.5,0.5,2.56,0.0,0.3,15.36,2.5,0.0
2,2021-11-01 00:21:14,2021-11-01 00:36:10,1.0,3.76,1.0,N,261,79,1,14.0,0.5,0.5,3.56,0.0,0.3,21.36,2.5,0.0
2,2021-11-01 00:39:31,2021-11-01 00:46:18,1.0,2.52,1.0,N,107,140,1,9.0,0.5,0.5,1.0,0.0,0.3,13.8,2.5,0.0
2,2021-11-01 00:20:06,2021-11-01 00:24:30,1.0,1.9,1.0,N,137,140,1,7.0,0.5,0.5,2.0,0.0,0.3,12.8,2.5,0.0
2,2021-11-01 00:26:36,2021-11-01 00:42:13,1.0,6.45,1.0,N,140,69,1,19.5,0.5,0.5,2.0,0.0,0.3,25.3,2.5,0.0
2,2021-11-01 00:17:02,2021-11-01 00:24:43,1.0,1.52,1.0,N,234,211,1,7.5,0.5,0.5,3.0,0.0,0.3,14.3,2.5,0.0
2,2021-11-01 00:43:54,2021-11-01 00:49:49,1.0,1.12,1.0,N,249,186,2,6.0,0.5,0.5,0.0,0.0,0.3,9.8,2.5,0.0
2,2021-11-01 00:59:33,2021-11-01 01:10:08,1.0,1.5,1.0,N,249,79,1,8.5,0.5,0.5,2.46,0.0,0.3,14.76,2.5,0.0
2,2021-11-01 00:24:21,2021-11-01 00:28:48,1.0,0.64,1.0,N,161,48,2,5.0,0.5,0.5,0.0,0.0,0.3,8.8,2.5,0.0
2,2021-11-01 00:45:44,2021-11-01 00:58:32,1.0,3.44,1.0,N,186,151,1,13.0,0.5,0.5,3.36,0.0,0.3,20.16,2.5,0.0
2,2021-11-01 00:35:13,2021-11-01 00:44:12,1.0,1.97,1.0,N,233,90,1,9.0,0.5,0.5,2.56,0.0,0.3,15.36,2.5,0.0
2,2021-11-01 00:45:12,2021-11-01 00:49:14,1.0,0.77,1.0,N,68,246,1,5.0,0.5,0.5,1.76,0.0,0.3,10.56,2.5,0.0
2,2021-11-01 00:13:45,2021-11-01 00:26:22,1.0,5.19,1.0,N,107,261,1,17.0,0.5,0.5,4.16,0.0,0.3,24.96,2.5,0.0
1,2021-11-01 00:06:05,2021-11-01 00:20:10,1.0,3.9,1.0,N,48,263,1,14.0,3.0,0.5,4.45,0.0,0.3,22.25,2.5,0.0
1,2021-11-01 00:33:57,2021-11-01 00:42:57,3.0,1.5,1.0,N,170,90,1,8.0,3.0,0.5,2.35,0.0,0.3,14.15,2.5,0.0
1,2021-11-01 00:44:58,2021-11-01 00:55:03,2.0,1.8,1.0,N,90,114,2,8.5,3.0,0.5,0.0,0.0,0.3,12.3,2.5,0.0
1,2021-11-01 00:56:17,2021-11-01 01:03:30,2.0,1.8,1.0,N,114,87,2,8.0,3.0,0.5,0.0,0.0,0.3,11.8,2.5,0.0
1,2021-11-01 00:17:07,2021-11-01 00:33:14,2.0,10.5,1.0,N,138,243,2,29.5,1.75,0.5,0.0,6.55,0.3,38.6,0.0,1.25
1,2021-11-01 00:07:55,2021-11-01 00:11:38,1.0,0.6,1.0,N,68,234,2,5.0,3.0,0.5,0.0,0.0,0.3,8.8,2.5,0.0
1,2021-11-01 00:12:33,2021-11-01 00:15:32,2.0,0.3,1.0,N,234,107,2,4.0,3.0,0.5,0.0,0.0,0.3,7.8,2.5,0.0
1,2021-11-01 00:30:25,2021-11-01 00:50:11,1.0,5.0,1.0,N,114,239,1,18.5,3.0,0.5,4.45,0.0,0.3,26.75,2.5,0.0
1,2021-11-01 00:52:57,2021-11-01 01:05:56,1.0,2.3,1.0,N,239,100,1,11.0,3.0,0.5,2.95,0.0,0.3,17.75,2.5,0.0
2,2021-11-01 00:29:17,2021-11-01 00:35:32,1.0,1.47,1.0,N,211,261,1,7.0,0.5,0.5,1.5,0.0,0.3,12.3,2.5,0.0
2,2021-11-01 00:47:30,2021-11-01 00:55:44,2.0,1.35,1.0,N,87,148,2,7.5,0.5,0.5,0.0,0.0,0.3,11.3,2.5,0.0
2,2021-11-01 00:39:10,2021-11-01 00:52:40,1.0,2.76,1.0,N,232,261,1,11.5,0.5,0.5,1.84,0.0,0.3,17.14,2.5,0.0
1,2021-11-01 00:43:42,2021-11-01 01:06:44,2.0,7.1,1.0,N,79,166,1,23.0,2.5,0.5,2.0,0.0,0.3,28.3,2.5,0.0
2,2021-11-01 00:47:25,2021-11-01 00:56:29,1.0,1.8,1.0,N,48,164,1,8.0,0.5,0.5,2.36,0.0,0.3,14.16,2.5,0.0
2,2021-11-01 00:41:58,2021-11-01 00:59:20,6.0,7.63,1.0,N,186,244,1,23.5,0.5,0.5,5.46,0.0,0.3,32.76,2.5,0.0
1,2021-11-01 00:55:03,2021-11-01 01:00:59,1.0,0.8,1.0,N,79,79,1,6.0,3.0,0.5,1.95,0.0,0.3,11.75,2.5,0.0
1,2021-11-01 00:48:31,2021-11-01 00:48:31,1.0,0.0,1.0,Y,100,264,2,60.0,0.0,0.0,0.0,0.0,0.0,60.0,0.0,0.0
1,2021-11-01 00:58:54,2021-11-01 00:58:54,1.0,0.0,1.0,Y,48,264,2,60.0,0.0,0.0,0.0,0.0,0.0,60.0,0.0,0.0
1,2021-11-01 00:02:18,2021-11-01 00:18:43,3.0,9.0,1.0,N,148,7,1,26.5,3.0,0.5,6.05,0.0,0.3,36.35,2.5,0.0
1,2021-11-01 00:20:12,2021-11-01 00:29:54,1.0,1.8,1.0,N,7,226,2,9.0,0.5,0.5,0.0,0.0,0.3,10.3,0.0,0.0
2,2021-11-01 00:11:37,2021-11-01 00:15:34,1.0,0.62,1.0,N,79,4,2,4.5,0.5,0.5,0.0,0.0,0.3,8.3,2.5,0.0
2,2021-11-01 00:35:14,2021-11-01 00:59:12,2.0,3.59,1.0,N,79,225,1,18.0,0.5,0.5,0.0,0.0,0.3,21.8,2.5,0.0
2,2021-11-01 00:18:23,2021-11-01 00:23:31,2.0,0.85,1.0,N,170,233,1,5.5,0.5,0.5,2.32,0.0,0.3,11.62,2.5,0.0
2,2021-11-01 00:57:28,2021-11-01 01:11:18,2.0,3.94,1.0,N,170,238,1,14.0,0.5,0.5,5.34,0.0,0.3,23.14,2.5,0.0
2,2021-11-01 00:41:02,2021-11-01 01:02:19,1.0,6.84,1.0,N,186,80,1,23.0,0.5,0.5,5.36,0.0,0.3,32.16,2.5,0.0
1,2021-11-01 00:23:10,2021-11-01 00:25:46,2.0,0.4,1.0,N,249,249,1,4.0,3.0,0.5,0.0,0.0,0.3,7.8,2.5,0.0
1,2021-11-01 00:29:15,2021-11-01 00:42:22,2.0,2.2,1.0,N,234,144,1,11.0,3.0,0.5,2.96,0.0,0.3,17.76,2.5,0.0
1,2021-11-01 00:52:31,2021-11-01 01:01:06,2.0,1.6,1.0,N,249,137,1,8.5,3.0,0.5,2.45,0.0,0.3,14.75,2.5,0.0
2,2021-11-01 00:56:16,2021-11-01 01:01:56,1.0,1.18,1.0,N,186,163,1,6.0,0.5,0.5,1.0,0.0,0.3,10.8,2.5,0.0
2,2021-11-01 00:37:35,2021-11-01 00:52:57,1.0,9.05,1.0,N,132,39,2,26.0,0.5,0.5,0.0,0.0,0.3,28.55,0.0,1.25
2,2021-11-01 00:17:17,2021-11-01 00:31:07,1.0,5.4,1.0,N,113,13,1,18.0,0.5,0.5,4.36,0.0,0.3,26.16,2.5,0.0
2,2021-11-01 00:32:04,2021-11-01 00:59:30,1.0,4.67,1.0,N,13,230,1,17.0,0.5,0.5,3.0,0.0,0.3,23.8,2.5,0.0
2,2021-10-31 23:58:41,2021-11-01 00:23:49,1.0,12.23,1.0,N,231,127,1,35.5,0.5,0.5,7.86,0.0,0.3,47.16,2.5,0.0
2,2021-11-01 00:35:17,2021-11-01 00:40:54,1.0,0.94,1.0,N,42,116,2,6.0,0.5,0.5,0.0,0.0,0.3,7.3,0.0,0.0
1,2021-11-01 00:14:09,2021-11-01 00:27:42,2.0,2.6,1.0,N,249,162,1,11.0,3.0,0.5,2.5,0.0,0.3,17.3,2.5,0.0
2,2021-11-01 00:10:01,2021-11-01 00:28:01,1.0,5.19,1.0,N,236,179,2,17.5,0.5,0.5,0.0,0.0,0.3,21.3,2.5,0.0
2,2021-11-01 00:10:30,2021-11-01 00:26:03,1.0,2.83,1.0,N,246,229,1,12.5,0.5,0.5,3.26,0.0,0.3,19.56,2.5,0.0
2,2021-11-01 00:39:51,2021-11-01 00:41:53,1.0,0.41,1.0,N,48,48,2,3.5,0.5,0.5,0.0,0.0,0.3,7.3,2.5,0.0
2,2021-11-01 00:48:48,2021-11-01 00:53:18,1.0,0.52,1.0,N,186,164,1,4.5,0.5,0.5,1.66,0.0,0.3,9.96,2.5,0.0
1,2021-11-01 00:00:49,2021-11-01 00:12:58,3.0,3.5,1.0,N,107,262,1,12.5,3.0,0.5,2.0,0.0,0.3,18.3,2.5,0.0
1,2021-11-01 00:23:33,2021-11-01 00:26:27,1.0,0.9,1.0,Y,233,107,2,5.0,3.0,0.5,0.0,0.0,0.3,8.8,2.5,0.0
1,2021-11-01 00:32:02,2021-11-01 00:46:58,2.0,2.3,1.0,N,79,90,1,11.5,3.0,0.5,3.05,0.0,0.3,18.35,2.5,0.0
1,2021-11-01 00:58:49,2021-11-01 01:03:38,1.0,0.5,1.0,N,249,158,1,5.0,3.0,0.5,1.2,0.0,0.3,10.0,2.5,0.0
2,2021-11-01 00:10:30,2021-11-01 00:25:55,1.0,9.31,1.0,N,264,237,1,26.0,0.5,0.5,7.27,6.55,0.3,43.62,2.5,0.0
2,2021-11-01 00:33:44,2021-11-01 00:46:49,1.0,3.24,1.0,N,162,193,1,12.5,0.5,0.5,0.0,0.0,0.3,16.3,2.5,0.0
2,2021-11-01 00:30:55,2021-11-01 00:49:06,1.0,4.3,1.0,N,79,49,1,16.0,0.5,0.5,3.96,0.0,0.3,23.76,2.5,0.0
1,2021-11-01 00:17:37,2021-11-01 00:28:25,1.0,1.4,1.0,N,107,90,1,8.5,3.0,0.5,3.65,0.0,0.3,15.95,2.5,0.0
1,2021-11-01 00:29:44,2021-11-01 00:52:37,1.0,6.5,1.0,N,90,152,2,22.0,3.0,0.5,0.0,0.0,0.3,25.8,2.5,0.0
2,2021-11-01 00:21:54,2021-11-01 00:38:02,1.0,9.56,1.0,N,138,244,1,27.0,0.5,0.5,6.0,6.55,0.3,42.1,0.0,1.25
1,2021-11-01 00:18:12,2021-11-01 00:47:44,1.0,10.5,1.0,N,249,165,1,33.0,3.0,0.5,11.0,0.0,0.3,47.8,2.5,0.0
2,2021-11-01 00:19:48,2021-11-01 00:25:40,2.0,2.47,1.0,N,79,140,1,8.5,0.5,0.5,2.46,0.0,0.3,14.76,2.5,0.0
2,2021-11-01 00:31:38,2021-11-01 00:34:38,1.0,0.55,1.0,N,263,141,1,4.5,0.5,0.5,1.0,0.0,0.3,9.3,2.5,0.0
2,2021-11-01 00:09:24,2021-11-01 00:34:53,1.0,8.49,1.0,N,48,4,1,27.5,0.5,0.5,6.26,0.0,0.3,37.56,2.5,0.0
2,2021-11-01 00:44:33,2021-11-01 00:58:39,2.0,3.58,1.0,N,79,246,1,13.0,0.5,0.5,1.0,0.0,0.3,17.8,2.5,0.0
1,2021-11-01 00:26:16,2021-11-01 00:40:27,0.0,3.2,1.0,N,24,48,2,13.0,3.0,0.5,0.0,0.0,0.3,16.8,2.5,0.0
1,2021-11-01 00:46:24,2021-11-01 01:01:41,1.0,4.4,1.0,N,48,226,2,15.5,3.0,0.5,0.0,0.0,0.3,19.3,2.5,0.0
1,2021-11-01 00:15:49,2021-11-01 00:23:45,1.0,2.6,1.0,N,68,239,2,9.5,3.0,0.5,0.0,0.0,0.3,13.3,2.5,0.0
1,2021-11-01 00:55:47,2021-11-01 01:14:06,1.0,7.5,1.0,N,68,116,1,23.5,3.0,0.5,5.45,0.0,0.3,32.75,2.5,0.0
1,2021-11-01 00:10:32,2021-11-01 00:17:26,1.0,1.5,1.0,N,234,163,1,7.0,3.0,0.5,1.0,0.0,0.3,11.8,2.5,0.0
1,2021-11-01 00:24:54,2021-11-01 00:32:46,4.0,1.4,1.0,N,164,233,1,7.5,3.0,0.5,0.0,0.0,0.3,11.3,2.5,0.0
1,2021-11-01 00:40:12,2021-11-01 00:52:04,2.0,2.1,1.0,N,107,229,1,10.5,3.0,0.5,4.25,0.0,0.3,18.55,2.5,0.0
2,2021-11-01 00:13:47,2021-11-01 00:26:10,1.0,2.44,1.0,N,229,68,1,11.0,0.5,0.5,2.96,0.0,0.3,17.76,2.5,0.0
2,2021-11-01 00:31:44,2021-11-01 00:46:53,1.0,2.58,1.0,N,158,231,2,12.0,0.5,0.5,0.0,0.0,0.3,15.8,2.5,0.0
2,2021-11-01 00:57:20,2021-11-01 01:05:30,1.0,2.38,1.0,N,114,230,1,9.5,0.5,0.5,1.0,0.0,0.3,14.3,2.5,0.0
2,2021-11-01 00:09:11,2021-11-01 00:17:37,1.0,1.27,1.0,N,186,50,1,7.5,0.5,0.5,2.82,0.0,0.3,14.12,2.5,0.0
2,2021-11-01 00:25:29,2021-11-01 00:45:34,1.0,4.2,1.0,N,230,41,2,17.0,0.5,0.5,0.0,0.0,0.3,20.8,2.5,0.0
2,2021-11-01 00:01:42,2021-11-01 00:16:28,1.0,4.87,1.0,N,137,217,2,16.5,0.5,0.5,0.0,0.0,0.3,20.3,2.5,0.0
1,2021-11-01 00:11:16,2021-11-01 00:19:05,0.0,1.0,1.0,N,164,48,1,7.0,3.0,0.5,2.15,0.0,0.3,12.95,2.5,0.0
2,2021-11-01 00:37:54,2021-11-01 00:42:58,1.0,0.84,1.0,N,107,137,1,5.0,0.5,0.5,1.76,0.0,0.3,10.56,2.5,0.0
2,2021-11-01 00:07:41,2021-11-01 00:10:00,1.0,0.77,1.0,N,264,264,1,4.5,0.5,0.5,1.66,0.0,0.3,9.96,2.5,0.0
2,2021-11-01 00:13:24,2021-11-01 00:30:10,1.0,3.33,1.0,N,264,264,1,13.5,0.5,0.5,5.19,0.0,0.3,22.49,2.5,0.0
2,2021-11-01 00:35:30,2021-11-01 00:44:57,1.0,1.7,1.0,N,264,264,2,8.5,0.5,0.5,0.0,0.0,0.3,12.3,2.5,0.0
1,2021-11-01 00:07:46,2021-11-01 00:17:51,1.0,1.9,1.0,N,249,137,1,9.0,3.0,0.5,1.2,0.0,0.3,14.0,2.5,0.0
1,2021-11-01 00:35:02,2021-11-01 00:55:11,1.0,4.2,1.0,N,68,41,1,17.0,3.0,0.5,4.15,0.0,0.3,24.95,2.5,0.0
2,2021-11-01 00:55:36,2021-11-01 01:12:41,5.0,5.8,1.0,N,114,151,1,19.0,0.5,0.5,4.56,0.0,0.3,27.36,2.5,0.0
1,2021-11-01 00:01:15,2021-11-01 00:30:25,1.0,9.6,1.0,N,230,106,1,30.5,3.0,0.5,1.5,0.0,0.3,35.8,2.5,0.0
2,2021-11-01 00:09:57,2021-11-01 01:14:57,1.0,51.31,4.0,N,138,265,1,169.0,0.5,0.0,36.0,18.3,0.3,225.35,0.0,1.25
2,2021-11-01 00:57:17,2021-11-01 01:03:06,1.0,1.07,1.0,N,229,140,1,6.0,0.5,0.5,1.96,0.0,0.3,11.76,2.5,0.0
2,2021-11-01 00:20:13,2021-11-01 00:49:39,1.0,6.07,1.0,N,48,129,1,24.0,0.5,0.5,5.56,0.0,0.3,33.36,2.5,0.0
1,2021-11-01 00:11:33,2021-11-01 00:26:40,1.0,7.6,1.0,N,138,75,1,23.0,1.75,0.5,6.4,6.55,0.3,38.5,0.0,1.25
1,2021-11-01 00:36:09,2021-11-01 00:50:03,1.0,6.2,1.0,Y,74,213,1,19.0,0.5,0.5,0.0,0.0,0.3,20.3,0.0,0.0
2,2021-11-01 00:23:27,2021-11-01 00:43:11,1.0,7.63,1.0,N,234,42,2,23.5,0.5,0.5,0.0,0.0,0.3,27.3,2.5,0.0
2,2021-11-01 00:11:19,2021-11-01 00:29:56,1.0,10.05,1.0,N,138,181,1,29.0,0.5,0.5,7.89,0.0,0.3,39.44,0.0,1.25
2,2021-11-01 00:44:42,2021-11-01 00:56:43,5.0,7.06,1.0,N,246,244,1,20.5,0.5,0.5,1.0,0.0,0.3,25.3,2.5,0.0
1,2021-11-01 00:18:14,2021-11-01 00:38:15,2.0,5.8,1.0,N,249,151,1,20.5,3.0,0.5,4.85,0.0,0.3,29.15,2.5,0.0
1,2021-11-01 00:12:09,2021-11-01 00:20:03,1.0,0.0,1.0,N,48,234,1,6.0,3.0,0.5,1.95,0.0,0.3,11.75,2.5,0.0
1,2021-11-01 00:30:36,2021-11-01 00:50:30,1.0,0.0,1.0,Y,230,157,2,12.0,3.0,0.5,0.0,0.0,0.3,15.8,2.5,0.0
2,2021-11-01 00:19:23,2021-11-01 00:39:06,1.0,5.06,1.0,N,79,7,1,17.5,0.5,0.5,3.5,0.0,0.3,24.8,2.5,0.0
2,2021-11-01 00:17:51,2021-11-01 00:30:37,1.0,2.86,1.0,N,249,233,1,11.0,0.5,0.5,2.96,0.0,0.3,17.76,2.5,0.0
2,2021-11-01 00:47:27,2021-11-01 00:50:18,1.0,1.03,1.0,N,142,238,1,5.0,0.5,0.5,1.76,0.0,0.3,10.56,2.5,0.0
2,2021-11-01 00:08:21,2021-11-01 00:20:40,1.0,3.44,1.0,N,141,114,1,12.5,0.5,0.5,3.0,0.0,0.3,19.3,2.5,0.0
2,2021-11-01 00:33:27,2021-11-01 00:45:28,1.0,2.3,1.0,N,107,43,1,11.0,0.5,0.5,1.5,0.0,0.3,16.3,2.5,0.0
2,2021-11-01 00:49:06,2021-11-01 01:02:44,1.0,4.89,1.0,N,142,231,1,15.5,0.5,0.5,3.86,0.0,0.3,23.16,2.5,0.0
1,2021-11-01 00:00:11,2021-11-01 00:20:35,1.0,17.0,2.0,N,132,170,1,52.0,3.75,0.5,12.6,6.55,0.3,75.7,2.5,1.25
2,2021-11-01 00:01:57,2021-11-01 00:05:49,1.0,1.26,1.0,N,246,186,1,5.5,0.5,0.5,1.86,0.0,0.3,11.16,2.5,0.0
2,2021-11-01 00:06:02,2021-11-01 00:41:02,1.0,19.91,2.0,N,132,261,1,52.0,0.0,0.5,8.48,0.0,0.3,65.03,2.5,1.25
1,2021-11-01 00:25:04,2021-11-01 00:58:46,1.0,19.7,2.0,N,132,249,1,52.0,3.75,0.5,0.0,0.0,0.3,56.55,2.5,1.25
2,2021-11-01 00:23:02,2021-11-01 00:36:07,1.0,1.01,1.0,N,162,230,2,9.5,0.5,0.5,0.0,0.0,0.3,13.3,2.5,0.0
2,2021-11-01 00:44:08,2021-11-01 00:48:56,1.0,1.21,1.0,N,100,68,1,6.0,0.5,0.5,1.96,0.0,0.3,11.76,2.5,0.0
2,2021-11-01 00:57:47,2021-11-01 01:09:09,1.0,2.93,1.0,N,186,238,1,11.5,0.5,0.5,3.06,0.0,0.3,18.36,2.5,0.0
1,2021-11-01 00:20:30,2021-11-01 00:30:50,1.0,2.3,1.0,N,114,68,1,10.0,3.0,0.5,3.0,0.0,0.3,16.8,2.5,0.0
1,2021-11-01 00:35:51,2021-11-01 00:52:52,1.0,4.1,1.0,N,90,262,1,15.5,3.0,0.5,3.85,0.0,0.3,23.15,2.5,0.0
1,2021-11-01 00:07:52,2021-11-01 00:15:59,2.0,1.9,1.0,N,230,141,2,8.5,3.0,0.5,0.0,0.0,0.3,12.3,2.5,0.0
1,2021-11-01 00:43:56,2021-11-01 00:48:55,2.0,0.7,1.0,N,170,233,1,5.5,3.0,0.5,1.85,0.0,0.3,11.15,2.5,0.0
1,2021-11-01 00:56:46,2021-11-01 01:09:50,3.0,3.1,1.0,N,229,249,1,12.0,3.0,0.5,3.95,0.0,0.3,19.75,2.5,0.0
2,2021-11-01 00:59:38,2021-11-01 01:13:45,1.0,4.87,1.0,N,239,79,1,16.0,0.5,0.5,1.5,0.0,0.3,21.3,2.5,0.0
2,2021-11-01 00:10:14,2021-11-01 00:18:16,1.0,2.63,1.0,N,43,68,1,9.0,0.5,0.5,3.2,0.0,0.3,16.0,2.5,0.0
2,2021-11-01 00:47:40,2021-11-01 00:58:32,1.0,2.61,1.0,N,50,140,1,11.0,0.5,0.5,2.96,0.0,0.3,17.76,2.5,0.0
2,2021-11-01 00:32:02,2021-11-01 00:52:47,1.0,6.61,1.0,N,107,43,1,22.5,0.5,0.5,5.26,0.0,0.3,31.56,2.5,0.0
2,2021-11-01 00:16:09,2021-11-01 00:21:06,1.0,1.64,1.0,N,170,141,1,6.5,0.5,0.5,1.0,0.0,0.3,11.3,2.5,0.0
2,2021-11-01 00:25:01,2021-11-01 00:28:02,1.0,1.31,1.0,N,141,262,1,5.5,0.5,0.5,1.0,0.0,0.3,10.3,2.5,0.0
2,2021-11-01 00:42:21,2021-11-01 00:46:51,1.0,1.2,1.0,N,137,79,2,5.5,0.5,0.5,0.0,0.0,0.3,9.3,2.5,0.0
2,2021-11-01 00:51:05,2021-11-01 00:51:17,1.0,0.0,2.0,N,107,107,4,-52.0,0.0,-0.5,0.0,0.0,-0.3,-55.3,-2.5,0.0
2,2021-11-01 00:51:05,2021-11-01 00:51:17,1.0,0.0,2.0,N,107,107,2,52.0,0.0,0.5,0.0,0.0,0.3,55.3,2.5,0.0
2,2021-11-01 00:53:31,2021-11-01 01:01:41,1.0,1.55,1.0,N,107,249,2,7.5,0.5,0.5,0.0,0.0,0.3,11.3,2.5,0.0
2,2021-11-01 00:08:19,2021-11-01 00:24:43,1.0,4.53,1.0,N,229,41,1,16.0,0.5,0.5,1.98,0.0,0.3,21.78,2.5,0.0
2,2021-11-01 00:57:16,2021-11-01 01:14:11,1.0,4.41,1.0,N,239,244,1,16.0,0.5,0.5,3.96,0.0,0.3,23.76,2.5,0.0
2,2021-11-01 00:09:57,2021-11-01 00:14:15,1.0,1.42,1.0,N,263,237,1,6.0,0.5,0.5,1.0,0.0,0.3,10.8,2.5,0.0
2,2021-11-01 00:21:32,2021-11-01 01:04:01,1.0,13.21,1.0,N,141,255,1,42.5,0.5,0.5,9.26,0.0,0.3,55.56,2.5,0.0
2,2021-11-01 00:33:37,2021-11-01 01:02:47,1.0,7.76,1.0,N,161,255,1,26.5,0.5,0.5,6.06,0.0,0.3,36.36,2.5,0.0
2,2021-11-01 00:04:36,2021-11-01 00:09:06,1.0,1.02,1.0,N,264,70,2,5.0,0.5,0.5,0.0,0.0,0.3,8.8,2.5,0.0
2,2021-11-01 00:22:49,2021-11-01 00:30:52,1.0,2.13,1.0,N,264,129,1,8.5,0.5,0.5,2.94,0.0,0.3,12.74,0.0,0.0
2,2021-11-01 00:17:05,2021-11-01 00:27:36,1.0,5.3,1.0,N,237,148,1,16.5,0.5,0.5,1.5,0.0,0.3,21.8,2.5,0.0
2,2021-11-01 00:31:41,2021-11-01 00:46:27,1.0,6.61,1.0,N,148,236,1,21.0,0.5,0.5,1.0,0.0,0.3,25.8,2.5,0.0
1,2021-11-01 00:03:11,2021-11-01 00:15:18,1.0,2.9,1.0,N,264,146,1,11.5,3.0,0.5,2.0,0.0,0.3,17.3,2.5,0.0
1,2021-11-01 00:37:25,2021-11-01 00:48:25,1.0,2.2,1.0,N,107,229,1,10.0,3.0,0.5,2.75,0.0,0.3,16.55,2.5,0.0
1,2021-11-01 00:50:05,2021-11-01 00:52:24,1.0,0.9,1.0,N,229,140,2,5.0,3.0,0.5,0.0,0.0,0.3,8.8,2.5,0.0
1,2021-11-01 00:56:27,2021-11-01 01:11:38,1.0,4.4,1.0,N,264,144,1,15.5,3.0,0.5,5.75,0.0,0.3,25.05,2.5,0.0
2,2021-11-01 00:19:58,2021-11-01 00:42:12,2.0,11.48,1.0,N,264,164,1,33.0,0.5,0.5,8.67,6.55,0.3,53.27,2.5,1.25
2,2021-11-01 00:09:54,2021-11-01 00:33:51,1.0,6.04,1.0,N,142,243,1,21.5,0.5,0.5,4.5,0.0,0.3,29.8,2.5,0.0
2,2021-11-01 00:35:44,2021-11-02 00:00:00,2.0,9.74,1.0,N,107,244,1,28.5,0.5,0.5,3.23,0.0,0.3,35.53,2.5,0.0
2,2021-11-01 00:18:50,2021-11-01 00:36:24,2.0,10.21,1.0,N,138,162,1,28.5,0.5,0.5,10.02,6.55,0.3,50.12,2.5,1.25
2,2021-11-01 00:46:39,2021-11-01 00:57:38,2.0,2.16,1.0,N,79,87,1,9.5,0.5,0.5,2.66,0.0,0.3,15.96,2.5,0.0
2,2021-11-01 00:21:35,2021-11-01 00:36:45,4.0,3.37,1.0,N,114,48,1,13.5,0.5,0.5,3.0,0.0,0.3,20.3,2.5,0.0
2,2021-11-01 00:43:08,2021-11-01 00:47:51,4.0,1.16,1.0,N,186,158,1,5.5,0.5,0.5,1.86,0.0,0.3,11.16,2.5,0.0
2,2021-11-01 00:17:10,2021-11-01 00:24:54,5.0,1.68,1.0,N,249,68,1,7.5,0.5,0.5,2.0,0.0,0.3,13.3,2.5,0.0
2,2021-11-01 00:29:38,2021-11-01 00:46:22,5.0,2.8,1.0,N,68,87,1,13.0,0.5,0.5,3.36,0.0,0.3,20.16,2.5,0.0
2,2021-11-01 00:56:29,2021-11-01 01:24:41,5.0,8.12,1.0,N,249,166,1,27.5,0.5,0.5,6.26,0.0,0.3,37.56,2.5,0.0
2,2021-11-01 00:06:28,2021-11-01 00:25:24,1.0,2.78,1.0,N,249,87,1,13.5,0.5,0.5,3.46,0.0,0.3,20.76,2.5,0.0
2,2021-11-01 00:32:00,2021-11-01 00:56:54,1.0,14.13,1.0,N,231,213,1,39.0,0.5,0.5,10.7,0.0,0.3,53.5,2.5,0.0
2,2021-11-01 00:17:18,2021-11-01 00:19:55,2.0,0.6,1.0,N,141,141,1,4.0,0.5,0.5,1.56,0.0,0.3,9.36,2.5,0.0
2,2021-11-01 00:35:46,2021-11-01 00:48:04,1.0,3.2,1.0,N,79,230,1,11.5,0.5,0.5,3.06,0.0,0.3,18.36,2.5,0.0
2,2021-11-01 00:59:05,2021-11-01 01:11:53,1.0,2.92,1.0,N,249,48,1,11.5,0.5,0.5,3.06,0.0,0.3,18.36,2.5,0.0
2,2021-11-01 00:14:17,2021-11-01 00:40:07,1.0,19.04,2.0,N,132,262,1,52.0,0.0,0.5,10.0,6.55,0.3,73.1,2.5,1.25
2,2021-11-01 00:02:17,2021-11-01 00:11:34,1.0,2.24,1.0,N,249,48,1,9.0,0.5,0.5,2.56,0.0,0.3,15.36,2.5,0.0
2,2021-11-01 00:11:13,2021-11-01 00:26:42,1.0,7.14,1.0,N,50,244,1,21.5,0.5,0.5,6.32,0.0,0.3,31.62,2.5,0.0
2,2021-11-01 00:01:51,2021-11-01 00:19:31,1.0,5.53,1.0,N,239,231,1,18.5,0.5,0.5,6.0,0.0,0.3,28.3,2.5,0.0
2,2021-11-01 00:24:39,2021-11-01 00:44:03,1.0,4.66,1.0,N,231,263,1,16.5,0.5,0.5,1.0,0.0,0.3,21.3,2.5,0.0
2,2021-11-01 00:52:09,2021-11-01 00:53:10,1.0,0.42,1.0,N,236,75,2,3.5,0.5,0.5,0.0,0.0,0.3,7.3,2.5,0.0
1,2021-11-01 00:28:25,2021-11-01 00:38:52,1.0,2.1,1.0,N,239,166,2,9.5,3.0,0.5,0.0,0.0,0.3,13.3,2.5,0.0
1,2021-11-01 00:46:08,2021-11-01 00:51:32,2.0,1.1,1.0,N,24,239,1,6.5,3.0,0.5,2.05,0.0,0.3,12.35,2.5,0.0
1,2021-11-01 00:56:38,2021-11-01 01:16:00,2.0,4.2,1.0,N,143,79,1,17.0,3.0,0.5,1.0,0.0,0.3,21.8,2.5,0.0
2,2021-11-01 00:01:52,2021-11-01 00:16:37,1.0,4.21,1.0,N,114,140,1,15.0,0.5,0.5,2.0,0.0,0.3,20.8,2.5,0.0
2,2021-11-01 00:23:49,2021-11-01 00:27:43,1.0,1.07,1.0,N,141,263,1,5.5,0.5,0.5,1.86,0.0,0.3,11.16,2.5,0.0
2,2021-11-01 00:10:20,2021-11-01 00:14:46,1.0,2.65,1.0,N,70,223,1,9.0,0.5,0.5,3.09,0.0,0.3,13.39,0.0,0.0
2,2021-11-01 00:40:29,2021-11-01 00:46:25,1.0,1.18,1.0,N,70,70,1,6.5,0.5,0.5,1.0,0.0,0.3,10.05,0.0,1.25
2,2021-11-01 00:02:19,2021-11-01 00:21:37,1.0,11.73,1.0,N,138,52,1,32.5,0.5,0.5,7.01,0.0,0.3,42.06,0.0,1.25
2,2021-11-01 00:43:16,2021-11-01 00:48:46,1.0,1.72,1.0,N,107,233,1,7.0,0.5,0.5,2.0,0.0,0.3,12.8,2.5,0.0
2,2021-11-01 00:21:18,2021-11-01 00:24:51,1.0,1.04,1.0,N,48,100,1,5.0,0.5,0.5,1.76,0.0,0.3,10.56,2.5,0.0
2,2021-11-01 00:30:52,2021-11-01 00:43:38,2.0,3.17,1.0,N,234,141,2,11.0,0.5,0.5,0.0,0.0,0.3,14.8,2.5,0.0
1,2021-11-01 00:06:13,2021-11-01 00:21:02,1.0,6.7,1.0,N,148,74,1,20.5,3.0,0.5,4.85,0.0,0.3,29.15,2.5,0.0
1,2021-11-01 00:47:09,2021-11-01 00:59:27,1.0,3.8,1.0,N,48,151,1,13.5,3.0,0.5,3.45,0.0,0.3,20.75,2.5,0.0
1,2021-11-01 00:08:15,2021-11-01 00:22:59,1.0,10.6,1.0,Y,138,229,1,29.5,4.25,0.5,10.25,6.55,0.3,51.35,2.5,1.25
1,2021-11-01 00:15:34,2021-11-01 00:29:23,1.0,2.5,1.0,N,144,68,1,11.5,3.0,0.5,3.05,0.0,0.3,18.35,2.5,0.0
1,2021-11-01 00:36:31,2021-11-01 00:48:56,1.0,2.7,1.0,N,68,163,1,11.0,3.0,0.5,1.1,0.0,0.3,15.9,2.5,0.0
2,2021-11-01 00:34:06,2021-11-01 00:39:35,1.0,1.67,1.0,N,238,143,1,7.0,0.5,0.5,2.2,0.0,0.3,13.0,2.5,0.0
2,2021-11-01 00:58:00,2021-11-01 01:22:09,1.0,10.09,1.0,N,249,244,2,31.0,0.5,0.5,0.0,0.0,0.3,34.8,2.5,0.0
1,2021-11-01 00:09:53,2021-11-01 00:23:14,1.0,4.5,1.0,N,132,205,2,15.5,1.75,0.5,0.0,0.0,0.3,18.05,0.0,1.25
1,2021-11-01 00:21:30,2021-11-01 00:44:10,1.0,9.0,1.0,N,79,152,1,27.5,3.0,0.5,7.8,0.0,0.3,39.1,2.5,0.0
2,2021-11-01 00:21:13,2021-11-01 00:21:40,2.0,0.01,1.0,N,68,68,2,2.5,0.5,0.5,0.0,0.0,0.3,6.3,2.5,0.0
2,2021-11-01 00:29:41,2021-11-01 00:37:09,2.0,1.32,1.0,N,186,50,2,6.5,0.5,0.5,0.0,0.0,0.3,10.3,2.5,0.0
2,2021-11-01 00:44:38,2021-11-01 01:01:31,2.0,3.07,1.0,N,48,158,1,13.5,0.5,0.5,4.32,0.0,0.3,21.62,2.5,0.0
1,2021-11-01 00:16:47,2021-11-01 00:21:09,2.0,1.1,1.0,N,249,234,1,5.5,3.0,0.5,0.0,0.0,0.3,9.3,2.5,0.0
1,2021-11-01 00:26:12,2021-11-01 00:30:20,3.0,0.8,1.0,N,230,186,1,5.0,3.0,0.5,2.2,0.0,0.3,11.0,2.5,0.0
1,2021-11-01 00:34:05,2021-11-01 00:53:21,2.0,3.2,1.0,N,186,4,2,15.0,3.0,0.5,0.0,0.0,0.3,18.8,2.5,0.0
2,2021-11-01 00:11:24,2021-11-01 00:16:06,1.0,1.16,1.0,N,164,162,1,5.5,0.5,0.5,1.86,0.0,0.3,11.16,2.5,0.0
2,2021-11-01 00:19:31,2021-11-01 00:27:00,2.0,1.33,1.0,N,162,161,1,7.5,0.5,0.5,2.26,0.0,0.3,13.56,2.5,0.0
2,2021-11-01 00:37:35,2021-11-01 01:00:02,2.0,9.17,1.0,N,113,228,1,28.0,0.5,0.5,4.2,0.0,0.3,36.0,2.5,0.0
2,2021-11-01 00:20:58,2021-11-01 00:27:46,1.0,0.91,1.0,N,144,148,1,6.5,0.5,0.5,2.06,0.0,0.3,12.36,2.5,0.0
2,2021-11-01 00:28:51,2021-11-01 00:47:29,1.0,7.31,1.0,N,148,151,1,23.5,0.5,0.5,0.0,0.0,0.3,27.3,2.5,0.0
2,2021-11-01 00:55:06,2021-11-01 00:58:08,1.0,0.58,1.0,N,142,48,1,4.0,0.5,0.5,2.34,0.0,0.3,10.14,2.5,0.0
2,2021-11-01 00:07:28,2021-11-01 00:15:26,1.0,1.24,1.0,N,186,161,2,7.0,0.5,0.5,0.0,0.0,0.3,10.8,2.5,0.0
2,2021-11-01 00:42:04,2021-11-01 00:51:42,1.0,2.67,1.0,N,164,145,2,10.0,0.5,0.5,0.0,0.0,0.3,13.8,2.5,0.0
1,2021-11-01 00:25:46,2021-11-01 00:32:15,1.0,2.7,1.0,N,79,141,1,9.0,3.0,0.5,3.8,0.0,0.3,16.6,2.5,0.0
1,2021-11-01 00:46:40,2021-11-01 00:59:33,1.0,2.5,1.0,N,234,229,1,11.5,3.0,0.5,1.0,0.0,0.3,16.3,2.5,0.0
2,2021-11-01 00:13:31,2021-11-01 00:17:29,1.0,0.66,1.0,N,113,90,1,4.5,0.5,0.5,1.66,0.0,0.3,9.96,2.5,0.0
1,2021-11-01 00:20:50,2021-11-01 00:30:29,1.0,1.4,1.0,N,100,107,1,8.0,3.0,0.5,2.35,0.0,0.3,14.15,2.5,0.0
1,2021-11-01 00:38:16,2021-11-01 00:46:53,0.0,3.7,1.0,N,79,140,2,11.5,3.0,0.5,0.0,0.0,0.3,15.3,2.5,0.0
2,2021-11-01 00:38:49,2021-11-01 00:47:31,1.0,2.48,1.0,N,186,143,1,9.5,0.5,0.5,2.66,0.0,0.3,15.96,2.5,0.0
2,2021-11-01 00:49:34,2021-11-01 01:08:42,1.0,13.77,5.0,N,138,265,1,52.0,0.0,0.0,10.71,0.0,0.3,64.26,0.0,1.25
2,2021-11-01 00:09:35,2021-11-01 00:17:09,1.0,1.56,1.0,N,234,233,1,7.5,0.5,0.5,3.39,0.0,0.3,14.69,2.5,0.0
2,2021-11-01 00:26:09,2021-11-01 00:32:56,1.0,1.74,1.0,N,114,231,1,7.5,0.5,0.5,2.82,0.0,0.3,14.12,2.5,0.0
2,2021-11-01 00:37:09,2021-11-01 00:46:25,1.0,2.47,1.0,N,211,66,1,10.0,0.5,0.5,1.0,0.0,0.3,14.8,2.5,0.0
2,2021-11-01 00:09:42,2021-11-01 00:25:04,2.0,8.49,1.0,N,138,170,2,24.5,0.5,0.5,0.0,6.55,0.3,36.1,2.5,1.25
2,2021-11-01 00:00:03,2021-11-01 00:11:19,1.0,3.27,1.0,N,68,238,1,12.0,0.5,0.5,1.58,0.0,0.3,17.38,2.5,0.0
2,2021-11-01 00:12:19,2021-11-01 00:30:42,1.0,4.14,1.0,N,238,249,1,16.5,0.5,0.5,4.06,0.0,0.3,24.36,2.5,0.0
2,2021-11-01 00:37:13,2021-11-01 00:42:59,1.0,1.72,1.0,N,186,48,1,7.0,0.5,0.5,2.16,0.0,0.3,12.96,2.5,0.0
2,2021-11-01 00:45:43,2021-11-01 01:01:15,1.0,4.58,1.0,N,50,7,2,16.0,0.5,0.5,0.0,0.0,0.3,19.8,2.5,0.0
2,2021-11-01 00:15:13,2021-11-01 00:29:03,1.0,10.12,1.0,N,138,233,1,28.0,0.5,0.5,11.5,6.55,0.3,51.1,2.5,1.25
1,2021-11-01 00:00:16,2021-11-01 00:02:33,1.0,0.6,1.0,N,224,224,2,4.0,3.0,0.5,0.0,0.0,0.3,7.8,2.5,0.0
2,2021-11-01 00:10:45,2021-11-01 00:15:33,1.0,1.44,1.0,N,249,68,1,6.5,0.5,0.5,2.06,0.0,0.3,12.36,2.5,0.0
2,2021-11-01 00:16:40,2021-11-01 01:07:50,1.0,12.77,1.0,N,68,80,2,45.5,0.5,0.5,0.0,0.0,0.3,49.3,2.5,0.0
2,2021-11-01 00:29:00,2021-11-01 00:32:30,1.0,0.86,1.0,N,140,262,1,4.5,0.5,0.5,1.66,0.0,0.3,9.96,2.5,0.0
2,2021-11-01 00:41:45,2021-11-01 00:49:00,1.0,3.01,1.0,N,141,224,1,10.5,0.5,0.5,2.86,0.0,0.3,17.16,2.5,0.0
2,2021-11-01 00:58:26,2021-11-01 01:07:32,1.0,2.94,1.0,N,137,263,1,10.5,0.5,0.5,2.86,0.0,0.3,17.16,2.5,0.0
2,2021-11-01 00:24:47,2021-11-01 00:31:31,1.0,1.59,1.0,N,234,50,1,7.0,0.5,0.5,1.0,0.0,0.3,11.8,2.5,0.0
2,2021-11-01 00:36:19,2021-11-01 00:41:26,1.0,0.58,1.0,N,100,164,1,5.0,0.5,0.5,2.2,0.0,0.3,11.0,2.5,0.0
2,2021-11-01 00:48:02,2021-11-01 00:55:35,1.0,2.64,1.0,N,229,75,1,9.5,0.5,0.5,0.0,0.0,0.3,13.3,2.5,0.0
2,2021-11-01 00:15:21,2021-11-01 00:22:32,1.0,0.96,1.0,N,249,249,1,6.5,0.5,0.5,2.58,0.0,0.3,12.88,2.5,0.0
2,2021-11-01 00:24:17,2021-11-01 00:32:59,1.0,1.25,1.0,N,249,246,1,7.5,0.5,0.5,2.26,0.0,0.3,13.56,2.5,0.0
2,2021-11-01 00:48:57,2021-11-01 01:03:51,1.0,3.9,1.0,N,249,97,1,14.5,0.5,0.5,3.66,0.0,0.3,21.96,2.5,0.0
2,2021-11-01 00:08:59,2021-11-01 00:26:27,1.0,6.17,1.0,N,148,146,1,19.5,0.5,0.5,0.0,0.0,0.3,23.3,2.5,0.0
2,2021-10-31 23:56:01,2021-11-01 00:02:41,1.0,1.28,1.0,N,144,79,2,6.5,0.5,0.5,0.0,0.0,0.3,10.3,2.5,0.0
2,2021-11-01 00:11:58,2021-11-01 00:28:39,1.0,4.05,1.0,N,114,97,1,15.5,0.5,0.5,4.82,0.0,0.3,24.12,2.5,0.0
2,2021-11-01 00:40:15,2021-11-01 00:47:18,1.0,1.33,1.0,N,144,125,1,6.5,0.5,0.5,2.06,0.0,0.3,12.36,2.5,0.0
2,2021-11-01 00:52:11,2021-11-01 01:19:14,1.0,11.75,1.0,N,249,129,2,35.0,0.5,0.5,0.0,0.0,0.3,38.8,2.5,0.0
2,2021-11-01 00:25:19,2021-11-01 00:34:48,1.0,3.81,1.0,N,141,79,2,12.0,0.5,0.5,0.0,0.0,0.3,15.8,2.5,0.0
2,2021-11-01 00:59:12,2021-11-01 01:01:38,1.0,0.47,1.0,N,141,140,1,4.0,0.5,0.5,1.2,0.0,0.3,9.0,2.5,0.0
2,2021-11-01 00:17:41,2021-11-01 00:22:30,5.0,1.57,1.0,N,79,137,1,6.5,0.5,0.5,2.06,0.0,0.3,12.36,2.5,0.0
1,2021-11-01 00:02:14,2021-11-01 00:08:52,0.0,1.4,1.0,N,90,48,2,7.0,3.0,0.5,0.0,0.0,0.3,10.8,2.5,0.0
1,2021-11-01 00:22:52,2021-11-01 00:30:00,0.0,1.3,1.0,N,170,186,2,7.0,3.0,0.5,0.0,0.0,0.3,10.8,2.5,0.0
1,2021-11-01 00:33:58,2021-11-01 00:39:17,0.0,0.8,1.0,N,186,90,2,5.5,3.0,0.5,0.0,0.0,0.3,9.3,2.5,0.0
1,2021-11-01 00:41:52,2021-11-01 00:44:16,0.0,0.4,1.0,N,90,186,1,3.5,3.0,0.5,2.15,0.0,0.3,9.45,2.5,0.0
2,2021-11-01 00:09:57,2021-11-01 00:23:26,1.0,2.21,1.0,N,90,144,1,10.5,0.5,0.5,2.86,0.0,0.3,17.16,2.5,0.0
2,2021-11-01 00:10:39,2021-11-01 00:30:48,1.0,4.75,1.0,N,48,7,1,18.0,0.5,0.5,6.54,0.0,0.3,28.34,2.5,0.0
2,2021-11-01 00:49:35,2021-11-01 01:00:53,1.0,2.54,1.0,N,234,232,1,11.0,0.5,0.5,2.0,0.0,0.3,16.8,2.5,0.0
2,2021-11-01 00:32:13,2021-11-01 00:40:51,1.0,1.97,1.0,N,140,170,1,8.5,0.5,0.5,1.0,0.0,0.3,13.3,2.5,0.0
2,2021-11-01 00:54:51,2021-11-01 01:07:05,1.0,1.84,1.0,N,186,233,2,9.5,0.5,0.5,0.0,0.0,0.3,13.3,2.5,0.0
2,2021-11-01 00:12:00,2021-11-01 00:19:15,6.0,1.08,1.0,N,148,144,1,6.5,0.5,0.5,2.06,0.0,0.3,12.36,2.5,0.0
2,2021-11-01 00:25:38,2021-11-01 00:39:49,6.0,4.08,1.0,N,249,140,1,14.0,0.5,0.5,1.0,0.0,0.3,18.8,2.5,0.0
2,2021-11-01 00:06:45,2021-11-01 00:11:32,2.0,0.61,1.0,N,90,249,1,5.0,0.5,0.5,1.76,0.0,0.3,10.56,2.5,0.0
2,2021-11-01 00:13:49,2021-11-01 00:36:48,2.0,4.71,1.0,N,249,255,1,19.0,0.5,0.5,1.0,0.0,0.3,23.8,2.5,0.0
2,2021-11-01 00:47:36,2021-11-01 00:52:09,1.0,0.76,1.0,N,148,144,1,5.0,0.5,0.5,2.2,0.0,0.3,11.0,2.5,0.0
1,2021-11-01 00:25:26,2021-11-01 00:38:42,1.0,8.0,1.0,N,138,263,1,22.5,4.25,0.5,6.8,6.55,0.3,40.9,2.5,1.25
2,2021-11-01 00:02:51,2021-11-01 00:11:37,1.0,1.42,1.0,N,28,28,2,7.5,0.5,0.5,0.0,0.0,0.3,8.8,0.0,0.0
2,2021-11-01 00:04:37,2021-11-01 00:35:42,1.0,4.57,1.0,N,48,148,1,21.5,0.5,0.5,0.0,0.0,0.3,25.3,2.5,0.0
2,2021-11-01 00:39:27,2021-11-01 00:52:01,1.0,2.9,1.0,N,148,13,1,11.5,0.5,0.5,3.06,0.0,0.3,18.36,2.5,0.0
2,2021-11-01 00:36:19,2021-11-01 00:46:25,1.0,2.46,1.0,N,181,133,1,10.5,0.5,0.5,2.36,0.0,0.3,14.16,0.0,0.0
1,2021-11-01 00:35:17,2021-11-01 00:42:20,0.0,1.9,1.0,N,107,233,1,8.0,3.0,0.5,3.5,0.0,0.3,15.3,2.5,0.0
1,2021-11-01 00:59:36,2021-11-01 01:36:04,0.0,9.5,1.0,N,249,225,1,32.5,3.0,0.5,9.05,0.0,0.3,45.35,2.5,0.0
2,2021-11-01 00:05:54,2021-11-01 00:19:23,1.0,2.35,1.0,N,249,224,1,10.5,0.5,0.5,1.0,0.0,0.3,15.3,2.5,0.0
2,2021-11-01 00:24:30,2021-11-01 00:34:06,1.0,1.73,1.0,N,224,170,1,9.0,0.5,0.5,2.56,0.0,0.3,15.36,2.5,0.0
2,2021-11-01 00:40:11,2021-11-01 00:55:33,1.0,3.34,1.0,N,186,140,1,13.5,0.5,0.5,2.0,0.0,0.3,19.3,2.5,0.0
2,2021-11-01 00:20:29,2021-11-01 00:43:55,1.0,17.4,2.0,N,132,162,1,52.0,0.0,0.5,12.62,6.55,0.3,75.72,2.5,1.25
2,2021-11-01 00:45:40,2021-11-01 00:46:45,1.0,0.21,1.0,N,97,97,3,-3.0,-0.5,-0.5,0.0,0.0,-0.3,-4.3,0.0,0.0
2,2021-11-01 00:45:40,2021-11-01 00:46:45,1.0,0.21,1.0,N,97,97,2,3.0,0.5,0.5,0.0,0.0,0.3,4.3,0.0,0.0
2,2021-11-01 00:14:15,2021-11-01 00:38:52,1.0,9.25,1.0,N,138,238,1,29.5,0.5,0.5,5.0,6.55,0.3,46.1,2.5,1.25
2,2021-11-01 00:34:25,2021-11-01 01:07:19,1.0,13.59,1.0,N,79,127,1,40.5,0.5,0.5,0.0,0.0,0.3,44.3,2.5,0.0
1,2021-11-01 00:14:08,2021-11-01 00:21:42,1.0,2.2,1.0,N,233,79,1,8.5,3.0,0.5,2.45,0.0,0.3,14.75,2.5,0.0
1,2021-11-01 00:33:50,2021-11-01 00:50:11,1.0,2.0,1.0,N,90,148,1,11.5,3.0,0.5,0.0,0.0,0.3,15.3,2.5,0.0
2,2021-11-01 00:30:25,2021-11-01 00:58:38,2.0,17.64,2.0,N,132,100,2,52.0,0.0,0.5,0.0,6.55,0.3,63.1,2.5,1.25
2,2021-10-31 23:59:15,2021-11-01 00:13:18,5.0,2.84,1.0,N,100,263,1,12.0,0.5,0.5,2.5,0.0,0.3,18.3,2.5,0.0
2,2021-11-01 00:30:15,2021-11-01 00:45:17,5.0,1.89,1.0,N,79,158,1,11.5,0.5,0.5,3.06,0.0,0.3,18.36,2.5,0.0
2,2021-11-01 00:49:38,2021-11-01 00:54:58,5.0,1.34,1.0,N,158,186,1,6.5,0.5,0.5,2.06,0.0,0.3,12.36,2.5,0.0
1,2021-11-01 00:05:16,2021-11-01 00:14:08,1.0,2.2,1.0,Y,79,233,1,9.0,3.0,0.5,2.0,0.0,0.3,14.8,2.5,0.0
2,2021-11-01 00:09:07,2021-11-01 00:11:38,1.0,0.63,1.0,N,164,234,1,4.0,0.5,0.5,0.0,0.0,0.3,7.8,2.5,0.0
2,2021-11-01 00:20:29,2021-11-01 00:28:45,1.0,1.21,1.0,N,90,137,2,7.5,0.5,0.5,0.0,0.0,0.3,11.3,2.5,0.0
2,2021-11-01 00:46:11,2021-11-01 00:58:33,1.0,4.97,1.0,N,237,42,2,16.0,0.5,0.5,0.0,0.0,0.3,19.8,2.5,0.0
2,2021-11-01 00:02:53,2021-11-01 00:17:02,1.0,3.51,1.0,N,246,140,2,13.0,0.5,0.5,0.0,0.0,0.3,16.8,2.5,0.0
2,2021-11-01 00:18:41,2021-11-01 00:18:45,2.0,0.0,5.0,N,264,264,1,16.3,0.0,0.5,1.0,0.0,0.3,18.1,0.0,0.0
2,2021-11-01 00:21:34,2021-11-01 00:24:08,1.0,0.91,1.0,N,141,262,1,4.5,0.5,0.5,1.66,0.0,0.3,9.96,2.5,0.0
2,2021-11-01 00:50:52,2021-11-01 01:01:11,1.0,2.04,1.0,N,113,232,1,9.5,0.5,0.5,2.0,0.0,0.3,15.3,2.5,0.0
1,2021-11-01 00:10:31,2021-11-01 00:32:50,0.0,6.4,1.0,N,68,7,1,21.5,3.0,0.5,5.05,0.0,0.3,30.35,2.5,0.0
2,2021-11-01 00:06:49,2021-11-01 00:36:49,1.0,11.93,1.0,N,132,62,1,35.0,0.5,0.5,5.0,0.0,0.3,42.55,0.0,1.25
2,2021-11-01 00:20:37,2021-11-01 00:45:02,1.0,6.43,1.0,N,142,148,1,23.0,0.5,0.5,5.36,0.0,0.3,32.16,2.5,0.0
2,2021-11-01 00:11:27,2021-11-01 00:20:05,2.0,2.05,1.0,N,142,151,1,9.0,0.5,0.5,2.56,0.0,0.3,15.36,2.5,0.0
2,2021-11-01 00:38:05,2021-11-01 00:45:54,1.0,2.39,1.0,N,48,249,1,8.5,0.5,0.5,4.3,0.0,0.3,16.6,2.5,0.0
1,2021-11-01 00:02:49,2021-11-01 00:12:04,1.0,2.4,1.0,N,233,79,1,9.5,3.0,0.5,2.65,0.0,0.3,15.95,2.5,0.0
1,2021-11-01 00:22:40,2021-11-01 00:35:08,1.0,3.4,1.0,N,249,33,1,13.0,3.0,0.5,3.35,0.0,0.3,20.15,2.5,0.0
1,2021-11-01 00:43:31,2021-11-01 00:50:20,1.0,1.6,1.0,N,231,79,1,8.0,3.0,0.5,2.35,0.0,0.3,14.15,2.5,0.0
1,2021-11-01 00:08:11,2021-11-01 00:17:34,0.0,1.4,1.0,N,79,107,1,8.0,3.0,0.5,2.35,0.0,0.3,14.15,2.5,0.0
2,2021-11-01 00:35:59,2021-11-01 00:53:00,1.0,5.67,1.0,N,113,238,1,18.0,0.5,0.5,4.36,0.0,0.3,26.16,2.5,0.0
1,2021-11-01 00:06:36,2021-11-01 00:21:21,1.0,3.7,1.0,N,163,7,1,14.0,3.0,0.5,4.45,0.0,0.3,22.25,2.5,0.0
1,2021-11-01 00:41:14,2021-11-01 00:45:16,1.0,0.8,1.0,N,230,163,2,5.0,3.0,0.5,0.0,0.0,0.3,8.8,2.5,0.0
2,2021-11-01 00:15:20,2021-11-01 00:21:25,1.0,1.3,1.0,N,161,186,1,6.5,0.5,0.5,0.0,0.0,0.3,10.3,2.5,0.0
2,2021-11-01 00:34:16,2021-11-01 00:44:17,6.0,2.14,1.0,N,186,143,1,9.5,0.5,0.5,2.66,0.0,0.3,15.96,2.5,0.0
2,2021-11-01 00:48:02,2021-11-01 00:57:26,6.0,1.95,1.0,N,142,151,1,9.0,0.5,0.5,2.56,0.0,0.3,15.36,2.5,0.0
2,2021-11-01 00:11:57,2021-11-01 00:25:22,1.0,6.35,1.0,N,70,80,1,20.0,0.5,0.5,5.33,0.0,0.3,26.63,0.0,0.0
2,2021-11-01 00:17:24,2021-11-01 00:49:04,2.0,16.5,1.0,N,132,89,2,45.5,0.5,0.5,0.0,0.0,0.3,48.05,0.0,1.25
2,2021-11-01 00:16:00,2021-11-01 00:38:45,1.0,6.65,1.0,N,264,264,2,22.5,0.5,0.5,0.0,0.0,0.3,26.3,2.5,0.0
2,2021-11-01 00:06:35,2021-11-01 00:11:34,1.0,1.11,1.0,N,158,125,1,5.5,0.5,0.5,1.86,0.0,0.3,11.16,2.5,0.0
2,2021-11-01 00:03:47,2021-11-01 00:10:49,2.0,1.12,1.0,N,114,4,1,6.5,0.5,0.5,2.06,0.0,0.3,12.36,2.5,0.0
2,2021-11-01 00:21:10,2021-11-01 00:35:37,1.0,3.32,1.0,N,148,52,2,13.5,0.5,0.5,0.0,0.0,0.3,17.3,2.5,0.0
2,2021-11-01 00:08:42,2021-11-01 00:24:42,1.0,4.44,1.0,N,68,41,1,15.5,0.5,0.5,3.86,0.0,0.3,23.16,2.5,0.0
2,2021-11-01 00:54:29,2021-11-01 01:21:06,2.0,8.6,1.0,N,249,42,1,28.0,0.5,0.5,6.36,0.0,0.3,38.16,2.5,0.0
1,2021-11-01 00:31:04,2021-11-01 00:37:14,3.0,2.0,1.0,N,249,100,2,8.0,3.0,0.5,0.0,0.0,0.3,11.8,2.5,0.0
1,2021-11-01 00:41:10,2021-11-01 00:53:28,1.0,2.9,1.0,N,68,231,1,11.5,3.0,0.5,5.0,0.0,0.3,20.3,2.5,0.0
1,2021-11-01 00:57:26,2021-11-01 01:15:34,1.0,6.4,1.0,N,211,263,1,21.0,3.0,0.5,3.0,0.0,0.3,27.8,2.5,0.0
2,2021-11-01 00:13:59,2021-11-01 00:24:14,1.0,2.06,1.0,N,234,229,1,9.5,0.5,0.5,2.66,0.0,0.3,15.96,2.5,0.0
2,2021-11-01 00:01:06,2021-11-01 00:22:46,1.0,8.17,1.0,N,249,244,1,26.0,0.5,0.5,4.0,0.0,0.3,33.8,2.5,0.0
2,2021-11-01 00:42:52,2021-11-01 00:55:36,1.0,1.47,1.0,N,48,233,1,9.5,0.5,0.5,1.0,0.0,0.3,14.3,2.5,0.0
2,2021-11-01 00:09:49,2021-11-01 00:24:29,1.0,7.87,1.0,N,138,262,2,23.5,0.5,0.5,0.0,6.55,0.3,35.1,2.5,1.25
2,2021-11-01 00:31:44,2021-11-01 00:42:21,1.0,2.61,1.0,N,263,48,2,10.0,0.5,0.5,0.0,0.0,0.3,13.8,2.5,0.0
2,2021-11-01 00:51:58,2021-11-01 01:08:03,1.0,3.1,1.0,N,230,140,1,13.5,0.5,0.5,3.46,0.0,0.3,20.76,2.5,0.0
2,2021-11-01 00:24:50,2021-11-01 00:54:57,1.0,19.93,1.0,N,132,189,1,54.5,0.5,0.5,10.0,0.0,0.3,67.05,0.0,1.25
1,2021-11-01 00:09:37,2021-11-01 00:18:01,3.0,1.6,1.0,Y,211,68,1,7.5,3.0,0.5,0.0,0.0,0.3,11.3,2.5,0.0
1,2021-11-01 00:19:13,2021-11-01 00:28:52,2.0,1.8,1.0,N,68,48,1,8.5,3.0,0.5,0.0,0.0,0.3,12.3,2.5,0.0
1,2021-11-01 00:46:49,2021-11-01 00:55:05,1.0,0.6,1.0,N,68,90,1,6.5,3.0,0.5,2.05,0.0,0.3,12.35,2.5,0.0
2,2021-11-01 00:29:00,2021-11-01 00:34:46,1.0,1.4,1.0,N,164,224,1,6.5,0.5,0.5,1.03,0.0,0.3,11.33,2.5,0.0
1,2021-11-01 00:29:32,2021-11-01 00:44:26,1.0,2.9,1.0,N,161,148,1,13.0,3.0,0.5,3.35,0.0,0.3,20.15,2.5,0.0
1,2021-11-01 00:47:05,2021-11-01 01:09:22,1.0,5.0,1.0,N,144,143,1,18.5,3.0,0.5,0.0,0.0,0.3,22.3,2.5,0.0
2,2021-11-01 00:18:44,2021-11-01 00:22:15,5.0,0.62,1.0,N,113,114,1,4.5,0.5,0.5,1.66,0.0,0.3,9.96,2.5,0.0
1,2021-11-01 00:06:21,2021-11-01 00:11:08,3.0,0.6,1.0,N,48,48,1,5.0,3.0,0.5,0.0,0.0,0.3,8.8,2.5,0.0
1,2021-11-01 00:19:00,2021-11-01 00:37:48,1.0,4.4,1.0,N,68,237,1,16.5,3.0,0.5,2.7,0.0,0.3,23.0,2.5,0.0
1,2021-11-01 00:46:20,2021-11-01 00:54:08,3.0,1.2,1.0,N,170,48,1,7.0,3.0,0.5,1.0,0.0,0.3,11.8,2.5,0.0
2,2021-11-01 00:21:04,2021-11-01 00:38:02,1.0,4.86,1.0,N,249,238,1,16.5,0.5,0.5,6.09,0.0,0.3,26.39,2.5,0.0
2,2021-11-01 00:45:29,2021-11-01 00:53:51,1.0,1.52,1.0,N,75,74,1,8.0,0.5,0.5,0.0,0.0,0.3,9.3,0.0,0.0
2,2021-11-01 00:56:27,2021-11-01 01:18:01,1.0,6.33,1.0,N,90,112,1,21.5,0.5,0.5,4.0,0.0,0.3,29.3,2.5,0.0
2,2021-11-01 00:02:36,2021-11-01 00:36:04,1.0,6.82,1.0,N,113,37,2,27.0,0.5,0.5,0.0,0.0,0.3,30.8,2.5,0.0
2,2021-11-01 00:57:39,2021-11-01 01:02:23,2.0,1.13,1.0,N,232,125,2,5.5,0.5,0.5,0.0,0.0,0.3,9.3,2.5,0.0
2,2021-11-01 00:31:11,2021-11-01 00:34:23,1.0,0.62,1.0,N,230,50,1,4.5,0.5,0.5,1.0,0.0,0.3,9.3,2.5,0.0
2,2021-11-01 00:47:13,2021-11-01 00:59:58,1.0,2.12,1.0,N,230,141,1,10.5,0.5,0.5,2.86,0.0,0.3,17.16,2.5,0.0
2,2021-11-01 00:18:05,2021-11-01 00:31:04,2.0,3.78,1.0,N,226,164,2,13.5,0.5,0.5,0.0,0.0,0.3,17.3,2.5,0.0
2,2021-11-01 00:37:18,2021-11-01 00:45:57,3.0,2.36,1.0,N,186,142,1,9.5,0.5,0.5,2.0,0.0,0.3,15.3,2.5,0.0
2,2021-11-01 00:58:41,2021-11-01 01:05:15,1.0,1.2,1.0,N,186,170,1,6.5,0.5,0.5,2.06,0.0,0.3,12.36,2.5,0.0
1,2021-11-01 00:20:17,2021-11-01 00:29:49,1.0,2.8,1.0,N,141,79,1,10.0,3.0,0.5,2.75,0.0,0.3,16.55,2.5,0.0
2,2021-11-01 00:31:54,2021-11-01 00:44:44,1.0,4.1,2.0,N,226,141,1,52.0,0.0,0.5,11.06,0.0,0.3,67.61,2.5,1.25
2,2021-11-01 00:02:40,2021-11-01 00:10:36,1.0,1.67,1.0,N,237,48,1,8.0,0.5,0.5,3.0,0.0,0.3,14.8,2.5,0.0
2,2021-11-01 00:22:08,2021-11-01 00:30:24,1.0,1.74,1.0,N,48,68,2,8.0,0.5,0.5,0.0,0.0,0.3,11.8,2.5,0.0
2,2021-11-01 00:33:55,2021-11-01 00:56:30,1.0,4.53,1.0,N,158,261,2,18.0,0.5,0.5,0.0,0.0,0.3,21.8,2.5,0.0
2,2021-11-01 00:09:44,2021-11-01 00:15:17,1.0,1.75,1.0,N,239,24,2,7.0,0.5,0.5,0.0,0.0,0.3,10.8,2.5,0.0
2,2021-11-01 00:27:32,2021-11-01 00:38:07,1.0,4.44,1.0,N,239,116,2,14.5,0.5,0.5,0.0,0.0,0.3,18.3,2.5,0.0
2,2021-11-01 00:56:21,2021-11-01 01:41:41,1.0,12.72,1.0,N,151,225,1,41.5,0.5,0.5,9.06,0.0,0.3,54.36,2.5,0.0
2,2021-11-01 00:04:17,2021-11-01 00:26:25,2.0,7.91,1.0,N,170,181,1,24.5,0.5,0.5,5.66,0.0,0.3,33.96,2.5,0.0
2,2021-11-01 00:43:12,2021-11-01 00:53:01,2.0,3.09,1.0,N,148,161,1,10.5,0.5,0.5,2.86,0.0,0.3,17.16,2.5,0.0
2,2021-11-01 00:10:14,2021-11-01 00:35:14,1.0,7.41,1.0,N,249,80,1,24.5,0.5,0.5,5.66,0.0,0.3,33.96,2.5,0.0
1,2021-11-01 00:08:29,2021-11-01 00:35:33,2.0,14.7,1.0,N,114,220,2,41.5,3.0,0.5,0.0,0.0,0.3,45.3,2.5,0.0
2,2021-11-01 00:03:32,2021-11-01 00:05:00,1.0,0.37,1.0,N,37,37,1,3.5,0.5,0.5,0.0,0.0,0.3,4.8,0.0,0.0
2,2021-11-01 00:57:32,2021-11-01 01:13:31,1.0,4.35,1.0,N,79,50,1,16.0,0.5,0.5,2.0,0.0,0.3,21.8,2.5,0.0
2,2021-11-01 00:07:32,2021-11-01 00:14:38,1.0,1.01,1.0,N,100,234,1,6.5,0.5,0.5,0.0,0.0,0.3,10.3,2.5,0.0
2,2021-11-01 00:57:36,2021-11-01 01:25:29,3.0,20.78,2.0,N,132,244,2,52.0,0.0,0.5,0.0,6.55,0.3,60.6,0.0,1.25
2,2021-11-01 00:17:58,2021-11-01 00:20:54,5.0,0.55,1.0,N,90,68,2,4.0,0.5,0.5,0.0,0.0,0.3,7.8,2.5,0.0
2,2021-11-01 00:22:31,2021-11-01 00:22:32,1.0,0.0,5.0,N,68,264,1,10.0,0.0,0.0,2.06,0.0,0.3,12.36,0.0,0.0
2,2021-11-01 00:23:19,2021-11-01 00:35:09,5.0,1.87,1.0,N,68,113,2,9.0,0.5,0.5,0.0,0.0,0.3,12.8,2.5,0.0
2,2021-11-01 00:35:59,2021-11-01 00:48:10,4.0,2.94,1.0,N,249,229,1,11.5,0.5,0.5,1.0,0.0,0.3,16.3,2.5,0.0
2,2021-11-01 00:16:29,2021-11-01 00:37:52,2.0,11.03,1.0,N,138,137,1,32.0,0.5,0.5,4.0,0.0,0.3,41.05,2.5,1.25
2,2021-11-01 00:53:19,2021-11-01 01:01:28,1.0,1.79,1.0,N,79,231,1,8.0,0.5,0.5,2.36,0.0,0.3,14.16,2.5,0.0
1,2021-11-01 00:05:18,2021-11-01 00:32:19,0.0,5.7,1.0,N,90,37,1,21.5,3.0,0.5,5.05,0.0,0.3,30.35,2.5,0.0
2,2021-11-01 00:16:53,2021-11-01 00:24:59,1.0,2.17,1.0,N,161,48,2,8.5,0.5,0.5,0.0,0.0,0.3,12.3,2.5,0.0
2,2021-11-01 00:44:04,2021-11-01 00:49:24,1.0,1.61,1.0,N,48,68,1,7.0,0.5,0.5,1.0,0.0,0.3,11.8,2.5,0.0
2,2021-11-01 00:50:59,2021-11-01 01:11:48,1.0,6.27,1.0,N,90,7,1,21.0,0.5,0.5,3.0,0.0,0.3,27.8,2.5,0.0
2,2021-11-01 00:02:22,2021-11-01 00:12:27,5.0,1.44,1.0,N,186,137,1,8.5,0.5,0.5,2.46,0.0,0.3,14.76,2.5,0.0
2,2021-11-01 00:23:15,2021-11-01 00:29:10,5.0,1.02,1.0,N,79,232,1,6.0,0.5,0.5,1.96,0.0,0.3,11.76,2.5,0.0
2,2021-11-01 00:34:52,2021-11-01 00:46:52,5.0,2.8,1.0,N,148,100,2,11.0,0.5,0.5,0.0,0.0,0.3,14.8,2.5,0.0
2,2021-11-01 00:53:30,2021-11-01 01:02:32,5.0,2.06,1.0,N,164,79,1,9.0,0.5,0.5,2.56,0.0,0.3,15.36,2.5,0.0
2,2021-11-01 00:17:26,2021-11-01 00:41:10,1.0,5.68,1.0,N,249,75,2,19.5,0.5,0.5,0.0,0.0,0.3,23.3,2.5,0.0
2,2021-11-01 00:07:52,2021-11-01 00:16:23,1.0,1.59,1.0,N,48,246,1,8.0,0.5,0.5,2.36,0.0,0.3,14.16,2.5,0.0
2,2021-11-01 00:17:48,2021-11-01 00:35:17,1.0,4.29,1.0,N,246,236,1,16.0,0.5,0.5,2.97,0.0,0.3,22.77,2.5,0.0
2,2021-11-01 00:54:04,2021-11-01 01:01:07,1.0,0.95,1.0,N,144,114,1,6.5,0.5,0.5,1.0,0.0,0.3,11.3,2.5,0.0
2,2021-11-01 00:03:08,2021-11-01 00:26:45,1.0,18.11,4.0,N,138,265,1,60.5,0.5,0.5,13.67,6.55,0.3,83.27,0.0,1.25
2,2021-11-01 00:43:13,2021-11-01 00:45:59,1.0,0.76,1.0,N,113,144,2,4.5,0.5,0.5,0.0,0.0,0.3,8.3,2.5,0.0
2,2021-11-01 00:29:58,2021-11-01 00:34:21,3.0,1.75,1.0,N,79,233,1,6.5,0.5,0.5,2.06,0.0,0.3,12.36,2.5,0.0
2,2021-11-01 00:43:19,2021-11-01 00:55:39,3.0,2.44,1.0,N,107,246,1,10.5,0.5,0.5,2.86,0.0,0.3,17.16,2.5,0.0
2,2021-11-01 00:12:05,2021-11-01 00:40:44,1.0,17.4,2.0,N,132,229,1,52.0,0.0,0.5,5.66,0.0,0.3,62.21,2.5,1.25
2,2021-11-01 00:27:10,2021-11-01 01:01:12,1.0,20.91,2.0,N,132,151,1,52.0,0.0,0.5,5.0,6.55,0.3,65.6,0.0,1.25
2,2021-11-01 00:15:38,2021-11-01 00:36:26,1.0,5.37,1.0,N,79,142,1,19.0,0.5,0.5,4.56,0.0,0.3,27.36,2.5,0.0
2,2021-11-01 00:40:54,2021-11-01 00:42:49,1.0,0.7,1.0,N,142,48,1,4.0,0.5,0.5,1.56,0.0,0.3,9.36,2.5,0.0
2,2021-11-01 00:43:31,2021-11-01 00:57:57,1.0,4.81,1.0,N,48,74,1,15.5,0.5,0.5,3.86,0.0,0.3,23.16,2.5,0.0
2,2021-11-01 00:22:42,2021-11-01 00:23:35,1.0,0.07,1.0,N,164,164,2,2.5,0.5,0.5,0.0,0.0,0.3,6.3,2.5,0.0
2,2021-11-01 00:37:07,2021-11-01 00:45:26,1.0,1.52,1.0,N,79,144,1,8.0,0.5,0.5,2.36,0.0,0.3,14.16,2.5,0.0
2,2021-11-01 00:55:55,2021-11-01 01:02:43,1.0,0.78,1.0,N,114,148,2,6.0,0.5,0.5,0.0,0.0,0.3,9.8,2.5,0.0
2,2021-11-01 00:09:00,2021-11-01 00:16:42,4.0,1.67,1.0,N,125,4,1,8.0,0.5,0.5,2.36,0.0,0.3,14.16,2.5,0.0
2,2021-11-01 00:19:16,2021-11-01 00:28:46,4.0,1.47,1.0,N,4,114,1,8.0,0.5,0.5,2.36,0.0,0.3,14.16,2.5,0.0
2,2021-11-01 00:38:55,2021-11-01 00:59:09,4.0,5.46,1.0,N,234,106,1,19.5,0.5,0.5,5.82,0.0,0.3,29.12,2.5,0.0
1,2021-11-01 00:17:35,2021-11-01 00:29:25,1.0,2.9,1.0,N,249,48,1,11.0,3.0,0.5,2.95,0.0,0.3,17.75,2.5,0.0
1,2021-11-01 00:40:25,2021-11-01 00:53:45,1.0,2.7,1.0,N,264,114,1,11.5,3.0,0.5,2.0,0.0,0.3,17.3,2.5,0.0
2,2021-10-31 23:55:55,2021-11-01 00:15:00,2.0,10.23,1.0,N,138,25,1,30.0,0.5,0.5,6.51,0.0,0.3,39.06,0.0,1.25
2,2021-11-01 00:55:33,2021-11-01 01:04:26,1.0,1.87,1.0,N,234,148,1,8.5,0.5,0.5,2.46,0.0,0.3,14.76,2.5,0.0
2,2021-11-01 00:00:29,2021-11-01 00:11:03,5.0,2.02,1.0,N,249,234,1,9.5,0.5,0.5,2.0,0.0,0.3,15.3,2.5,0.0
2,2021-11-01 00:22:22,2021-11-01 00:27:15,5.0,0.93,1.0,N,249,144,1,5.5,0.5,0.5,1.86,0.0,0.3,11.16,2.5,0.0
2,2021-11-01 00:03:54,2021-11-01 00:08:14,1.0,0.47,1.0,N,68,249,2,4.5,0.5,0.5,0.0,0.0,0.3,8.3,2.5,0.0
2,2021-11-01 00:28:44,2021-11-01 00:48:29,1.0,10.21,1.0,N,48,18,1,30.0,0.5,0.5,0.0,0.0,0.3,33.8,2.5,0.0
1,2021-11-01 00:11:16,2021-11-01 00:37:19,2.0,19.3,1.0,N,132,33,1,52.0,1.75,0.5,10.9,0.0,0.3,65.45,0.0,1.25
1,2021-11-01 00:38:45,2021-11-01 00:48:52,1.0,2.6,1.0,N,33,13,1,10.5,3.0,0.5,2.85,0.0,0.3,17.15,2.5,0.0
2,2021-11-01 00:22:19,2021-11-01 00:36:21,1.0,2.67,1.0,N,249,87,1,11.5,0.5,0.5,3.06,0.0,0.3,18.36,2.5,0.0
2,2021-11-01 00:45:57,2021-11-01 01:10:01,1.0,7.24,1.0,N,231,260,1,23.0,0.5,0.5,5.36,0.0,0.3,32.16,2.5,0.0
2,2021-11-01 00:25:11,2021-11-01 00:36:31,1.0,2.41,1.0,N,48,141,1,10.5,0.5,0.5,2.86,0.0,0.3,17.16,2.5,0.0
2,2021-11-01 00:20:31,2021-11-01 00:49:07,1.0,13.02,1.0,N,249,95,1,36.5,0.5,0.5,8.0,6.55,0.3,54.85,2.5,0.0
1,2021-11-01 00:13:54,2021-11-01 00:25:17,1.0,2.9,1.0,N,48,262,1,11.0,3.0,0.5,0.0,0.0,0.3,14.8,2.5,0.0
1,2021-11-01 00:31:44,2021-11-01 00:38:39,1.0,1.5,1.0,Y,263,238,1,7.5,3.0,0.5,1.0,0.0,0.3,12.3,2.5,0.0
1,2021-11-01 00:45:56,2021-11-01 00:53:05,1.0,1.5,1.0,N,142,162,2,8.0,3.0,0.5,0.0,0.0,0.3,11.8,2.5,0.0
2,2021-11-01 00:42:27,2021-11-01 01:01:13,1.0,6.38,1.0,N,100,152,2,21.5,0.5,0.5,0.0,0.0,0.3,25.3,2.5,0.0
2,2021-11-01 00:04:07,2021-11-01 00:08:16,1.0,1.69,1.0,N,237,263,1,6.5,0.5,0.5,2.06,0.0,0.3,12.36,2.5,0.0
2,2021-11-01 00:38:51,2021-11-01 00:43:28,1.0,1.03,1.0,N,246,186,2,5.5,0.5,0.5,0.0,0.0,0.3,9.3,2.5,0.0
2,2021-11-01 00:48:37,2021-11-01 00:57:48,1.0,1.76,1.0,N,249,4,2,8.0,0.5,0.5,0.0,0.0,0.3,11.8,2.5,0.0
2,2021-11-01 00:09:27,2021-11-01 00:24:38,2.0,3.83,3.0,N,144,265,1,32.5,0.5,0.0,0.0,11.75,0.3,45.05,0.0,0.0
1,2021-11-01 00:07:15,2021-11-01 00:30:36,1.0,7.4,1.0,N,125,145,2,24.0,3.0,0.5,0.0,0.0,0.3,27.8,2.5,0.0
2,2021-11-01 00:31:51,2021-11-01 00:44:13,1.0,2.55,1.0,N,186,50,1,11.0,0.5,0.5,0.0,0.0,0.3,14.8,2.5,0.0
2,2021-11-01 00:22:49,2021-11-01 00:33:30,1.0,2.29,1.0,N,141,143,1,10.0,0.5,0.5,2.48,0.0,0.3,16.28,2.5,0.0
2,2021-11-01 00:37:50,2021-11-01 00:53:53,1.0,5.63,1.0,N,48,42,1,18.0,0.5,0.5,4.36,0.0,0.3,26.16,2.5,0.0
2,2021-11-01 00:53:59,2021-11-01 00:58:51,1.0,0.76,1.0,N,170,162,1,5.0,0.5,0.5,1.32,0.0,0.3,10.12,2.5,0.0
2,2021-11-01 00:02:17,2021-11-01 00:16:31,2.0,3.58,1.0,N,249,239,1,13.0,0.5,0.5,3.36,0.0,0.3,20.16,2.5,0.0
2,2021-11-01 00:33:42,2021-11-01 00:43:30,1.0,2.27,1.0,N,249,88,1,9.0,0.5,0.5,2.56,0.0,0.3,15.36,2.5,0.0
2,2021-11-01 00:57:05,2021-11-01 01:07:03,1.0,1.53,1.0,N,114,232,1,8.5,0.5,0.5,2.46,0.0,0.3,14.76,2.5,0.0
2,2021-11-01 00:44:46,2021-11-01 00:50:20,1.0,0.84,1.0,N,144,148,1,6.0,0.5,0.5,1.96,0.0,0.3,11.76,2.5,0.0
1,2021-11-01 00:52:03,2021-11-01 01:17:23,1.0,8.4,1.0,N,113,74,1,27.5,3.0,0.5,0.0,0.0,0.3,31.3,2.5,0.0
2,2021-11-01 00:31:29,2021-11-01 00:37:26,1.0,1.83,1.0,N,141,137,1,7.0,0.5,0.5,2.16,0.0,0.3,12.96,2.5,0.0
2,2021-11-01 00:44:09,2021-11-01 00:53:26,1.0,3.96,1.0,N,107,263,1,12.0,0.5,0.5,3.95,0.0,0.3,19.75,2.5,0.0
2,2021-10-31 19:20:26,2021-10-31 19:28:08,2.0,2.01,1.0,N,170,68,1,8.5,0.5,0.5,1.11,0.0,0.3,13.41,2.5,0.0
2,2021-10-31 19:30:54,2021-10-31 19:39:58,2.0,1.76,1.0,N,68,164,1,8.5,0.5,0.5,2.46,0.0,0.3,14.76,2.5,0.0
2,2021-10-31 23:58:05,2021-11-01 00:09:18,3.0,1.84,1.0,N,107,230,1,9.5,0.5,0.5,0.0,0.0,0.3,13.3,2.5,0.0
2,2021-11-01 00:13:17,2021-11-01 00:40:18,1.0,5.51,1.0,N,48,260,2,20.5,0.5,0.5,0.0,0.0,0.3,24.3,2.5,0.0
1,2021-11-01 00:13:47,2021-11-01 00:16:34,1.0,0.8,1.0,N,161,164,1,4.5,3.0,0.5,0.0,0.0,0.3,8.3,2.5,0.0
1,2021-11-01 00:35:45,2021-11-01 00:54:29,1.0,6.2,1.0,N,114,226,1,19.5,3.0,0.5,4.65,0.0,0.3,27.95,2.5,0.0
2,2021-11-01 00:23:45,2021-11-01 00:34:17,2.0,2.33,1.0,N,163,263,1,10.0,0.5,0.5,3.45,0.0,0.3,17.25,2.5,0.0
1,2021-11-01 00:25:21,2021-11-01 00:32:20,2.0,2.3,1.0,N,234,237,1,8.5,3.0,0.5,2.45,0.0,0.3,14.75,2.5,0.0
1,2021-11-01 00:00:14,2021-11-01 00:04:58,1.0,0.6,1.0,N,142,143,2,5.0,3.0,0.5,0.0,0.0,0.3,8.8,2.5,0.0
1,2021-11-01 00:10:08,2021-11-01 00:33:37,1.0,9.0,1.0,N,239,235,2,28.0,3.0,0.5,0.0,0.0,0.3,31.8,2.5,0.0
2,2021-11-01 00:00:12,2021-11-01 00:15:09,1.0,3.69,1.0,N,186,151,1,14.0,0.5,0.5,2.2,0.0,0.3,20.0,2.5,0.0
2,2021-11-01 00:11:23,2021-11-01 00:19:29,4.0,2.57,1.0,N,137,141,1,9.5,0.5,0.5,2.66,0.0,0.3,15.96,2.5,0.0
1,2021-11-01 00:04:04,2021-11-01 00:24:35,1.0,4.7,1.0,N,4,50,1,18.0,3.0,0.5,1.5,0.0,0.3,23.3,2.5,0.0
1,2021-11-01 00:32:57,2021-11-01 00:38:30,3.0,0.9,1.0,N,50,48,2,6.0,3.0,0.5,0.0,0.0,0.3,9.8,2.5,0.0
1,2021-11-01 00:41:13,2021-11-01 00:58:08,1.0,4.4,1.0,N,230,13,1,16.5,3.0,0.5,4.05,0.0,0.3,24.35,2.5,0.0
2,2021-11-01 00:06:48,2021-11-01 00:14:34,1.0,1.89,1.0,N,263,238,1,8.0,0.5,0.5,2.36,0.0,0.3,14.16,2.5,0.0
2,2021-11-01 00:17:58,2021-11-01 00:25:03,1.0,1.41,1.0,N,238,236,1,7.5,0.5,0.5,2.26,0.0,0.3,13.56,2.5,0.0
1,2021-11-01 00:20:49,2021-11-01 00:33:29,2.0,2.6,1.0,N,230,114,1,11.0,3.0,0.5,2.95,0.0,0.3,17.75,2.5,0.0
1,2021-11-01 00:34:37,2021-11-01 00:49:05,2.0,1.8,1.0,N,114,232,1,10.5,3.0,0.5,4.25,0.0,0.3,18.55,2.5,0.0
2,2021-11-01 00:06:39,2021-11-01 00:25:25,1.0,3.84,1.0,N,239,42,1,16.0,0.5,0.5,3.96,0.0,0.3,23.76,2.5,0.0
2,2021-11-01 00:51:25,2021-11-01 00:51:32,1.0,0.0,5.0,N,200,200,1,60.0,0.0,0.0,18.09,0.0,0.3,78.39,0.0,0.0
1,2021-11-01 00:06:37,2021-11-01 00:16:18,1.0,1.8,1.0,N,211,87,1,8.5,3.0,0.5,2.45,0.0,0.3,14.75,2.5,0.0
1,2021-11-01 00:19:47,2021-11-01 00:34:37,2.0,3.3,1.0,N,261,40,1,13.0,3.0,0.5,2.52,0.0,0.3,19.32,2.5,0.0
1,2021-11-01 00:41:54,2021-11-01 01:01:21,1.0,5.1,1.0,N,25,68,1,18.5,3.0,0.5,2.0,0.0,0.3,24.3,2.5,0.0
2,2021-11-01 00:06:52,2021-11-01 00:23:21,1.0,10.57,1.0,N,132,56,2,29.5,0.5,0.5,0.0,0.0,0.3,32.05,0.0,1.25
2,2021-11-01 00:09:28,2021-11-01 00:13:05,1.0,0.72,1.0,N,239,143,2,4.5,0.5,0.5,0.0,0.0,0.3,8.3,2.5,0.0
1,2021-11-01 00:14:49,2021-11-01 00:23:30,3.0,1.7,1.0,N,48,68,1,8.5,3.0,0.5,2.45,0.0,0.3,14.75,2.5,0.0
1,2021-11-01 00:27:50,2021-11-01 00:48:02,2.0,3.4,1.0,N,246,148,1,15.0,3.0,0.5,1.0,0.0,0.3,19.8,2.5,0.0
1,2021-11-01 00:50:32,2021-11-01 00:56:16,2.0,2.1,1.0,N,148,233,1,7.5,3.0,0.5,1.7,0.0,0.3,13.0,2.5,0.0
1,2021-11-01 00:58:57,2021-11-01 01:02:12,1.0,1.2,1.0,Y,229,141,1,5.5,3.0,0.5,1.7,0.0,0.3,11.0,2.5,0.0
2,2021-11-01 00:09:40,2021-11-02 00:01:22,1.0,2.57,1.0,N,234,48,1,12.5,0.5,0.5,0.0,0.0,0.3,16.3,2.5,0.0
2,2021-11-01 00:28:15,2021-11-01 00:39:30,1.0,3.34,1.0,N,48,151,2,12.0,0.5,0.5,0.0,0.0,0.3,15.8,2.5,0.0
2,2021-11-01 00:21:48,2021-11-01 00:45:05,1.0,11.2,1.0,N,138,61,1,33.0,0.5,0.5,5.0,0.0,0.3,40.55,0.0,1.25
2,2021-11-01 00:43:35,2021-11-01 00:48:31,1.0,1.14,1.0,N,75,238,1,6.0,0.5,0.5,1.46,0.0,0.3,8.76,0.0,0.0
2,2021-11-01 00:13:59,2021-11-01 00:33:00,2.0,4.61,1.0,N,41,186,2,16.5,0.5,0.5,0.0,0.0,0.3,20.3,2.5,0.0
2,2021-11-01 00:35:54,2021-11-01 00:42:55,2.0,1.49,1.0,N,90,230,1,7.0,0.5,0.5,1.0,0.0,0.3,11.8,2.5,0.0
2,2021-11-01 00:47:07,2021-11-01 00:52:28,2.0,1.65,1.0,N,48,246,2,6.5,0.5,0.5,0.0,0.0,0.3,10.3,2.5,0.0
2,2021-11-01 00:05:00,2021-11-01 00:07:44,2.0,0.74,1.0,N,141,141,1,4.5,0.5,0.5,1.66,0.0,0.3,9.96,2.5,0.0
2,2021-11-01 00:11:44,2021-11-01 00:18:21,3.0,1.15,1.0,N,236,140,1,6.5,0.5,0.5,2.06,0.0,0.3,12.36,2.5,0.0
2,2021-11-01 00:21:43,2021-11-01 00:25:24,2.0,1.67,1.0,N,140,74,2,6.5,0.5,0.5,0.0,0.0,0.3,10.3,2.5,0.0
2,2021-11-01 00:35:50,2021-11-01 00:42:06,1.0,1.92,1.0,N,263,238,2,7.5,0.5,0.5,0.0,0.0,0.3,11.3,2.5,0.0
2,2021-11-01 00:06:57,2021-11-01 00:18:23,1.0,2.3,1.0,N,113,162,1,10.5,0.5,0.5,1.0,0.0,0.3,15.3,2.5,0.0
2,2021-11-01 00:21:03,2021-11-01 00:26:15,1.0,1.05,1.0,N,170,162,1,6.0,0.5,0.5,1.96,0.0,0.3,11.76,2.5,0.0
2,2021-11-01 00:38:00,2021-11-01 00:43:22,1.0,0.6,1.0,N,79,4,2,5.0,0.5,0.5,0.0,0.0,0.3,8.8,2.5,0.0
2,2021-11-01 00:44:43,2021-11-01 00:53:51,1.0,1.59,1.0,N,148,125,1,8.5,0.5,0.5,3.69,0.0,0.3,15.99,2.5,0.0
2,2021-10-31 23:21:01,2021-10-31 23:36:35,1.0,2.84,1.0,N,239,90,1,12.5,0.5,0.5,4.08,0.0,0.3,20.38,2.5,0.0
2,2021-10-31 23:40:54,2021-11-01 00:08:07,1.0,6.56,1.0,N,249,61,1,23.0,0.5,0.5,5.36,0.0,0.3,32.16,2.5,0.0
1,2021-11-01 00:22:02,2021-11-01 00:25:24,1.0,0.8,1.0,N,249,231,1,5.0,3.0,0.5,1.75,0.0,0.3,10.55,2.5,0.0
1,2021-11-01 00:39:34,2021-11-01 00:49:10,1.0,2.1,1.0,N,249,48,1,9.5,3.0,0.5,3.3,0.0,0.3,16.6,2.5,0.0
1,2021-11-01 00:57:04,2021-11-01 01:13:14,1.0,4.6,1.0,Y,186,41,1,16.5,3.0,0.5,4.05,0.0,0.3,24.35,2.5,0.0
2,2021-11-01 00:27:57,2021-11-01 00:48:37,1.0,7.76,1.0,N,249,228,1,24.0,0.5,0.5,5.0,0.0,0.3,32.8,2.5,0.0
2,2021-11-01 00:07:02,2021-11-01 00:15:25,1.0,0.98,1.0,N,114,144,1,7.0,0.5,0.5,2.16,0.0,0.3,12.96,2.5,0.0
2,2021-11-01 00:27:41,2021-11-01 00:32:56,4.0,0.77,1.0,N,137,164,1,5.5,0.5,0.5,2.33,0.0,0.3,11.63,2.5,0.0
1,2021-11-01 00:20:37,2021-11-01 00:22:58,1.0,0.9,1.0,N,66,66,1,4.5,0.5,0.5,5.0,0.0,0.3,10.8,0.0,0.0
1,2021-11-01 00:24:29,2021-11-01 00:46:14,1.0,9.7,1.0,N,138,48,1,29.0,4.25,0.5,8.0,6.55,0.3,48.6,2.5,1.25
1,2021-11-01 00:54:17,2021-11-01 01:19:40,1.0,5.5,1.0,N,100,8,2,21.5,3.0,0.5,0.0,0.0,0.3,25.3,2.5,0.0
2,2021-11-01 00:04:13,2021-11-01 00:11:03,1.0,1.56,1.0,N,142,237,1,7.5,0.5,0.5,2.26,0.0,0.3,13.56,2.5,0.0
2,2021-11-01 00:55:52,2021-11-01 00:57:28,1.0,0.63,1.0,N,107,137,1,4.0,0.5,0.5,1.0,0.0,0.3,8.8,2.5,0.0
2,2021-11-01 00:13:17,2021-11-01 00:31:40,1.0,9.32,1.0,N,138,48,1,27.0,0.5,0.5,7.72,6.55,0.3,46.32,2.5,1.25
2,2021-11-01 00:46:45,2021-11-01 00:58:28,2.0,3.32,1.0,N,163,166,1,12.5,0.5,0.5,4.0,0.0,0.3,20.3,2.5,0.0
2,2021-11-01 00:34:40,2021-11-01 00:40:27,1.0,0.88,1.0,N,161,229,1,5.5,0.5,0.5,0.0,0.0,0.3,9.3,2.5,0.0
2,2021-11-01 00:09:04,2021-11-01 00:25:21,1.0,8.58,1.0,N,264,17,2,25.0,0.5,0.5,0.0,0.0,0.3,26.3,0.0,0.0
2,2021-11-01 00:05:18,2021-11-01 00:38:47,1.0,28.86,4.0,N,138,265,1,65.0,0.5,0.5,13.26,0.0,0.3,80.81,0.0,1.25
2,2021-11-01 00:13:35,2021-11-01 00:29:53,1.0,2.41,1.0,N,68,148,1,12.0,0.5,0.5,1.0,0.0,0.3,16.8,2.5,0.0
2,2021-11-01 00:31:39,2021-11-01 00:51:18,1.0,4.93,1.0,N,148,142,1,17.5,0.5,0.5,0.0,0.0,0.3,21.3,2.5,0.0
2,2021-11-01 00:52:17,2021-11-01 00:55:46,1.0,1.28,1.0,N,142,238,2,5.5,0.5,0.5,0.0,0.0,0.3,9.3,2.5,0.0
2,2021-11-01 00:59:29,2021-11-01 01:08:49,2.0,2.09,1.0,N,239,236,2,9.5,0.5,0.5,0.0,0.0,0.3,13.3,2.5,0.0
2,2021-11-01 00:18:53,2021-11-01 00:31:26,2.0,2.94,1.0,N,263,163,1,12.0,0.5,0.5,3.16,0.0,0.3,18.96,2.5,0.0
2,2021-11-01 00:43:08,2021-11-01 00:50:10,3.0,1.74,1.0,N,234,48,1,7.5,0.5,0.5,2.26,0.0,0.3,13.56,2.5,0.0
2,2021-10-31 23:53:05,2021-11-01 00:00:03,3.0,1.28,1.0,N,114,234,1,7.0,0.5,0.5,2.16,0.0,0.3,12.96,2.5,0.0
2,2021-11-01 00:06:34,2021-11-01 00:12:19,1.0,1.01,1.0,N,48,68,1,6.0,0.5,0.5,1.96,0.0,0.3,11.76,2.5,0.0
2,2021-11-01 00:21:17,2021-11-01 00:52:00,1.0,8.67,1.0,N,230,129,1,29.0,0.5,0.5,6.56,0.0,0.3,39.36,2.5,0.0
1,2021-11-01 00:05:14,2021-11-01 00:57:21,0.0,30.3,5.0,Y,203,265,4,220.0,0.0,0.0,0.0,0.0,0.3,220.3,0.0,0.0
1,2021-11-01 00:17:58,2021-11-01 00:29:43,1.0,2.7,1.0,N,231,107,1,11.0,3.0,0.5,2.95,0.0,0.3,17.75,2.5,0.0
2,2021-11-01 00:11:37,2021-11-01 00:14:34,6.0,1.97,1.0,N,138,223,2,7.5,0.5,0.5,0.0,0.0,0.3,12.55,2.5,1.25
2,2021-11-01 00:10:39,2021-11-01 00:44:43,2.0,7.2,1.0,N,90,36,1,28.0,0.5,0.5,6.36,0.0,0.3,38.16,2.5,0.0
1,2021-11-01 00:18:22,2021-11-01 00:31:53,1.0,3.7,1.0,N,261,68,1,13.5,3.0,0.5,3.46,0.0,0.3,20.76,2.5,0.0
2,2021-11-01 00:11:00,2021-11-01 00:29:35,1.0,14.68,1.0,N,138,133,1,39.0,0.5,0.5,8.31,0.0,0.3,49.86,0.0,1.25
2,2021-11-01 00:01:38,2021-11-01 00:16:18,1.0,8.51,1.0,N,138,164,1,24.0,0.5,0.5,8.9,6.55,0.3,44.5,2.5,1.25
2,2021-11-01 00:13:55,2021-11-01 00:27:32,1.0,1.87,1.0,N,249,79,1,10.5,0.5,0.5,2.0,0.0,0.3,16.3,2.5,0.0
2,2021-11-01 00:29:12,2021-11-01 00:32:21,1.0,0.76,1.0,N,79,148,2,4.5,0.5,0.5,0.0,0.0,0.3,8.3,2.5,0.0
2,2021-11-01 00:43:02,2021-11-01 00:49:38,1.0,1.91,1.0,N,79,233,1,7.5,0.5,0.5,2.26,0.0,0.3,13.56,2.5,0.0
1,2021-11-01 00:04:04,2021-11-01 00:26:12,1.0,6.6,1.0,N,230,256,2,22.5,3.0,0.5,0.0,0.0,0.3,26.3,2.5,0.0
1,2021-11-01 00:36:25,2021-11-01 00:58:23,1.0,5.6,1.0,N,79,239,1,21.0,3.0,0.5,1.0,0.0,0.3,25.8,2.5,0.0
2,2021-11-01 00:14:19,2021-11-01 00:34:57,6.0,3.82,1.0,N,249,229,1,16.5,0.5,0.5,2.84,0.0,0.3,23.14,2.5,0.0
2,2021-11-01 00:27:14,2021-11-01 00:35:57,1.0,1.25,1.0,N,144,249,1,7.5,0.5,0.5,2.26,0.0,0.3,13.56,2.5,0.0
2,2021-11-01 00:40:40,2021-11-01 00:44:39,1.0,0.7,1.0,N,234,137,1,5.0,0.5,0.5,0.0,0.0,0.3,8.8,2.5,0.0
2,2021-11-01 00:47:17,2021-11-01 00:57:52,1.0,2.84,1.0,N,79,163,1,10.5,0.5,0.5,2.0,0.0,0.3,16.3,2.5,0.0
2,2021-11-01 00:30:47,2021-11-01 00:47:11,1.0,4.26,1.0,N,107,239,1,15.0,0.5,0.5,4.7,0.0,0.3,23.5,2.5,0.0
2,2021-11-01 00:52:09,2021-11-01 01:03:49,1.0,2.74,1.0,N,142,236,1,11.0,0.5,0.5,2.0,0.0,0.3,16.8,2.5,0.0
2,2021-11-01 00:16:07,2021-11-01 00:20:08,1.0,1.52,1.0,N,148,137,1,6.5,0.5,0.5,1.0,0.0,0.3,11.3,2.5,0.0
2,2021-11-01 00:37:55,2021-11-01 00:47:49,1.0,2.22,1.0,N,107,87,1,9.5,0.5,0.5,2.66,0.0,0.3,15.96,2.5,0.0
2,2021-11-01 00:54:58,2021-11-01 01:15:02,2.0,7.63,1.0,N,231,151,1,24.5,0.5,0.5,5.66,0.0,0.3,33.96,2.5,0.0
2,2021-11-01 00:04:56,2021-11-01 00:13:20,1.0,1.9,1.0,N,186,163,2,8.5,0.5,0.5,0.0,0.0,0.3,12.3,2.5,0.0
2,2021-11-01 00:17:35,2021-11-01 00:29:28,1.0,3.51,1.0,N,163,166,1,12.5,0.5,0.5,0.88,0.0,0.3,17.18,2.5,0.0
2,2021-11-01 00:02:47,2021-11-01 00:08:14,1.0,1.12,1.0,N,170,79,1,6.0,0.5,0.5,1.96,0.0,0.3,11.76,2.5,0.0
2,2021-11-01 00:12:30,2021-11-01 00:35:12,1.0,8.14,1.0,N,114,74,1,26.0,0.5,0.5,5.96,0.0,0.3,35.76,2.5,0.0
2,2021-11-01 00:10:57,2021-11-01 00:11:06,1.0,0.0,1.0,N,65,65,1,2.5,0.5,0.5,47.0,0.0,0.3,50.8,0.0,0.0
2,2021-11-01 00:28:56,2021-11-01 00:35:20,1.0,1.49,1.0,N,114,107,1,6.5,0.5,0.5,2.06,0.0,0.3,12.36,2.5,0.0
2,2021-11-01 00:52:26,2021-11-01 01:01:35,1.0,1.79,1.0,N,114,186,1,8.5,0.5,0.5,2.22,0.0,0.3,14.52,2.5,0.0
1,2021-11-01 00:03:42,2021-11-01 00:03:47,1.0,2.9,1.0,N,148,148,3,2.5,3.0,0.5,0.0,0.0,0.3,6.3,2.5,0.0
2,2021-11-01 00:00:04,2021-11-01 00:28:49,1.0,12.97,1.0,N,138,35,2,38.0,0.5,0.5,0.0,0.0,0.3,40.55,0.0,1.25
2,2021-11-01 00:06:33,2021-11-01 00:19:04,1.0,2.29,1.0,N,249,48,1,10.0,0.5,0.5,2.76,0.0,0.3,16.56,2.5,0.0
2,2021-11-01 00:32:52,2021-11-01 00:36:44,1.0,1.12,1.0,N,249,231,1,5.5,0.5,0.5,1.86,0.0,0.3,11.16,2.5,0.0
1,2021-11-01 00:27:17,2021-11-01 00:42:00,1.0,6.0,1.0,N,132,265,2,19.0,1.75,0.5,0.0,0.0,0.3,21.55,0.0,1.25
2,2021-11-01 00:29:14,2021-11-01 00:48:58,1.0,7.79,1.0,N,238,45,1,24.5,0.5,0.5,7.08,0.0,0.3,35.38,2.5,0.0
1,2021-11-01 00:15:12,2021-11-01 00:54:53,3.0,11.2,1.0,N,68,95,1,38.0,3.0,0.5,3.0,0.0,0.3,44.8,2.5,0.0
2,2021-11-01 00:07:49,2021-11-01 00:41:50,1.0,20.62,1.0,N,132,181,1,56.0,0.5,0.5,8.0,0.0,0.3,66.55,0.0,1.25
2,2021-11-01 00:18:12,2021-11-01 00:28:31,1.0,1.4,1.0,N,114,232,2,8.5,0.5,0.5,0.0,0.0,0.3,12.3,2.5,0.0
2,2021-11-01 00:47:12,2021-11-01 01:02:49,1.0,2.15,1.0,N,249,148,2,10.0,0.5,0.5,0.0,0.0,0.3,13.8,2.5,0.0
2,2021-11-01 00:25:57,2021-11-01 00:48:48,1.0,7.98,1.0,N,249,42,1,26.0,0.5,0.5,5.96,0.0,0.3,35.76,2.5,0.0
1,2021-11-01 00:07:26,2021-11-01 00:22:12,4.0,1.9,1.0,N,68,114,1,10.5,3.0,0.5,2.85,0.0,0.3,17.15,2.5,0.0
1,2021-11-01 00:34:41,2021-11-01 00:43:24,1.0,1.0,1.0,N,249,211,2,7.0,3.0,0.5,0.0,0.0,0.3,10.8,2.5,0.0
2,2021-11-01 00:23:52,2021-11-01 00:48:58,2.0,8.7,1.0,N,48,49,1,28.0,0.5,0.5,6.36,0.0,0.3,38.16,2.5,0.0
2,2021-11-01 00:11:18,2021-11-01 00:22:31,2.0,2.2,1.0,N,164,79,1,10.0,0.5,0.5,2.76,0.0,0.3,16.56,2.5,0.0
2,2021-11-01 00:36:35,2021-11-01 00:42:26,2.0,1.16,1.0,N,249,211,1,6.0,0.5,0.5,2.45,0.0,0.3,12.25,2.5,0.0
2,2021-11-01 00:43:18,2021-11-01 01:08:11,2.0,6.79,1.0,N,211,7,1,23.5,0.5,0.5,1.0,0.0,0.3,28.3,2.5,0.0
2,2021-11-01 00:01:30,2021-11-01 00:10:33,1.0,2.18,1.0,N,163,263,1,9.0,0.5,0.5,0.0,0.0,0.3,12.8,2.5,0.0
2,2021-10-31 23:58:02,2021-11-01 00:10:06,1.0,1.94,1.0,N,114,170,2,9.5,0.5,0.5,0.0,0.0,0.3,13.3,2.5,0.0
2,2021-11-01 00:23:07,2021-11-01 00:51:11,1.0,5.92,1.0,N,186,80,1,23.0,0.5,0.5,6.7,0.0,0.3,33.5,2.5,0.0
2,2021-11-01 00:16:36,2021-11-01 00:34:49,1.0,5.17,1.0,N,132,205,1,19.5,0.5,0.5,0.0,0.0,0.3,22.05,0.0,1.25
2,2021-11-01 00:10:31,2021-11-01 00:25:22,1.0,6.8,1.0,N,161,42,1,20.5,0.5,0.5,4.86,0.0,0.3,29.16,2.5,0.0
2,2021-11-01 00:06:42,2021-11-01 00:33:12,1.0,10.79,1.0,N,113,243,1,32.0,0.5,0.5,7.16,0.0,0.3,42.96,2.5,0.0
2,2021-11-01 00:27:43,2021-11-01 01:04:03,1.0,17.14,1.0,N,138,149,2,49.0,0.5,0.5,0.0,0.0,0.3,51.55,0.0,1.25
2,2021-11-01 00:35:42,2021-11-01 01:09:15,1.0,3.18,1.0,N,107,234,1,20.5,0.5,0.5,0.0,0.0,0.3,24.3,2.5,0.0
1,2021-11-01 00:01:36,2021-11-01 00:14:11,3.0,1.8,1.0,N,249,48,1,10.0,3.0,0.5,4.1,0.0,0.3,17.9,2.5,0.0
1,2021-11-01 00:27:30,2021-11-01 00:36:52,3.0,1.3,1.0,N,234,249,1,7.5,3.0,0.5,1.0,0.0,0.3,12.3,2.5,0.0
1,2021-11-01 00:43:12,2021-11-01 00:53:27,1.0,2.9,1.0,N,68,238,1,10.5,3.0,0.5,2.86,0.0,0.3,17.16,2.5,0.0
1,2021-11-01 00:58:46,2021-11-01 01:08:42,1.0,2.1,1.0,N,142,236,1,9.5,3.0,0.5,2.66,0.0,0.3,15.96,2.5,0.0
2,2021-11-01 00:02:36,2021-11-01 00:25:12,1.0,5.48,1.0,N,68,236,1,20.0,0.5,0.5,3.0,0.0,0.3,26.8,2.5,0.0
2,2021-11-01 00:54:16,2021-11-01 00:54:47,1.0,0.16,1.0,N,148,148,2,2.5,0.5,0.5,0.0,0.0,0.3,6.3,2.5,0.0
2,2021-11-01 01:00:06,2021-11-01 01:09:25,1.0,3.03,1.0,N,148,229,1,10.5,0.5,0.5,2.86,0.0,0.3,17.16,2.5,0.0
2,2021-11-01 00:10:26,2021-11-01 00:21:38,1.0,1.78,1.0,N,100,249,4,-9.0,-0.5,-0.5,0.0,0.0,-0.3,-12.8,-2.5,0.0
2,2021-11-01 00:10:26,2021-11-01 00:21:38,1.0,1.78,1.0,N,100,249,2,9.0,0.5,0.5,0.0,0.0,0.3,12.8,2.5,0.0
2,2021-11-01 00:22:56,2021-11-01 00:30:15,1.0,2.05,1.0,N,114,230,1,8.0,0.5,0.5,2.36,0.0,0.3,14.16,2.5,0.0
1,2021-11-01 00:18:40,2021-11-01 00:26:49,1.0,2.0,1.0,N,249,100,1,8.0,3.0,0.5,1.0,0.0,0.3,12.8,2.5,0.0
1,2021-11-01 00:41:43,2021-11-01 00:58:36,1.0,5.0,1.0,N,249,263,1,16.5,3.0,0.5,4.05,0.0,0.3,24.35,2.5,0.0
1,2021-11-01 00:12:54,2021-11-01 00:20:59,0.0,3.9,1.0,N,263,159,2,12.5,0.5,0.5,0.0,0.0,0.3,13.8,0.0,0.0
1,2021-11-01 00:48:43,2021-11-01 00:50:28,0.0,0.5,1.0,N,263,263,1,4.0,3.0,0.5,1.55,0.0,0.3,9.35,2.5,0.0
2,2021-11-01 00:19:38,2021-11-01 00:23:36,1.0,0.88,1.0,N,186,249,1,5.0,0.5,0.5,2.0,0.0,0.3,10.8,2.5,0.0
2,2021-11-01 00:26:00,2021-11-01 00:53:31,2.0,10.64,1.0,N,249,227,2,32.0,0.5,0.5,0.0,0.0,0.3,35.8,2.5,0.0
2,2021-11-01 00:00:30,2021-11-01 00:07:39,3.0,1.55,1.0,N,209,211,1,7.5,0.5,0.5,1.13,0.0,0.3,12.43,2.5,0.0
2,2021-11-01 00:08:20,2021-11-01 00:12:46,1.0,0.76,1.0,N,211,231,1,5.0,0.5,0.5,1.76,0.0,0.3,10.56,2.5,0.0
2,2021-11-01 00:13:32,2021-11-01 00:24:59,2.0,2.7,1.0,N,231,246,1,11.0,0.5,0.5,0.0,0.0,0.3,14.8,2.5,0.0
2,2021-11-01 00:29:29,2021-11-01 00:33:42,2.0,0.98,1.0,N,48,48,1,5.5,0.5,0.5,1.86,0.0,0.3,11.16,2.5,0.0
2,2021-11-01 00:37:46,2021-11-01 00:52:24,1.0,3.32,1.0,N,230,4,1,13.0,0.5,0.5,3.36,0.0,0.3,20.16,2.5,0.0
2,2021-10-31 23:59:24,2021-11-01 00:02:37,1.0,0.69,1.0,N,107,137,1,4.5,0.5,0.5,1.66,0.0,0.3,9.96,2.5,0.0
2,2021-11-01 00:07:00,2021-11-01 00:09:16,1.0,0.81,1.0,N,107,79,1,4.5,0.5,0.5,1.0,0.0,0.3,9.3,2.5,0.0
2,2021-11-01 00:11:32,2021-11-01 00:21:07,1.0,3.53,1.0,N,79,237,1,11.0,0.5,0.5,2.96,0.0,0.3,17.76,2.5,0.0
2,2021-11-01 00:31:07,2021-11-01 00:38:32,1.0,1.68,1.0,N,234,230,2,7.5,0.5,0.5,0.0,0.0,0.3,11.3,2.5,0.0
2,2021-11-01 00:48:53,2021-11-01 00:53:06,1.0,1.15,1.0,N,186,48,1,5.5,0.5,0.5,2.79,0.0,0.3,12.09,2.5,0.0
1,2021-11-01 00:02:29,2021-11-01 00:14:46,1.0,4.9,1.0,N,232,263,2,15.5,3.0,0.5,0.0,0.0,0.3,19.3,2.5,0.0
1,2021-11-01 00:49:28,2021-11-01 00:57:23,1.0,1.2,1.0,N,79,125,1,7.5,3.0,0.5,2.8,0.0,0.3,14.1,2.5,0.0
1,2021-11-01 00:59:25,2021-11-01 01:19:42,1.0,4.3,1.0,N,125,143,2,17.5,3.0,0.5,0.0,0.0,0.3,21.3,2.5,0.0
1,2021-11-01 00:23:42,2021-11-01 00:47:14,1.0,0.0,1.0,N,138,87,1,14.0,4.25,0.5,3.81,0.0,0.3,22.86,2.5,1.25
2,2021-11-01 00:04:51,2021-11-01 00:12:44,1.0,2.38,1.0,N,162,79,1,9.0,0.5,0.5,3.2,0.0,0.3,16.0,2.5,0.0
2,2021-11-01 00:18:15,2021-11-01 00:31:01,1.0,2.74,1.0,N,137,48,1,11.5,0.5,0.5,2.3,0.0,0.3,17.6,2.5,0.0
2,2021-11-01 00:36:10,2021-11-01 00:45:25,1.0,2.57,1.0,N,163,107,1,10.0,0.5,0.5,2.76,0.0,0.3,16.56,2.5,0.0
2,2021-11-01 00:53:59,2021-11-01 00:58:16,1.0,1.25,1.0,N,113,148,2,6.0,0.5,0.5,0.0,0.0,0.3,9.8,2.5,0.0
1,2021-11-01 00:44:44,2021-11-01 00:56:13,1.0,3.5,1.0,N,263,137,1,12.0,3.0,0.5,3.15,0.0,0.3,18.95,2.5,0.0
1,2021-11-01 00:13:39,2021-11-01 00:24:54,1.0,3.3,1.0,N,143,41,2,12.0,3.0,0.5,0.0,0.0,0.3,15.8,2.5,0.0
1,2021-11-01 00:29:20,2021-11-01 00:36:23,1.0,1.1,1.0,N,41,74,2,7.0,0.5,0.5,0.0,0.0,0.3,8.3,0.0,0.0
1,2021-11-01 00:25:50,2021-11-01 00:30:23,1.0,0.7,1.0,N,230,48,2,5.0,3.0,0.5,0.0,0.0,0.3,8.8,2.5,0.0
1,2021-11-01 00:23:24,2021-11-01 00:35:07,1.0,3.3,1.0,N,114,229,1,12.0,3.0,0.5,3.15,0.0,0.3,18.95,2.5,0.0
1,2021-11-01 00:49:35,2021-11-01 01:01:05,1.0,3.7,1.0,N,79,145,1,12.5,3.0,0.5,5.7,6.55,0.3,28.55,2.5,0.0
2,2021-11-01 00:47:02,2021-11-01 00:56:06,1.0,1.56,1.0,N,234,48,1,8.0,0.5,0.5,2.12,0.0,0.3,13.92,2.5,0.0
2,2021-11-01 00:31:27,2021-11-01 00:39:17,1.0,2.23,1.0,N,170,141,1,9.0,0.5,0.5,4.0,0.0,0.3,16.8,2.5,0.0
2,2021-11-01 00:47:09,2021-11-01 01:09:34,1.0,5.97,1.0,N,237,69,1,20.5,0.5,0.5,0.0,0.0,0.3,24.3,2.5,0.0
1,2021-11-01 00:19:49,2021-11-01 00:32:20,1.0,3.4,1.0,N,90,238,1,12.5,3.0,0.5,2.0,0.0,0.3,18.3,2.5,0.0
1,2021-11-01 00:49:33,2021-11-01 00:54:49,2.0,1.0,1.0,N,48,68,1,6.0,3.0,0.5,1.0,0.0,0.3,10.8,2.5,0.0
2,2021-11-01 00:04:38,2021-11-01 00:25:06,1.0,9.91,1.0,N,138,239,1,29.0,0.5,0.5,12.18,6.55,0.3,52.78,2.5,1.25
2,2021-11-01 00:32:21,2021-11-01 00:44:56,1.0,3.12,1.0,N,238,48,1,11.5,0.5,0.5,3.06,0.0,0.3,18.36,2.5,0.0
2,2021-11-01 00:58:27,2021-11-01 01:02:00,1.0,0.54,1.0,N,249,234,2,4.5,0.5,0.5,0.0,0.0,0.3,8.3,2.5,0.0
2,2021-11-01 00:28:06,2021-11-01 00:32:18,1.0,0.62,1.0,N,249,158,1,4.5,0.5,0.5,0.0,0.0,0.3,8.3,2.5,0.0
2,2021-11-01 00:34:56,2021-11-01 00:57:45,1.0,5.22,1.0,N,249,181,1,19.5,0.5,0.5,4.66,0.0,0.3,27.96,2.5,0.0
2,2021-11-01 00:19:00,2021-11-01 00:25:21,1.0,1.43,1.0,N,164,114,1,7.0,0.5,0.5,1.28,0.0,0.3,12.08,2.5,0.0
2,2021-11-01 00:29:29,2021-11-01 00:38:23,1.0,1.29,1.0,N,114,231,1,7.5,0.5,0.5,1.7,0.0,0.3,13.0,2.5,0.0
2,2021-11-01 00:45:03,2021-11-01 01:01:10,1.0,2.14,1.0,N,211,186,1,12.5,0.5,0.5,3.26,0.0,0.3,19.56,2.5,0.0
2,2021-11-01 00:35:58,2021-11-01 00:49:31,1.0,3.07,1.0,N,246,236,1,12.5,0.5,0.5,3.26,0.0,0.3,19.56,2.5,0.0
2,2021-11-01 00:05:03,2021-11-01 00:16:43,2.0,4.66,1.0,N,137,87,1,15.0,0.5,0.5,3.0,0.0,0.3,21.8,2.5,0.0
2,2021-11-01 00:20:30,2021-11-01 00:39:18,1.0,10.49,1.0,N,87,42,1,30.0,0.5,0.5,6.76,0.0,0.3,40.56,2.5,0.0
2,2021-11-01 00:48:56,2021-11-01 00:57:53,2.0,2.59,1.0,N,263,41,1,9.5,0.5,0.5,4.0,0.0,0.3,17.3,2.5,0.0
2,2021-11-01 00:38:30,2021-11-01 00:39:43,5.0,0.44,1.0,N,233,233,1,3.5,0.5,0.5,1.46,0.0,0.3,8.76,2.5,0.0
2,2021-11-01 00:46:57,2021-11-01 00:57:05,5.0,2.17,1.0,N,161,249,2,9.0,0.5,0.5,0.0,0.0,0.3,12.8,2.5,0.0
2,2021-11-01 00:13:39,2021-11-01 00:18:08,1.0,0.87,1.0,N,186,230,1,5.0,0.5,0.5,1.76,0.0,0.3,10.56,2.5,0.0
2,2021-11-01 00:42:21,2021-11-01 00:51:25,1.0,1.39,1.0,N,68,170,1,8.0,0.5,0.5,2.36,0.0,0.3,14.16,2.5,0.0
2,2021-11-01 00:08:26,2021-11-01 00:28:11,1.0,6.15,1.0,N,114,263,1,21.0,0.5,0.5,4.96,0.0,0.3,29.76,2.5,0.0
1,2021-11-01 00:16:17,2021-11-01 00:35:31,2.0,5.3,1.0,N,264,264,1,18.0,0.5,0.5,4.8,0.0,0.3,24.1,0.0,0.0
2,2021-11-01 00:11:32,2021-11-01 00:20:41,1.0,2.66,1.0,N,79,162,1,10.0,0.5,0.5,2.76,0.0,0.3,16.56,2.5,0.0
2,2021-11-01 00:38:45,2021-11-01 00:52:24,1.0,2.08,1.0,N,90,148,1,10.5,0.5,0.5,2.86,0.0,0.3,17.16,2.5,0.0
2,2021-11-01 00:55:03,2021-11-01 01:02:57,1.0,2.74,1.0,N,148,80,1,10.0,0.5,0.5,1.0,0.0,0.3,14.8,2.5,0.0
1,2021-11-01 00:25:39,2021-11-01 00:31:45,2.0,1.3,1.0,N,237,263,1,6.5,3.0,0.5,2.05,0.0,0.3,12.35,2.5,0.0
1,2021-11-01 00:42:22,2021-11-01 00:52:25,1.0,3.7,1.0,N,79,262,1,12.0,3.0,0.5,3.15,0.0,0.3,18.95,2.5,0.0
2,2021-11-01 00:15:38,2021-11-01 00:31:48,1.0,7.24,1.0,N,144,262,1,23.0,0.5,0.5,5.36,0.0,0.3,32.16,2.5,0.0
1,2021-11-01 00:35:02,2021-11-01 00:44:42,1.0,1.6,1.0,N,49,61,2,7.5,0.5,0.5,0.0,0.0,0.3,8.8,0.0,0.0
1,2021-11-01 00:45:12,2021-11-01 00:54:16,1.0,1.9,1.0,N,61,17,1,7.5,0.5,0.5,2.2,0.0,0.3,11.0,0.0,0.0
1,2021-11-01 00:19:29,2021-11-01 00:41:21,1.0,5.9,1.0,N,249,146,1,20.0,3.0,0.5,2.0,0.0,0.3,25.8,2.5,0.0
1,2021-11-01 00:57:21,2021-11-01 01:01:39,1.0,0.9,1.0,N,79,113,1,5.5,3.0,0.5,0.5,0.0,0.3,9.8,2.5,0.0
2,2021-11-01 00:03:06,2021-11-01 00:15:24,1.0,4.14,1.0,N,151,48,2,14.5,0.5,0.5,0.0,0.0,0.3,18.3,2.5,0.0
2,2021-11-01 00:17:39,2021-11-01 00:21:44,1.0,0.57,1.0,N,230,161,2,4.5,0.5,0.5,0.0,0.0,0.3,8.3,2.5,0.0
2,2021-11-01 00:27:28,2021-11-01 00:35:12,1.0,1.73,1.0,N,164,229,1,7.5,0.5,0.5,2.0,0.0,0.3,13.3,2.5,0.0
1,2021-11-01 00:14:45,2021-11-01 00:21:48,1.0,1.8,1.0,N,90,48,1,8.0,3.0,0.5,0.0,0.0,0.3,11.8,2.5,0.0
1,2021-11-01 00:53:05,2021-11-01 00:56:54,1.0,0.8,1.0,N,231,148,1,4.5,3.0,0.5,2.0,0.0,0.3,10.3,2.5,0.0
1,2021-11-01 00:26:45,2021-11-01 00:45:48,1.0,7.7,1.0,N,132,86,1,24.5,1.75,0.5,5.4,0.0,0.3,32.45,0.0,1.25
2,2021-11-01 00:20:41,2021-11-01 00:40:19,1.0,9.05,1.0,N,48,243,4,-26.0,-0.5,-0.5,0.0,0.0,-0.3,-29.8,-2.5,0.0
2,2021-11-01 00:20:41,2021-11-01 00:40:19,1.0,9.05,1.0,N,48,243,2,26.0,0.5,0.5,0.0,0.0,0.3,29.8,2.5,0.0
2,2021-11-01 00:30:13,2021-11-01 00:44:30,2.0,3.55,1.0,N,163,148,1,14.0,0.5,0.5,3.56,0.0,0.3,21.36,2.5,0.0
2,2021-11-01 00:52:20,2021-11-01 00:59:00,2.0,1.14,1.0,N,79,114,1,6.5,0.5,0.5,2.06,0.0,0.3,12.36,2.5,0.0
1,2021-11-01 00:11:21,2021-11-01 00:17:07,1.0,0.9,1.0,N,114,68,1,6.0,3.0,0.5,1.95,0.0,0.3,11.75,2.5,0.0
1,2021-11-01 00:20:50,2021-11-01 00:48:02,1.0,11.3,5.0,N,249,265,1,70.0,0.0,0.0,16.4,11.75,0.3,98.45,0.0,0.0
1,2021-11-01 00:58:59,2021-11-01 01:20:15,3.0,6.5,1.0,N,249,7,1,21.0,3.0,0.5,4.95,0.0,0.3,29.75,2.5,0.0
2,2021-11-01 00:08:02,2021-11-01 00:10:37,1.0,0.6,1.0,N,141,141,1,4.0,0.5,0.5,1.56,0.0,0.3,9.36,2.5,0.0
1,2021-11-01 00:12:21,2021-11-01 00:32:26,1.0,7.5,1.0,N,148,74,2,24.5,3.0,0.5,0.0,0.0,0.3,28.3,2.5,0.0
1,2021-11-01 00:59:18,2021-11-01 01:13:15,1.0,3.8,1.0,Y,79,25,1,14.5,3.0,0.5,4.0,0.0,0.3,22.3,2.5,0.0
2,2021-11-01 00:10:11,2021-11-01 00:21:58,1.0,2.01,1.0,N,90,144,1,9.5,0.5,0.5,2.0,0.0,0.3,15.3,2.5,0.0
2,2021-11-01 00:29:44,2021-11-01 00:36:15,1.0,1.11,1.0,N,114,249,1,6.0,0.5,0.5,2.0,0.0,0.3,11.8,2.5,0.0
2,2021-11-01 00:39:13,2021-11-01 00:48:52,1.0,1.66,1.0,N,90,79,1,8.5,0.5,0.5,2.46,0.0,0.3,14.76,2.5,0.0
2,2021-11-01 00:55:00,2021-11-01 01:10:04,1.0,3.66,1.0,N,79,230,1,13.5,0.5,0.5,3.46,0.0,0.3,20.76,2.5,0.0
2,2021-11-01 00:03:31,2021-11-01 00:18:40,1.0,1.48,1.0,N,79,158,1,10.5,0.5,0.5,1.5,0.0,0.3,15.8,2.5,0.0
2,2021-11-01 00:20:35,2021-11-01 00:32:19,1.0,2.45,1.0,N,158,186,2,10.5,0.5,0.5,0.0,0.0,0.3,14.3,2.5,0.0
2,2021-11-01 00:40:19,2021-11-01 01:03:30,1.0,8.06,1.0,N,249,116,1,25.5,0.5,0.5,0.0,0.0,0.3,29.3,2.5,0.0
2,2021-11-01 00:27:28,2021-11-01 00:45:20,1.0,5.04,1.0,N,249,189,1,18.0,0.5,0.5,3.0,0.0,0.3,24.8,2.5,0.0
2,2021-11-01 00:03:40,2021-11-01 00:36:50,1.0,8.06,1.0,N,68,223,1,28.5,0.5,0.5,3.0,0.0,0.3,35.3,2.5,0.0
2,2021-11-01 00:05:21,2021-11-01 00:10:44,2.0,0.92,1.0,N,125,113,1,5.5,0.5,0.5,1.86,0.0,0.3,11.16,2.5,0.0
2,2021-11-01 00:18:35,2021-11-01 00:31:57,1.0,2.42,1.0,N,113,48,1,11.0,0.5,0.5,2.96,0.0,0.3,17.76,2.5,0.0
2,2021-11-01 00:38:29,2021-11-01 00:50:24,2.0,1.13,1.0,N,230,161,2,9.0,0.5,0.5,0.0,0.0,0.3,12.8,2.5,0.0
1,2021-11-01 00:23:58,2021-11-01 00:27:50,1.0,0.5,1.0,N,238,238,1,4.5,3.0,0.5,1.7,0.0,0.3,10.0,2.5,0.0
1,2021-11-01 00:41:02,2021-11-01 00:44:49,2.0,0.6,1.0,N,166,151,1,5.0,0.5,0.5,1.25,0.0,0.3,7.55,0.0,0.0
1,2021-11-01 00:14:35,2021-11-01 00:43:06,1.0,11.1,1.0,N,186,14,2,33.5,3.0,0.5,0.0,0.0,0.3,37.3,2.5,0.0
2,2021-11-01 00:24:29,2021-11-01 00:27:08,1.0,1.13,1.0,N,137,113,1,5.0,0.5,0.5,1.76,0.0,0.3,10.56,2.5,0.0
2,2021-11-01 00:44:59,2021-11-01 00:55:01,1.0,2.77,1.0,N,249,162,2,10.5,0.5,0.5,0.0,0.0,0.3,14.3,2.5,0.0
2,2021-11-01 00:08:26,2021-11-01 00:20:11,1.0,3.38,1.0,N,148,49,2,12.0,0.5,0.5,0.0,0.0,0.3,15.8,2.5,0.0
2,2021-11-01 00:42:00,2021-11-01 00:44:36,1.0,0.6,1.0,N,137,137,2,4.0,0.5,0.5,0.0,0.0,0.3,7.8,2.5,0.0
1,2021-11-01 00:03:02,2021-11-01 00:11:11,2.0,1.7,1.0,N,158,68,1,8.0,3.0,0.5,2.35,0.0,0.3,14.15,2.5,0.0
1,2021-11-01 00:21:37,2021-11-01 00:39:49,1.0,3.8,1.0,N,186,151,2,15.0,3.0,0.5,0.0,0.0,0.3,18.8,2.5,0.0
1,2021-11-01 00:59:38,2021-11-01 01:14:39,2.0,3.8,1.0,N,186,262,1,14.0,3.0,0.5,3.55,0.0,0.3,21.35,2.5,0.0
2,2021-11-01 00:24:27,2021-11-01 00:30:04,1.0,1.49,1.0,N,230,142,1,6.5,0.5,0.5,1.0,0.0,0.3,11.3,2.5,0.0
2,2021-11-01 00:31:44,2021-11-01 00:47:21,1.0,4.34,1.0,N,142,224,2,15.0,0.5,0.5,0.0,0.0,0.3,18.8,2.5,0.0
2,2021-11-01 00:55:52,2021-11-01 01:11:55,1.0,3.09,1.0,N,148,100,1,13.0,0.5,0.5,3.36,0.0,0.3,20.16,2.5,0.0
2,2021-11-01 00:39:06,2021-11-01 00:56:29,5.0,5.01,1.0,N,264,264,1,16.5,0.5,0.5,4.06,0.0,0.3,24.36,2.5,0.0
2,2021-11-01 00:48:12,2021-11-01 00:59:17,1.0,1.61,1.0,N,114,148,2,9.0,0.5,0.5,0.0,0.0,0.3,12.8,2.5,0.0
2,2021-11-01 00:03:43,2021-11-01 00:08:13,1.0,1.31,1.0,N,48,246,1,6.0,0.5,0.5,1.0,0.0,0.3,10.8,2.5,0.0
2,2021-11-01 00:19:32,2021-11-01 00:26:42,1.0,1.25,1.0,N,90,90,1,7.0,0.5,0.5,1.62,0.0,0.3,12.42,2.5,0.0
2,2021-11-01 00:31:03,2021-11-01 00:35:23,1.0,1.07,1.0,N,249,231,1,5.5,0.5,0.5,1.86,0.0,0.3,11.16,2.5,0.0
2,2021-11-01 00:42:00,2021-11-01 00:56:21,1.0,3.23,1.0,N,249,50,1,13.0,0.5,0.5,0.0,0.0,0.3,16.8,2.5,0.0
2,2021-11-01 00:26:17,2021-11-01 00:52:06,2.0,19.19,2.0,N,132,231,1,52.0,0.0,0.5,8.48,0.0,0.3,65.03,2.5,1.25
2,2021-11-01 00:58:17,2021-11-01 01:12:54,1.0,3.59,1.0,N,114,141,1,13.5,0.5,0.5,1.0,0.0,0.3,18.3,2.5,0.0
2,2021-11-01 00:05:39,2021-11-01 00:10:20,1.0,0.76,1.0,N,148,114,1,5.0,0.5,0.5,1.0,0.0,0.3,9.8,2.5,0.0
2,2021-11-01 00:25:29,2021-11-01 00:25:43,1.0,0.01,1.0,N,114,114,4,-2.5,-0.5,-0.5,0.0,0.0,-0.3,-6.3,-2.5,0.0
2,2021-11-01 00:25:29,2021-11-01 00:25:43,1.0,0.01,1.0,N,114,113,2,2.5,0.5,0.5,0.0,0.0,0.3,6.3,2.5,0.0
2,2021-11-01 00:34:33,2021-11-01 00:45:26,1.0,2.84,1.0,N,113,65,1,11.0,0.5,0.5,2.96,0.0,0.3,17.76,2.5,0.0
1,2021-11-01 00:08:10,2021-11-01 00:15:01,1.0,1.1,1.0,Y,162,186,2,6.5,3.0,0.5,0.0,0.0,0.3,10.3,2.5,0.0
1,2021-11-01 00:20:20,2021-11-01 00:29:58,1.0,2.0,1.0,N,100,113,1,9.0,3.0,0.5,2.55,0.0,0.3,15.35,2.5,0.0
1,2021-11-01 00:38:06,2021-11-01 00:46:15,2.0,0.7,1.0,N,249,79,1,7.0,3.0,0.5,2.15,0.0,0.3,12.95,2.5,0.0
1,2021-11-01 00:47:42,2021-11-01 01:02:05,2.0,4.3,1.0,N,79,142,1,14.5,3.0,0.5,3.65,0.0,0.3,21.95,2.5,0.0
1,2021-11-01 00:20:32,2021-11-01 00:37:16,2.0,3.3,1.0,N,186,231,1,14.0,3.0,0.5,5.3,0.0,0.3,23.1,2.5,0.0
1,2021-11-01 00:42:51,2021-11-01 01:02:12,2.0,5.2,1.0,N,231,62,1,18.5,3.0,0.5,4.45,0.0,0.3,26.75,2.5,0.0
1,2021-11-01 00:06:49,2021-11-01 00:15:57,1.0,1.8,1.0,N,113,164,1,8.5,3.0,0.5,1.0,0.0,0.3,13.3,2.5,0.0
1,2021-11-01 00:55:02,2021-11-01 01:05:47,1.0,4.4,1.0,N,107,75,4,13.0,3.0,0.5,0.0,0.0,0.3,16.8,2.5,0.0
1,2021-11-01 00:18:26,2021-11-01 00:37:05,1.0,5.4,1.0,N,209,100,1,18.5,3.0,0.5,4.45,0.0,0.3,26.75,2.5,0.0
1,2021-11-01 00:49:32,2021-11-01 01:03:58,1.0,6.6,1.0,N,100,65,1,20.5,3.0,0.5,5.0,0.0,0.3,29.3,2.5,0.0
2,2021-11-01 00:10:40,2021-11-01 00:27:51,6.0,4.71,1.0,N,148,236,1,15.5,0.5,0.5,2.0,0.0,0.3,21.3,2.5,0.0
2,2021-11-01 00:32:15,2021-11-01 00:55:10,6.0,9.8,1.0,N,236,65,2,29.0,0.5,0.5,0.0,0.0,0.3,32.8,2.5,0.0
1,2021-11-01 00:03:58,2021-11-01 00:16:47,1.0,2.8,1.0,N,170,143,1,11.5,3.0,0.5,1.7,0.0,0.3,17.0,2.5,0.0
1,2021-11-01 00:24:46,2021-11-01 00:28:34,2.0,1.1,1.0,N,246,48,1,5.5,3.0,0.5,1.86,0.0,0.3,11.16,2.5,0.0
1,2021-11-01 00:31:33,2021-11-01 00:42:06,2.0,2.7,1.0,N,48,151,2,11.0,3.0,0.5,0.0,0.0,0.3,14.8,2.5,0.0
1,2021-11-01 00:55:46,2021-11-01 01:05:54,1.0,2.0,1.0,N,48,229,1,9.0,3.0,0.5,2.56,0.0,0.3,15.36,2.5,0.0
2,2021-11-01 00:48:22,2021-11-01 01:02:46,2.0,4.18,1.0,N,148,43,1,14.0,0.5,0.5,3.56,0.0,0.3,21.36,2.5,0.0
2,2021-11-01 00:07:58,2021-11-01 00:29:18,1.0,9.76,1.0,N,186,243,2,30.0,0.5,0.5,0.0,0.0,0.3,33.8,2.5,0.0
2,2021-11-01 00:58:33,2021-11-01 01:01:58,1.0,0.71,1.0,N,100,90,2,4.0,0.5,0.5,0.0,0.0,0.3,7.8,2.5,0.0
2,2021-11-01 00:10:57,2021-11-01 00:15:12,1.0,1.67,1.0,N,229,126,1,6.5,0.5,0.5,2.06,0.0,0.3,12.36,2.5,0.0
2,2021-11-01 00:17:33,2021-11-01 00:23:43,1.0,1.16,1.0,N,226,129,2,6.5,0.5,0.5,0.0,0.0,0.3,7.8,0.0,0.0
2,2021-11-01 00:00:47,2021-11-01 00:16:02,1.0,3.16,1.0,N,125,256,1,13.5,0.5,0.5,3.46,0.0,0.3,20.76,2.5,0.0
2,2021-11-01 00:24:06,2021-11-01 00:32:43,1.0,2.47,1.0,N,141,48,2,9.5,0.5,0.5,0.0,0.0,0.3,13.3,2.5,0.0
2,2021-11-01 00:35:11,2021-11-01 00:48:29,1.0,4.01,1.0,N,48,262,2,14.0,0.5,0.5,0.0,0.0,0.3,17.8,2.5,0.0
2,2021-11-01 00:29:13,2021-11-01 00:47:49,1.0,4.13,1.0,N,114,239,1,16.0,0.5,0.5,3.96,0.0,0.3,23.76,2.5,0.0
2,2021-11-01 00:27:48,2021-11-01 00:45:11,1.0,6.0,1.0,N,239,79,1,20.0,0.5,0.5,4.76,0.0,0.3,28.56,2.5,0.0
2,2021-11-01 00:49:27,2021-11-01 01:12:04,2.0,6.65,1.0,N,79,166,1,22.0,0.5,0.5,4.2,0.0,0.3,30.0,2.5,0.0
2,2021-11-01 00:15:54,2021-11-01 00:25:03,1.0,1.44,1.0,N,114,4,1,8.0,0.5,0.5,0.0,0.0,0.3,11.8,2.5,0.0
2,2021-11-01 00:32:37,2021-11-01 00:48:20,1.0,4.7,1.0,N,79,142,1,16.0,0.5,0.5,3.96,0.0,0.3,23.76,2.5,0.0
2,2021-11-01 00:01:12,2021-11-01 00:10:30,2.0,1.28,1.0,N,114,211,1,7.5,0.5,0.5,3.39,0.0,0.3,14.69,2.5,0.0
2,2021-11-01 00:15:15,2021-11-01 00:37:55,2.0,5.28,1.0,N,114,151,1,19.5,0.5,0.5,4.66,0.0,0.3,27.96,2.5,0.0
2,2021-11-01 00:37:24,2021-11-01 00:48:05,1.0,3.04,1.0,N,164,239,1,11.5,0.5,0.5,3.06,0.0,0.3,18.36,2.5,0.0
2,2021-11-01 00:05:27,2021-11-01 00:14:18,1.0,1.79,1.0,N,114,186,1,8.5,0.5,0.5,3.08,0.0,0.3,15.38,2.5,0.0
1,2021-11-01 00:19:13,2021-11-01 00:25:44,1.0,2.4,1.0,Y,170,262,1,8.5,3.0,0.5,3.05,0.0,0.3,15.35,2.5,0.0
1,2021-11-01 00:52:57,2021-11-01 00:55:46,1.0,0.6,1.0,N,141,141,1,4.0,3.0,0.5,1.55,0.0,0.3,9.35,2.5,0.0
1,2021-11-01 00:39:02,2021-11-01 01:12:55,0.0,8.8,1.0,N,114,42,2,30.0,3.0,0.5,0.0,0.0,0.3,33.8,2.5,0.0
2,2021-11-01 00:33:32,2021-11-01 00:42:59,1.0,1.48,1.0,N,42,42,2,8.5,0.5,0.5,0.0,0.0,0.3,9.8,0.0,0.0
2,2021-11-01 00:05:36,2021-11-01 00:18:21,1.0,3.79,1.0,N,13,50,1,14.0,0.5,0.5,3.56,0.0,0.3,21.36,2.5,0.0
2,2021-11-01 00:32:20,2021-11-01 00:44:40,1.0,9.19,1.0,N,70,140,1,25.0,0.5,0.5,7.07,6.55,0.3,42.42,2.5,0.0
1,2021-11-01 00:20:35,2021-11-01 00:43:38,1.0,8.1,1.0,N,162,49,1,26.0,3.0,0.5,5.95,0.0,0.3,35.75,2.5,0.0
1,2021-11-01 00:01:37,2021-11-01 00:06:10,1.0,1.3,1.0,N,48,68,1,6.0,3.0,0.5,1.95,0.0,0.3,11.75,2.5,0.0
1,2021-11-01 00:13:30,2021-11-01 00:27:41,1.0,3.3,1.0,N,249,142,1,12.5,3.0,0.5,4.85,0.0,0.3,21.15,2.5,0.0
1,2021-11-01 00:30:16,2021-11-01 00:50:49,1.0,5.4,1.0,N,142,112,1,19.0,3.0,0.5,3.0,0.0,0.3,25.8,2.5,0.0
2,2021-11-01 00:00:21,2021-11-01 00:26:58,1.0,19.06,2.0,N,132,116,1,52.0,0.0,0.5,11.87,6.55,0.3,72.47,0.0,1.25
2,2021-11-01 00:47:15,2021-11-01 01:08:22,2.0,5.58,1.0,N,230,88,1,19.5,0.5,0.5,4.66,0.0,0.3,27.96,2.5,0.0
2,2021-11-01 00:20:58,2021-11-01 00:37:52,1.0,4.57,1.0,N,234,262,1,16.0,0.5,0.5,3.96,0.0,0.3,23.76,2.5,0.0
2,2021-11-01 00:43:32,2021-11-01 00:53:25,1.0,3.54,1.0,N,262,146,1,12.0,0.5,0.5,3.16,0.0,0.3,18.96,2.5,0.0
2,2021-11-01 00:23:22,2021-11-01 00:29:29,1.0,1.0,1.0,N,263,75,2,5.5,0.5,0.5,0.0,0.0,0.3,9.3,2.5,0.0
2,2021-11-01 00:06:41,2021-11-01 00:22:11,6.0,3.19,1.0,N,45,52,1,13.0,0.5,0.5,5.04,0.0,0.3,21.84,2.5,0.0
2,2021-11-01 00:38:22,2021-11-01 01:09:03,6.0,8.2,1.0,N,79,129,1,27.5,0.5,0.5,6.26,0.0,0.3,37.56,2.5,0.0
2,2021-11-01 00:33:33,2021-11-01 00:50:11,1.0,5.84,1.0,N,229,256,2,19.5,0.5,0.5,0.0,0.0,0.3,23.3,2.5,0.0
2,2021-11-01 00:03:44,2021-11-01 00:10:01,1.0,1.45,1.0,N,234,230,1,7.0,0.5,0.5,2.7,0.0,0.3,13.5,2.5,0.0
2,2021-11-01 00:17:30,2021-11-01 00:17:37,1.0,0.0,2.0,N,48,48,2,52.0,0.0,0.5,0.0,0.0,0.3,55.3,2.5,0.0
2,2021-11-01 00:18:00,2021-11-01 00:20:31,1.0,0.61,1.0,N,48,68,1,4.0,0.5,0.5,1.0,0.0,0.3,8.8,2.5,0.0
2,2021-11-01 00:33:54,2021-11-01 00:41:19,4.0,1.04,1.0,N,90,164,1,7.0,0.5,0.5,2.7,0.0,0.3,13.5,2.5,0.0
2,2021-11-01 00:49:08,2021-11-01 00:56:08,2.0,1.62,1.0,N,234,125,2,7.0,0.5,0.5,0.0,0.0,0.3,10.8,2.5,0.0
2,2021-11-01 00:13:40,2021-11-01 00:50:30,2.0,19.86,1.0,N,10,223,1,54.5,0.5,0.5,11.16,0.0,0.3,66.96,0.0,0.0
2,2021-11-01 00:11:59,2021-11-01 00:19:26,1.0,1.56,1.0,N,237,143,1,8.0,0.5,0.5,2.36,0.0,0.3,14.16,2.5,0.0
2,2021-11-01 00:32:05,2021-11-01 01:04:16,1.0,13.54,1.0,N,151,181,1,40.5,0.5,0.5,5.0,0.0,0.3,49.3,2.5,0.0
2,2021-11-01 00:39:33,2021-11-01 00:48:58,1.0,2.95,1.0,N,79,97,1,11.0,0.5,0.5,2.0,0.0,0.3,16.8,2.5,0.0
1,2021-11-01 00:17:37,2021-11-01 00:41:53,1.0,20.9,4.0,N,132,265,2,77.0,1.75,0.5,0.0,0.0,0.3,79.55,0.0,1.25
2,2021-10-31 23:52:19,2021-10-31 23:59:51,1.0,1.48,1.0,N,142,141,1,7.5,0.5,0.5,2.0,0.0,0.3,13.3,2.5,0.0
2,2021-11-01 00:10:22,2021-11-01 00:17:06,1.0,2.48,1.0,N,113,229,1,8.5,0.5,0.5,3.08,0.0,0.3,15.38,2.5,0.0
2,2021-11-01 00:27:35,2021-11-01 00:37:30,1.0,1.93,1.0,N,107,68,1,9.0,0.5,0.5,2.56,0.0,0.3,15.36,2.5,0.0
2,2021-11-01 00:11:30,2021-11-01 00:17:51,1.0,1.16,1.0,N,114,68,2,6.5,0.5,0.5,0.0,0.0,0.3,10.3,2.5,0.0
2,2021-11-01 00:00:55,2021-11-01 00:38:02,1.0,13.16,1.0,N,113,63,2,41.0,0.5,0.5,0.0,0.0,0.3,44.8,2.5,0.0
2,2021-11-01 00:18:22,2021-11-01 00:30:02,1.0,3.18,1.0,N,68,238,1,12.0,0.5,0.5,3.16,0.0,0.3,18.96,2.5,0.0
2,2021-11-01 00:53:05,2021-11-01 01:03:02,1.0,2.28,1.0,N,186,231,1,9.0,0.5,0.5,2.56,0.0,0.3,15.36,2.5,0.0
2,2021-11-01 00:44:47,2021-11-01 00:46:12,1.0,0.4,1.0,N,48,50,1,3.5,0.5,0.5,1.46,0.0,0.3,8.76,2.5,0.0
2,2021-11-01 00:57:21,2021-11-01 01:11:24,1.0,4.44,1.0,N,249,239,1,15.0,0.5,0.5,4.0,0.0,0.3,22.8,2.5,0.0
2,2021-11-01 00:11:23,2021-11-01 00:17:22,1.0,1.07,1.0,N,148,232,2,6.0,0.5,0.5,0.0,0.0,0.3,9.8,2.5,0.0
1,2021-11-01 00:13:13,2021-11-01 00:29:24,1.0,8.4,1.0,N,138,162,1,24.5,4.25,0.5,5.0,6.55,0.3,41.1,2.5,1.25
2,2021-11-01 00:05:49,2021-11-01 00:22:02,1.0,5.45,5.0,N,229,82,1,25.0,0.0,0.0,2.0,0.0,0.3,29.8,2.5,0.0
2,2021-11-01 00:40:08,2021-11-01 00:53:26,1.0,6.72,5.0,N,138,146,1,30.0,0.0,0.0,2.0,0.0,0.3,33.55,0.0,1.25
2,2021-11-01 00:01:46,2021-11-01 00:17:11,1.0,4.18,1.0,N,237,226,1,14.5,0.5,0.5,5.49,0.0,0.3,23.79,2.5,0.0
2,2021-11-01 00:41:37,2021-11-01 00:51:22,1.0,2.35,1.0,N,162,79,1,9.5,0.5,0.5,2.0,0.0,0.3,15.3,2.5,0.0
2,2021-11-01 00:53:01,2021-11-01 00:57:44,1.0,0.88,1.0,N,79,114,2,5.5,0.5,0.5,0.0,0.0,0.3,9.3,2.5,0.0
2,2021-11-01 00:58:57,2021-11-01 01:17:39,1.0,5.07,1.0,N,114,238,1,17.0,0.5,0.5,5.2,0.0,0.3,26.0,2.5,0.0
1,2021-11-01 00:05:42,2021-11-01 00:13:58,1.0,1.9,1.0,N,158,246,1,8.5,3.0,0.5,10.0,0.0,0.3,22.3,2.5,0.0
1,2021-11-01 00:17:46,2021-11-01 00:44:16,1.0,6.5,1.0,N,246,255,1,23.5,3.0,0.5,6.8,0.0,0.3,34.1,2.5,0.0
1,2021-11-01 00:53:53,2021-11-01 01:07:48,3.0,3.2,1.0,N,148,255,1,13.0,3.0,0.5,2.0,0.0,0.3,18.8,2.5,0.0
2,2021-11-01 00:33:38,2021-11-01 00:46:47,1.0,1.37,1.0,N,249,144,1,9.5,0.5,0.5,1.5,0.0,0.3,14.8,2.5,0.0
2,2021-11-01 00:55:24,2021-11-01 00:58:17,1.0,0.84,1.0,N,114,249,1,4.5,0.5,0.5,2.0,0.0,0.3,10.3,2.5,0.0
2,2021-11-01 00:20:19,2021-11-01 00:24:40,1.0,1.08,1.0,N,79,107,1,5.5,0.5,0.5,1.86,0.0,0.3,11.16,2.5,0.0
2,2021-11-01 00:41:22,2021-11-01 00:55:00,3.0,5.07,1.0,N,114,239,1,16.0,0.5,0.5,3.96,0.0,0.3,23.76,2.5,0.0
1,2021-11-01 00:23:29,2021-11-01 00:34:20,1.0,2.1,1.0,N,246,113,1,10.0,3.0,0.5,4.1,0.0,0.3,17.9,2.5,0.0
1,2021-11-01 00:40:59,2021-11-01 00:47:51,1.0,1.0,1.0,N,249,158,1,6.5,3.0,0.5,1.0,0.0,0.3,11.3,2.5,0.0
1,2021-11-01 00:56:36,2021-11-01 01:14:32,1.0,4.8,1.0,N,114,262,1,17.0,3.0,0.5,4.15,0.0,0.3,24.95,2.5,0.0
2,2021-11-01 00:35:01,2021-11-01 00:46:37,1.0,1.81,1.0,N,186,249,2,9.5,0.5,0.5,0.0,0.0,0.3,13.3,2.5,0.0
2,2021-11-01 00:51:06,2021-11-01 01:04:16,1.0,3.03,1.0,N,90,142,1,12.0,0.5,0.5,4.74,0.0,0.3,20.54,2.5,0.0
2,2021-11-01 00:34:10,2021-11-01 00:48:46,1.0,2.25,1.0,N,48,107,2,11.5,0.5,0.5,0.0,0.0,0.3,15.3,2.5,0.0
2,2021-11-01 00:04:42,2021-11-01 00:09:51,1.0,0.91,1.0,N,164,233,1,5.5,0.5,0.5,1.86,0.0,0.3,11.16,2.5,0.0
1,2021-11-01 00:03:20,2021-11-01 00:09:12,3.0,0.9,1.0,N,90,158,1,5.5,3.0,0.5,1.85,0.0,0.3,11.15,2.5,0.0
1,2021-11-01 00:16:15,2021-11-01 00:23:01,4.0,0.9,1.0,N,158,249,1,6.0,3.0,0.5,1.95,0.0,0.3,11.75,2.5,0.0
1,2021-11-01 00:30:31,2021-11-01 00:46:26,1.0,5.3,1.0,N,249,146,1,17.0,3.0,0.5,4.15,0.0,0.3,24.95,2.5,0.0
2,2021-11-01 00:18:08,2021-11-01 00:26:14,1.0,1.97,1.0,N,162,224,1,8.5,0.5,0.5,2.46,0.0,0.3,14.76,2.5,0.0
2,2021-11-01 00:33:27,2021-11-01 00:36:04,1.0,1.25,1.0,N,137,229,1,5.5,0.5,0.5,1.86,0.0,0.3,11.16,2.5,0.0
2,2021-11-01 00:21:49,2021-11-01 00:34:59,1.0,2.64,1.0,N,211,233,1,11.5,0.5,0.5,1.7,0.0,0.3,17.0,2.5,0.0
2,2021-11-01 00:48:43,2021-11-01 01:02:19,1.0,3.29,1.0,N,48,231,1,12.0,0.5,0.5,4.74,0.0,0.3,20.54,2.5,0.0
2,2021-10-31 23:53:39,2021-11-01 00:00:16,3.0,0.97,1.0,N,107,170,1,6.5,0.5,0.5,1.5,0.0,0.3,11.8,2.5,0.0
2,2021-11-01 00:15:27,2021-11-01 00:15:38,1.0,0.0,5.0,N,249,264,1,2.0,0.0,0.0,0.69,0.0,0.3,2.99,0.0,0.0
2,2021-11-01 00:35:46,2021-11-01 00:51:34,3.0,4.45,1.0,N,231,190,1,15.5,0.5,0.5,3.0,0.0,0.3,22.3,2.5,0.0
1,2021-11-01 00:56:52,2021-11-01 00:57:07,1.0,0.0,1.0,N,68,68,3,2.5,3.0,0.5,0.0,0.0,0.3,6.3,2.5,0.0
2,2021-11-01 00:25:04,2021-11-01 00:53:51,2.0,19.57,2.0,N,132,236,1,52.0,0.0,0.5,12.37,6.55,0.3,75.47,2.5,1.25
2,2021-11-01 00:59:03,2021-11-01 01:02:25,1.0,0.9,1.0,N,236,75,4,-5.0,-0.5,-0.5,0.0,0.0,-0.3,-8.8,-2.5,0.0
2,2021-11-01 00:59:03,2021-11-01 01:02:25,1.0,0.9,1.0,N,236,263,2,5.0,0.5,0.5,0.0,0.0,0.3,8.8,2.5,0.0
2,2021-11-01 00:17:45,2021-11-01 00:22:12,1.0,1.35,1.0,N,75,41,2,6.0,0.5,0.5,0.0,0.0,0.3,7.3,0.0,0.0
2,2021-11-01 00:30:25,2021-11-01 00:38:27,1.0,1.18,1.0,N,166,151,1,7.5,0.5,0.5,1.76,0.0,0.3,10.56,0.0,0.0
2,2021-11-01 00:48:48,2021-11-01 01:33:04,1.0,10.17,1.0,N,239,37,2,36.0,0.5,0.5,0.0,0.0,0.3,39.8,2.5,0.0
2,2021-11-01 00:06:58,2021-11-01 00:06:59,5.0,0.0,5.0,N,216,264,1,25.0,0.0,0.5,5.16,0.0,0.3,30.96,0.0,0.0
2,2021-11-01 00:29:27,2021-11-01 00:46:59,2.0,4.53,1.0,N,236,249,1,16.5,0.5,0.5,5.08,0.0,0.3,25.38,2.5,0.0
1,2021-11-01 00:04:11,2021-11-01 00:12:29,0.0,1.5,1.0,N,114,234,1,8.0,3.0,0.5,2.35,0.0,0.3,14.15,2.5,0.0
1,2021-11-01 00:57:35,2021-11-01 01:02:08,2.0,0.6,1.0,N,231,211,1,5.0,3.0,0.5,1.8,0.0,0.3,10.6,2.5,0.0
2,2021-11-01 00:32:33,2021-11-01 00:50:29,1.0,3.11,1.0,N,163,68,2,14.0,0.5,0.5,0.0,0.0,0.3,17.8,2.5,0.0
1,2021-11-01 00:19:28,2021-11-01 00:28:36,1.0,1.0,1.0,N,114,148,1,7.5,3.0,0.5,2.25,0.0,0.3,13.55,2.5,0.0
1,2021-11-01 00:51:20,2021-11-01 01:00:02,1.0,2.0,1.0,N,234,50,1,9.0,3.0,0.5,1.0,0.0,0.3,13.8,2.5,0.0
2,2021-11-01 00:00:08,2021-11-01 00:14:59,1.0,9.46,1.0,N,264,141,1,26.5,0.5,0.5,7.37,6.55,0.3,44.22,2.5,0.0
2,2021-11-01 00:47:04,2021-11-01 01:16:16,1.0,13.75,1.0,N,170,16,1,40.0,0.5,0.5,0.0,6.55,0.3,50.35,2.5,0.0
2,2021-11-01 00:31:39,2021-11-01 00:41:19,1.0,1.06,1.0,N,249,79,1,7.5,0.5,0.5,1.0,0.0,0.3,12.3,2.5,0.0
2,2021-11-01 00:53:24,2021-11-01 01:04:30,1.0,2.01,1.0,N,249,164,1,9.5,0.5,0.5,3.33,0.0,0.3,16.63,2.5,0.0
2,2021-11-01 00:14:18,2021-11-01 00:41:06,2.0,18.28,2.0,N,132,148,1,52.0,0.0,0.5,11.06,0.0,0.3,67.61,2.5,1.25
2,2021-11-01 00:41:44,2021-11-01 00:51:59,1.0,1.97,1.0,N,148,68,1,9.0,0.5,0.5,3.2,0.0,0.3,16.0,2.5,0.0
2,2021-11-01 00:34:48,2021-11-01 00:40:19,1.0,0.97,1.0,N,79,90,1,5.5,0.5,0.5,1.0,0.0,0.3,10.3,2.5,0.0
2,2021-11-01 00:43:14,2021-11-01 00:47:00,1.0,0.54,1.0,N,249,90,1,4.5,0.5,0.5,1.66,0.0,0.3,9.96,2.5,0.0
2,2021-11-01 00:49:17,2021-11-01 00:59:51,1.0,2.02,1.0,N,68,79,1,9.0,0.5,0.5,2.56,0.0,0.3,15.36,2.5,0.0
1,2021-11-01 00:22:01,2021-11-01 00:29:18,1.0,1.5,1.0,N,170,234,2,7.5,3.0,0.5,0.0,0.0,0.3,11.3,2.5,0.0
1,2021-11-01 00:35:30,2021-11-01 00:51:42,1.0,4.2,1.0,N,113,140,2,16.0,3.0,0.5,0.0,0.0,0.3,19.8,2.5,0.0
2,2021-11-01 00:06:55,2021-11-01 00:17:54,1.0,2.1,1.0,N,141,50,1,10.0,0.5,0.5,1.0,0.0,0.3,14.8,2.5,0.0
2,2021-11-01 00:25:16,2021-11-01 00:29:34,1.0,1.23,1.0,N,50,246,1,6.0,0.5,0.5,1.96,0.0,0.3,11.76,2.5,0.0
2,2021-11-01 00:30:35,2021-11-01 00:46:21,1.0,3.33,1.0,N,246,4,1,13.5,0.5,0.5,3.46,0.0,0.3,20.76,2.5,0.0
2,2021-11-01 00:51:48,2021-11-01 01:07:18,1.0,3.36,1.0,N,79,50,1,13.0,0.5,0.5,3.36,0.0,0.3,20.16,2.5,0.0
2,2021-11-01 00:19:10,2021-11-01 00:26:00,1.0,1.78,1.0,N,263,74,1,7.5,0.5,0.5,2.26,0.0,0.3,13.56,2.5,0.0
2,2021-11-01 00:53:42,2021-11-01 01:23:10,1.0,9.05,1.0,N,148,152,1,30.0,0.5,0.5,5.0,0.0,0.3,38.8,2.5,0.0
2,2021-11-01 00:30:13,2021-11-01 00:54:18,2.0,16.22,1.0,N,132,112,1,44.0,0.5,0.5,9.31,0.0,0.3,55.86,0.0,1.25
2,2021-11-01 00:45:32,2021-11-01 00:55:49,2.0,1.49,1.0,N,186,249,1,8.5,0.5,0.5,3.08,0.0,0.3,15.38,2.5,0.0
2,2021-11-01 00:04:29,2021-11-01 00:18:48,3.0,7.81,1.0,N,148,7,1,23.0,0.5,0.5,5.36,0.0,0.3,32.16,2.5,0.0
2,2021-11-01 00:47:50,2021-11-01 00:48:16,2.0,0.0,2.0,N,230,230,1,52.0,0.0,0.5,12.37,6.55,0.3,74.22,2.5,0.0
2,2021-11-01 00:13:03,2021-11-01 00:24:26,2.0,2.28,1.0,N,144,158,1,10.5,0.5,0.5,2.86,0.0,0.3,17.16,2.5,0.0
2,2021-11-01 00:35:19,2021-11-01 00:38:29,2.0,0.98,1.0,N,158,125,1,5.0,0.5,0.5,1.32,0.0,0.3,10.12,2.5,0.0
2,2021-11-01 00:43:58,2021-11-01 00:52:08,1.0,1.93,1.0,N,158,13,1,8.0,0.5,0.5,2.0,0.0,0.3,13.8,2.5,0.0
2,2021-11-01 00:57:11,2021-11-01 01:07:28,1.0,1.93,1.0,N,261,148,1,9.0,0.5,0.5,2.56,0.0,0.3,15.36,2.5,0.0
2,2021-11-01 00:03:14,2021-11-01 00:15:42,5.0,2.43,1.0,N,249,230,2,10.5,0.5,0.5,0.0,0.0,0.3,14.3,2.5,0.0
2,2021-11-01 00:22:02,2021-11-01 00:30:08,5.0,1.14,1.0,N,68,164,1,7.0,0.5,0.5,3.24,0.0,0.3,14.04,2.5,0.0
2,2021-11-01 00:48:03,2021-11-01 00:52:14,5.0,0.41,1.0,N,211,249,1,4.5,0.5,0.5,1.66,0.0,0.3,9.96,2.5,0.0
2,2021-11-01 00:00:19,2021-11-01 00:08:17,1.0,1.54,1.0,N,231,232,2,7.5,0.5,0.5,0.0,0.0,0.3,11.3,2.5,0.0
2,2021-11-01 00:14:11,2021-11-01 00:30:27,1.0,4.35,1.0,N,148,48,1,15.0,0.5,0.5,5.0,0.0,0.3,23.8,2.5,0.0
2,2021-11-01 00:38:43,2021-11-01 00:53:19,2.0,3.57,1.0,N,48,224,1,13.0,0.5,0.5,3.36,0.0,0.3,20.16,2.5,0.0
2,2021-11-01 00:57:55,2021-11-01 01:17:03,2.0,6.68,1.0,N,79,151,1,22.0,0.5,0.5,3.87,0.0,0.3,29.67,2.5,0.0
2,2021-11-01 00:06:40,2021-11-01 00:12:47,1.0,1.18,1.0,N,249,79,1,6.5,0.5,0.5,2.58,0.0,0.3,12.88,2.5,0.0
2,2021-11-01 00:30:51,2021-11-01 00:37:19,1.0,1.44,1.0,N,249,68,2,6.5,0.5,0.5,0.0,0.0,0.3,10.3,2.5,0.0
2,2021-11-01 00:43:28,2021-11-01 00:59:34,2.0,3.01,1.0,N,68,161,1,13.0,0.5,0.5,3.36,0.0,0.3,20.16,2.5,0.0
1,2021-11-01 00:36:07,2021-11-01 00:36:12,1.0,0.0,1.0,N,162,162,1,2.5,3.0,0.5,0.0,0.0,0.3,6.3,2.5,0.0
2,2021-11-01 00:06:28,2021-11-01 00:29:26,2.0,4.88,1.0,N,264,141,1,19.0,0.5,0.5,4.46,0.0,0.3,27.26,2.5,0.0
2,2021-11-01 00:48:43,2021-11-01 00:52:14,2.0,0.74,1.0,N,164,170,4,-4.5,-0.5,-0.5,0.0,0.0,-0.3,-8.3,-2.5,0.0
2,2021-11-01 00:48:43,2021-11-01 00:52:14,2.0,0.74,1.0,N,164,170,2,4.5,0.5,0.5,0.0,0.0,0.3,8.3,2.5,0.0
1,2021-11-01 00:13:12,2021-11-01 00:31:24,3.0,2.4,1.0,N,249,148,1,13.0,3.0,0.5,0.0,0.0,0.3,16.8,2.5,0.0
1,2021-11-01 00:33:32,2021-11-01 00:53:52,2.0,4.8,1.0,N,148,68,1,19.0,3.0,0.5,4.0,0.0,0.3,26.8,2.5,0.0
2,2021-11-01 00:16:29,2021-11-01 00:26:09,1.0,2.43,1.0,N,74,116,2,10.0,0.5,0.5,0.0,0.0,0.3,11.3,0.0,0.0
2,2021-11-01 00:15:49,2021-11-01 00:23:39,1.0,1.71,1.0,N,113,186,1,7.5,0.5,0.5,1.0,0.0,0.3,12.3,2.5,0.0
2,2021-11-01 00:26:38,2021-11-01 00:29:50,2.0,0.58,1.0,N,90,90,1,4.0,0.5,0.5,1.56,0.0,0.3,9.36,2.5,0.0
2,2021-11-01 00:32:02,2021-11-01 00:53:07,1.0,5.67,1.0,N,90,189,1,19.0,0.5,0.5,4.56,0.0,0.3,27.36,2.5,0.0
2,2021-10-31 23:56:19,2021-11-01 00:16:14,1.0,5.05,1.0,N,113,75,1,18.0,0.5,0.5,2.0,0.0,0.3,23.8,2.5,0.0
2,2021-11-01 00:23:52,2021-11-01 00:30:22,1.0,1.39,1.0,N,236,239,1,7.0,0.5,0.5,2.16,0.0,0.3,12.96,2.5,0.0
2,2021-11-01 00:54:20,2021-11-01 01:19:45,1.0,6.08,1.0,N,230,223,1,22.5,0.5,0.5,6.58,0.0,0.3,32.88,2.5,0.0
1,2021-11-01 00:00:44,2021-11-01 00:16:29,1.0,3.1,1.0,N,230,79,1,13.0,3.0,0.5,3.35,0.0,0.3,20.15,2.5,0.0
1,2021-11-01 00:21:16,2021-11-01 00:39:23,1.0,4.0,1.0,N,79,181,1,16.0,3.0,0.5,3.95,0.0,0.3,23.75,2.5,0.0
2,2021-11-01 00:59:42,2021-11-01 01:21:50,1.0,6.73,1.0,N,161,36,1,22.0,0.5,0.5,5.16,0.0,0.3,30.96,2.5,0.0
1,2021-11-01 00:10:06,2021-11-01 00:24:42,1.0,5.2,1.0,Y,231,80,1,17.5,3.0,0.5,1.0,0.0,0.3,22.3,2.5,0.0
2,2021-11-01 00:14:26,2021-11-01 00:37:46,2.0,16.37,1.0,N,132,145,1,44.0,0.5,0.5,9.31,0.0,0.3,55.86,0.0,1.25
2,2021-11-01 00:02:21,2021-11-01 00:03:52,1.0,0.1,1.0,N,162,161,2,3.0,0.5,0.5,0.0,0.0,0.3,6.8,2.5,0.0
2,2021-11-01 00:52:18,2021-11-01 00:57:08,1.0,0.57,1.0,N,144,79,1,5.0,0.5,0.5,1.76,0.0,0.3,10.56,2.5,0.0
2,2021-11-01 00:11:25,2021-11-01 00:27:37,1.0,3.76,1.0,N,68,263,1,14.5,0.5,0.5,5.49,0.0,0.3,23.79,2.5,0.0
2,2021-11-01 00:04:37,2021-11-01 00:23:56,5.0,9.79,1.0,N,138,243,2,29.0,0.5,0.5,0.0,6.55,0.3,38.1,0.0,1.25
2,2021-11-01 00:11:32,2021-11-01 00:25:29,1.0,7.28,1.0,N,48,244,1,21.0,0.5,0.5,3.72,0.0,0.3,28.52,2.5,0.0
2,2021-11-01 00:37:08,2021-11-01 00:45:11,2.0,3.71,1.0,N,90,264,2,12.0,0.5,0.5,0.0,0.0,0.3,15.8,2.5,0.0
2,2021-11-01 00:54:24,2021-11-01 01:03:51,3.0,0.0,5.0,N,265,265,2,50.0,0.0,0.0,0.0,0.0,0.3,50.3,0.0,0.0
1,2021-11-01 00:38:25,2021-11-01 00:54:27,2.0,8.6,1.0,N,138,141,1,25.0,4.25,0.5,7.3,6.55,0.3,43.9,2.5,1.25
2,2021-11-01 00:42:51,2021-11-01 00:50:44,1.0,1.32,1.0,N,148,125,1,7.5,0.5,0.5,2.26,0.0,0.3,13.56,2.5,0.0
2,2021-11-01 00:52:25,2021-11-01 01:05:33,1.0,1.97,1.0,N,125,79,1,10.5,0.5,0.5,4.29,0.0,0.3,18.59,2.5,0.0
2,2021-11-01 00:42:28,2021-11-01 00:44:34,1.0,0.61,1.0,N,48,68,2,4.0,0.5,0.5,0.0,0.0,0.3,7.8,2.5,0.0
2,2021-11-01 00:51:58,2021-11-01 00:59:43,1.0,2.36,1.0,N,246,143,1,8.5,0.5,0.5,2.46,0.0,0.3,14.76,2.5,0.0
2,2021-11-01 00:00:00,2021-11-01 00:20:38,1.0,4.21,1.0,N,164,13,2,16.5,0.5,0.5,0.0,0.0,0.3,20.3,2.5,0.0
2,2021-11-01 00:34:19,2021-11-01 00:55:59,1.0,5.95,1.0,N,125,87,1,21.5,0.5,0.5,5.06,0.0,0.3,30.36,2.5,0.0
2,2021-11-01 00:09:14,2021-11-01 00:24:58,1.0,9.61,1.0,N,138,141,1,27.5,0.5,0.5,7.57,6.55,0.3,46.67,2.5,1.25
2,2021-11-01 00:21:13,2021-11-01 00:43:38,3.0,17.56,2.0,N,132,107,1,52.0,0.0,0.5,10.0,6.55,0.3,73.1,2.5,1.25
2,2021-11-01 00:21:34,2021-11-01 00:44:51,2.0,6.95,5.0,N,100,255,1,35.0,0.0,0.0,9.45,0.0,0.3,47.25,2.5,0.0
2,2021-11-01 00:35:25,2021-11-01 00:49:55,1.0,2.05,1.0,N,249,4,2,11.5,0.5,0.5,0.0,0.0,0.3,15.3,2.5,0.0
2,2021-11-01 00:54:49,2021-11-01 01:10:38,1.0,3.77,1.0,N,79,229,1,14.5,0.5,0.5,3.66,0.0,0.3,21.96,2.5,0.0
2,2021-11-01 00:27:20,2021-11-01 00:58:11,1.0,19.92,1.0,N,132,181,1,54.0,0.5,0.5,11.31,0.0,0.3,67.86,0.0,1.25
2,2021-11-01 00:17:44,2021-11-01 00:22:38,1.0,1.17,1.0,N,79,113,1,6.0,0.5,0.5,1.2,0.0,0.3,11.0,2.5,0.0
2,2021-11-01 00:30:38,2021-11-01 00:46:41,1.0,6.1,1.0,N,161,159,1,18.5,0.5,0.5,3.0,0.0,0.3,25.3,2.5,0.0
2,2021-11-01 00:04:33,2021-11-01 00:08:25,2.0,0.94,1.0,N,166,151,2,5.5,0.5,0.5,0.0,0.0,0.3,6.8,0.0,0.0
1,2021-11-01 00:09:06,2021-11-01 00:37:56,1.0,21.2,2.0,N,132,45,1,52.0,3.75,0.0,11.2,0.0,0.3,67.25,2.5,1.25
1,2021-11-01 00:53:25,2021-11-01 01:10:06,1.0,4.5,1.0,N,87,50,1,16.0,3.0,0.0,2.7,0.0,0.3,22.0,2.5,0.0
1,2021-11-01 00:06:06,2021-11-01 00:10:07,2.0,0.4,1.0,N,249,249,1,4.5,3.0,0.5,2.45,0.0,0.3,10.75,2.5,0.0
1,2021-11-01 00:17:02,2021-11-01 00:25:20,2.0,1.2,1.0,N,264,137,1,7.5,3.0,0.5,2.25,0.0,0.3,13.55,2.5,0.0
1,2021-11-01 00:43:45,2021-11-01 00:52:59,0.0,1.7,1.0,N,164,48,2,8.0,3.0,0.5,0.0,0.0,0.3,11.8,2.5,0.0
1,2021-11-01 00:08:11,2021-11-01 00:17:59,1.0,2.4,1.0,N,158,13,2,9.5,3.0,0.5,0.0,0.0,0.3,13.3,2.5,0.0
1,2021-11-01 00:35:56,2021-11-01 00:41:15,1.0,0.9,1.0,N,113,90,1,5.5,3.0,0.5,1.85,0.0,0.3,11.15,2.5,0.0
1,2021-11-01 00:43:33,2021-11-01 00:49:52,1.0,1.1,1.0,N,234,79,1,6.5,3.0,0.5,2.55,0.0,0.3,12.85,2.5,0.0
1,2021-11-01 00:53:51,2021-11-01 01:05:15,1.0,3.5,1.0,N,79,141,1,12.0,3.0,0.5,3.15,0.0,0.3,18.95,2.5,0.0
2,2021-11-01 00:21:45,2021-11-01 00:37:34,1.0,8.64,1.0,N,70,140,1,24.5,0.5,0.5,6.97,6.55,0.3,41.82,2.5,0.0
2,2021-11-01 00:29:15,2021-11-01 01:03:58,4.0,23.37,1.0,N,158,201,1,62.5,0.5,0.5,22.59,9.0,0.3,97.89,2.5,0.0
2,2021-11-01 00:44:00,2021-11-01 00:49:15,1.0,1.41,1.0,N,249,186,1,6.5,0.5,0.5,2.06,0.0,0.3,12.36,2.5,0.0
2,2021-11-01 00:52:56,2021-11-01 01:03:04,1.0,2.73,1.0,N,234,261,1,10.0,0.5,0.5,2.76,0.0,0.3,16.56,2.5,0.0
2,2021-11-01 00:19:28,2021-11-01 00:24:53,1.0,1.03,1.0,N,230,238,1,6.0,0.5,0.5,1.96,0.0,0.3,11.76,2.5,0.0
2,2021-11-01 00:22:05,2021-11-01 00:40:27,2.0,3.8,1.0,N,41,244,2,16.0,0.5,0.5,0.0,0.0,0.3,17.3,0.0,0.0
2,2021-11-01 00:45:46,2021-11-01 01:22:44,5.0,20.49,2.0,N,132,238,2,52.0,0.0,0.5,0.0,6.55,0.3,60.6,0.0,1.25
2,2021-11-01 00:20:35,2021-11-01 00:38:18,1.0,14.39,1.0,N,132,223,2,38.5,0.5,0.5,0.0,0.0,0.3,41.05,0.0,1.25
1,2021-11-01 00:16:15,2021-11-01 00:31:35,3.0,4.7,1.0,N,79,142,2,15.5,3.0,0.5,0.0,0.0,0.3,19.3,2.5,0.0
2,2021-11-01 00:27:12,2021-11-01 00:43:25,1.0,8.58,1.0,N,138,164,1,25.5,0.5,0.5,11.13,6.55,0.3,48.23,2.5,1.25
2,2021-11-01 00:52:24,2021-11-01 01:10:46,1.0,2.6,1.0,N,113,246,2,13.5,0.5,0.5,0.0,0.0,0.3,17.3,2.5,0.0
2,2021-11-01 00:37:02,2021-11-01 00:43:19,5.0,1.1,1.0,N,148,249,1,6.5,0.5,0.5,1.0,0.0,0.3,11.3,2.5,0.0
2,2021-11-01 00:44:17,2021-11-01 01:00:24,5.0,3.93,1.0,N,249,141,2,15.0,0.5,0.5,0.0,0.0,0.3,18.8,2.5,0.0
2,2021-11-01 00:03:25,2021-11-01 00:30:22,3.0,10.31,1.0,N,79,223,1,32.0,0.5,0.5,7.16,0.0,0.3,42.96,2.5,0.0
2,2021-11-01 00:24:54,2021-11-01 00:39:28,1.0,8.25,1.0,N,48,243,1,24.5,0.5,0.5,5.66,0.0,0.3,33.96,2.5,0.0
1,2021-11-01 00:07:48,2021-11-01 00:20:42,1.0,6.1,1.0,N,132,180,2,19.5,1.75,0.5,0.0,0.0,0.3,22.05,0.0,1.25
1,2021-11-01 00:00:13,2021-11-01 00:09:31,1.0,1.4,1.0,N,114,232,1,8.0,3.0,0.5,2.35,0.0,0.3,14.15,2.5,0.0
1,2021-11-01 00:15:47,2021-11-01 00:24:42,0.0,3.6,1.0,N,148,112,1,12.5,3.0,0.5,3.25,0.0,0.3,19.55,2.5,0.0
1,2021-11-01 00:37:10,2021-11-01 00:42:59,1.0,1.2,1.0,N,148,107,1,6.5,3.0,0.5,2.05,0.0,0.3,12.35,2.5,0.0
1,2021-11-01 00:45:24,2021-11-01 00:50:02,0.0,1.1,1.0,N,79,170,1,6.0,3.0,0.5,2.0,0.0,0.3,11.8,2.5,0.0
1,2021-11-01 00:59:42,2021-11-01 01:09:47,1.0,3.2,1.0,N,186,236,1,11.0,3.0,0.5,2.95,0.0,0.3,17.75,2.5,0.0
2,2021-11-01 00:11:48,2021-11-01 00:16:13,1.0,1.48,1.0,N,137,114,1,6.0,0.5,0.5,1.96,0.0,0.3,11.76,2.5,0.0
2,2021-11-01 00:18:25,2021-11-01 00:26:13,1.0,1.57,1.0,N,114,107,1,8.0,0.5,0.5,2.0,0.0,0.3,13.8,2.5,0.0
2,2021-11-01 00:43:17,2021-11-01 00:47:52,2.0,1.37,1.0,N,249,68,1,6.0,0.5,0.5,1.96,0.0,0.3,11.76,2.5,0.0
2,2021-11-01 00:42:45,2021-11-01 00:46:21,1.0,0.4,1.0,N,162,162,1,4.5,0.5,0.5,5.0,0.0,0.3,13.3,2.5,0.0
2,2021-11-01 00:22:41,2021-11-01 00:22:44,1.0,0.03,5.0,N,264,264,1,51.1,0.0,0.0,10.28,0.0,0.3,61.68,0.0,0.0
2,2021-11-01 00:24:43,2021-11-01 00:47:56,3.0,4.49,1.0,N,263,236,1,15.0,0.5,0.5,4.7,0.0,0.3,23.5,2.5,0.0
2,2021-11-01 00:04:48,2021-11-01 00:13:14,2.0,1.53,1.0,N,229,164,1,8.0,0.5,0.5,2.36,0.0,0.3,14.16,2.5,0.0
2,2021-11-01 00:56:58,2021-11-01 01:14:20,1.0,10.51,1.0,N,70,10,1,30.0,0.5,0.5,0.0,0.0,0.3,31.3,0.0,0.0
2,2021-11-01 00:07:24,2021-11-01 00:35:23,1.0,9.11,1.0,N,249,116,1,30.0,0.5,0.5,10.14,0.0,0.3,43.94,2.5,0.0
2,2021-11-01 00:16:40,2021-11-01 00:44:52,1.0,16.7,1.0,N,79,200,1,46.0,0.5,0.5,14.94,0.0,0.3,64.74,2.5,0.0
2,2021-11-01 00:36:59,2021-11-01 00:49:42,1.0,3.45,1.0,N,79,170,1,13.5,0.5,0.5,3.46,0.0,0.3,20.76,2.5,0.0
2,2021-11-01 00:57:43,2021-11-01 01:16:03,1.0,7.37,1.0,N,79,82,1,23.0,0.5,0.5,5.36,0.0,0.3,32.16,2.5,0.0
2,2021-11-01 00:14:33,2021-11-01 00:35:48,1.0,9.43,1.0,N,138,239,1,28.5,0.5,0.5,5.03,0.0,0.3,38.58,2.5,1.25
2,2021-11-01 00:34:36,2021-11-01 00:42:26,2.0,2.9,1.0,N,137,263,1,9.5,0.5,0.5,2.66,0.0,0.3,15.96,2.5,0.0
2,2021-11-01 00:11:23,2021-11-01 00:23:03,1.0,2.17,1.0,N,234,148,2,10.0,0.5,0.5,0.0,0.0,0.3,13.8,2.5,0.0
2,2021-11-01 00:27:42,2021-11-01 00:40:20,1.0,1.67,1.0,N,148,231,1,10.0,0.5,0.5,1.0,0.0,0.3,14.8,2.5,0.0
2,2021-11-01 00:45:26,2021-11-01 01:09:11,1.0,9.86,1.0,N,231,91,2,29.0,0.5,0.5,0.0,0.0,0.3,32.8,2.5,0.0
1,2021-11-01 00:54:20,2021-11-01 01:01:43,1.0,1.8,1.0,N,162,262,1,7.5,3.0,0.5,3.7,0.0,0.3,15.0,2.5,0.0
2,2021-11-01 00:00:41,2021-11-01 00:09:02,1.0,1.35,1.0,N,137,79,1,7.0,0.5,0.5,0.0,0.0,0.3,10.8,2.5,0.0
2,2021-11-01 00:12:46,2021-11-01 00:23:59,1.0,2.65,1.0,N,79,229,1,10.5,0.5,0.5,1.0,0.0,0.3,15.3,2.5,0.0
2,2021-11-01 00:40:24,2021-11-01 01:01:04,1.0,5.99,1.0,N,148,146,1,20.5,0.5,0.5,5.0,0.0,0.3,29.3,2.5,0.0
1,2021-11-01 00:13:42,2021-11-01 00:32:21,1.0,4.9,1.0,N,164,145,2,17.5,3.0,0.5,0.0,0.0,0.3,21.3,2.5,0.0
1,2021-11-01 00:57:25,2021-11-01 01:10:56,1.0,5.0,1.0,N,164,74,1,15.5,3.0,0.5,3.85,0.0,0.3,23.15,2.5,0.0
2,2021-11-01 00:46:48,2021-11-01 00:54:31,1.0,1.48,1.0,N,48,68,1,7.0,0.5,0.5,2.16,0.0,0.3,12.96,2.5,0.0
2,2021-11-01 00:52:44,2021-11-01 01:28:10,1.0,21.76,2.0,N,132,120,2,52.0,0.0,0.5,0.0,6.55,0.3,59.35,0.0,0.0
1,2021-11-01 00:50:30,2021-11-01 00:54:01,1.0,0.8,1.0,N,141,236,1,5.0,3.0,0.5,1.75,0.0,0.3,10.55,2.5,0.0
2,2021-11-01 00:07:04,2021-11-01 00:16:17,3.0,1.33,1.0,N,74,42,1,8.0,0.5,0.5,0.0,0.0,0.3,9.3,0.0,0.0
2,2021-11-01 00:38:24,2021-11-01 00:45:27,1.0,0.87,1.0,N,186,48,2,6.5,0.5,0.5,0.0,0.0,0.3,10.3,2.5,0.0
2,2021-11-01 00:54:16,2021-11-01 01:09:10,1.0,3.36,1.0,N,186,236,1,13.0,0.5,0.5,3.36,0.0,0.3,20.16,2.5,0.0
2,2021-11-01 00:12:03,2021-11-01 00:27:48,1.0,3.76,1.0,N,43,7,1,14.5,0.5,0.5,3.66,0.0,0.3,21.96,2.5,0.0
2,2021-11-01 00:05:08,2021-11-01 00:24:32,1.0,8.57,1.0,N,138,43,1,26.0,0.5,0.5,6.21,0.0,0.3,37.26,2.5,1.25
2,2021-11-01 00:28:02,2021-11-01 00:52:05,1.0,8.12,1.0,N,43,97,1,26.5,0.5,0.5,3.64,0.0,0.3,33.94,2.5,0.0
1,2021-11-01 00:01:41,2021-11-01 00:06:51,0.0,0.7,1.0,N,113,90,2,5.5,3.0,0.5,0.0,0.0,0.3,9.3,2.5,0.0
1,2021-11-01 00:09:42,2021-11-01 00:19:48,0.0,1.7,1.0,N,90,48,2,9.0,3.0,0.5,0.0,0.0,0.3,12.8,2.5,0.0
1,2021-11-01 00:27:58,2021-11-01 00:43:13,0.0,3.8,1.0,N,48,41,1,14.0,3.0,0.5,1.0,0.0,0.3,18.8,2.5,0.0
2,2021-11-01 00:10:10,2021-11-01 00:14:25,1.0,0.98,1.0,N,234,79,1,5.0,0.5,0.5,1.76,0.0,0.3,10.56,2.5,0.0
2,2021-11-01 00:21:23,2021-11-01 00:28:34,2.0,2.55,1.0,N,79,140,1,9.0,0.5,0.5,2.0,0.0,0.3,14.8,2.5,0.0
2,2021-11-01 00:39:49,2021-11-01 00:46:42,1.0,0.76,1.0,N,234,107,2,6.5,0.5,0.5,0.0,0.0,0.3,10.3,2.5,0.0
2,2021-11-01 00:52:04,2021-11-01 01:01:28,1.0,2.0,1.0,N,79,186,1,9.0,0.5,0.5,2.56,0.0,0.3,15.36,2.5,0.0
2,2021-11-01 00:20:16,2021-11-01 00:50:04,1.0,20.49,2.0,N,132,209,1,52.0,0.0,0.5,14.14,0.0,0.3,70.69,2.5,1.25
1,2021-11-01 00:07:42,2021-11-01 00:20:59,1.0,6.5,1.0,N,264,145,1,19.5,1.75,0.5,5.5,0.0,0.3,27.55,0.0,1.25
1,2021-11-01 00:19:58,2021-11-01 00:41:10,1.0,3.9,1.0,N,114,143,1,16.5,3.0,0.5,4.05,0.0,0.3,24.35,2.5,0.0
1,2021-11-01 00:11:30,2021-11-01 00:19:08,2.0,1.7,1.0,N,249,209,2,8.0,3.0,0.5,0.0,0.0,0.3,11.8,2.5,0.0
1,2021-11-01 00:33:09,2021-11-01 00:40:12,2.0,1.8,1.0,N,211,164,1,8.0,3.0,0.5,1.77,0.0,0.3,13.57,2.5,0.0
1,2021-11-01 00:47:21,2021-11-01 01:05:38,1.0,5.2,1.0,N,249,75,1,18.0,3.0,0.5,0.0,0.0,0.3,21.8,2.5,0.0
1,2021-11-01 00:08:05,2021-11-01 00:17:10,2.0,1.1,1.0,N,79,249,1,7.5,3.0,0.5,2.0,0.0,0.3,13.3,2.5,0.0
2,2021-11-01 00:02:41,2021-11-01 00:14:53,6.0,2.2,1.0,N,148,90,2,10.5,0.5,0.5,0.0,0.0,0.3,14.3,2.5,0.0
2,2021-11-01 00:19:48,2021-11-01 00:53:36,6.0,9.11,1.0,N,90,244,1,30.0,0.5,0.5,5.0,0.0,0.3,38.8,2.5,0.0
2,2021-11-01 00:43:52,2021-11-01 00:47:00,2.0,0.45,2.0,N,148,144,1,52.0,0.0,0.5,13.82,0.0,0.3,69.12,2.5,0.0
2,2021-11-01 00:10:30,2021-11-01 00:25:19,1.0,2.97,1.0,N,48,263,1,13.0,0.5,0.5,3.36,0.0,0.3,20.16,2.5,0.0
1,2021-11-01 01:04:16,2021-11-01 01:08:07,2.0,1.2,1.0,N,142,238,1,5.5,3.0,0.5,1.86,0.0,0.3,11.16,2.5,0.0
1,2021-11-01 01:12:53,2021-11-01 01:40:24,2.0,4.9,1.0,N,264,151,2,20.5,0.5,0.5,0.0,0.0,0.3,21.8,0.0,0.0
2,2021-11-01 01:25:02,2021-11-01 01:38:18,2.0,4.3,1.0,N,163,7,2,14.5,0.5,0.5,0.0,0.0,0.3,18.3,2.5,0.0
2,2021-11-01 00:57:38,2021-11-01 01:22:47,1.0,7.87,1.0,N,249,228,1,25.0,0.5,0.5,8.64,0.0,0.3,37.44,2.5,0.0
2,2021-11-01 01:02:23,2021-11-01 01:24:28,1.0,5.3,1.0,N,148,143,1,19.0,0.5,0.5,4.56,0.0,0.3,27.36,2.5,0.0
2,2021-11-01 18:53:11,2021-11-01 19:02:09,1.0,2.07,1.0,N,246,50,1,9.0,0.5,0.5,2.56,0.0,0.3,15.36,2.5,0.0
1,2021-11-01 01:24:26,2021-11-01 01:51:31,1.0,12.9,1.0,N,70,188,1,37.5,0.5,0.5,3.5,1.25,0.3,43.55,0.0,0.0
2,2021-11-01 01:46:48,2021-11-01 01:58:59,3.0,2.04,1.0,N,255,37,2,10.0,0.5,0.5,0.0,0.0,0.3,11.3,0.0,0.0
2,2021-11-01 01:36:18,2021-11-01 01:48:15,5.0,4.74,1.0,N,70,56,1,15.0,0.5,0.5,4.89,0.0,0.3,21.19,0.0,0.0
2,2021-11-01 01:13:33,2021-11-01 01:23:07,1.0,2.62,1.0,N,79,230,2,9.5,0.5,0.5,0.0,0.0,0.3,13.3,2.5,0.0
2,2021-11-01 01:24:13,2021-11-01 01:26:35,1.0,0.84,1.0,N,230,48,2,4.5,0.5,0.5,0.0,0.0,0.3,8.3,2.5,0.0
2,2021-11-01 01:57:23,2021-11-01 02:06:07,1.0,2.63,1.0,N,79,230,1,9.5,0.5,0.5,2.66,0.0,0.3,15.96,2.5,0.0
2,2021-11-01 01:10:38,2021-11-01 01:18:01,2.0,1.08,1.0,N,113,4,1,6.5,0.5,0.5,2.06,0.0,0.3,12.36,2.5,0.0
2,2021-11-01 01:21:30,2021-11-01 01:27:02,2.0,1.6,1.0,N,4,137,2,7.0,0.5,0.5,0.0,0.0,0.3,10.8,2.5,0.0
1,2021-11-01 01:41:33,2021-11-01 01:48:50,1.0,1.1,1.0,N,246,164,1,7.0,3.0,0.5,2.0,0.0,0.3,12.8,2.5,0.0
1,2021-11-01 01:12:26,2021-11-01 01:28:27,1.0,5.1,1.0,N,148,142,1,16.5,3.0,0.5,4.05,0.0,0.3,24.35,2.5,0.0
1,2021-11-01 01:31:37,2021-11-01 01:41:45,0.0,2.3,1.0,N,239,229,1,10.0,3.0,0.5,3.45,0.0,0.3,17.25,2.5,0.0
1,2021-11-01 01:55:56,2021-11-01 02:08:53,0.0,1.5,1.0,N,90,113,1,9.5,3.0,0.5,0.0,0.0,0.3,13.3,2.5,0.0
1,2021-11-01 01:26:54,2021-11-01 02:02:01,1.0,19.3,2.0,N,132,113,1,52.0,3.75,0.5,8.0,0.0,0.3,64.55,2.5,1.25
1,2021-11-01 01:08:05,2021-11-01 01:27:33,1.0,8.8,1.0,N,231,75,1,26.5,3.0,0.5,4.0,0.0,0.3,34.3,2.5,0.0
2,2021-11-01 01:25:52,2021-11-01 01:48:21,1.0,10.56,1.0,N,132,61,2,31.0,0.5,0.5,0.0,0.0,0.3,33.55,0.0,1.25
2,2021-11-01 01:47:47,2021-11-01 01:53:17,1.0,0.64,1.0,N,79,224,1,5.0,0.5,0.5,1.76,0.0,0.3,10.56,2.5,0.0
2,2021-11-01 01:53:10,2021-11-01 01:58:00,2.0,1.13,1.0,N,230,186,1,6.0,0.5,0.5,2.0,0.0,0.3,11.8,2.5,0.0
2,2021-11-01 01:41:20,2021-11-01 01:44:02,1.0,1.11,1.0,N,142,238,2,5.0,0.5,0.5,0.0,0.0,0.3,8.8,2.5,0.0
2,2021-11-01 01:13:48,2021-11-01 01:17:24,2.0,0.21,1.0,N,79,148,2,4.0,0.5,0.5,0.0,0.0,0.3,7.8,2.5,0.0
2,2021-11-01 01:53:52,2021-11-01 01:57:13,2.0,0.98,1.0,N,161,170,1,5.0,0.5,0.5,2.0,0.0,0.3,10.8,2.5,0.0
2,2021-11-01 01:10:22,2021-11-02 01:02:24,3.0,1.63,1.0,N,229,48,1,9.0,0.5,0.5,0.0,0.0,0.3,12.8,2.5,0.0
2,2021-11-01 01:52:12,2021-11-01 02:08:13,3.0,6.0,1.0,N,74,226,2,18.5,0.5,0.5,0.0,0.0,0.3,22.3,2.5,0.0
1,2021-11-01 01:02:00,2021-11-01 01:14:15,1.0,4.1,5.0,N,48,265,1,42.0,0.0,0.0,20.0,11.75,0.3,74.05,0.0,0.0
2,2021-11-01 01:12:49,2021-11-01 01:24:15,1.0,3.11,1.0,N,255,211,1,12.0,0.5,0.5,3.16,0.0,0.3,18.96,2.5,0.0
2,2021-11-01 01:26:37,2021-11-01 01:39:24,1.0,2.16,1.0,N,114,87,1,10.5,0.5,0.5,1.0,0.0,0.3,15.3,2.5,0.0
2,2021-11-01 01:41:53,2021-11-01 01:55:09,1.0,4.64,1.0,N,261,148,1,15.5,0.5,0.5,3.86,0.0,0.3,23.16,2.5,0.0
1,2021-11-01 01:23:24,2021-11-01 01:47:08,1.0,15.9,1.0,N,132,112,1,43.5,1.75,0.5,9.2,0.0,0.3,55.25,0.0,1.25
2,2021-11-01 01:55:14,2021-11-01 01:57:34,1.0,0.96,1.0,N,137,79,1,4.5,0.5,0.5,2.08,0.0,0.3,10.38,2.5,0.0
2,2021-11-01 01:00:38,2021-11-01 01:11:32,1.0,3.63,1.0,N,107,75,2,12.0,0.5,0.5,0.0,0.0,0.3,15.8,2.5,0.0
2,2021-11-01 01:23:45,2021-11-01 01:34:48,2.0,1.87,1.0,N,137,148,1,9.0,0.5,0.5,0.0,0.0,0.3,12.8,2.5,0.0
2,2021-11-01 01:55:37,2021-11-01 02:09:23,2.0,4.36,1.0,N,90,151,1,14.5,0.5,0.5,2.0,0.0,0.3,20.3,2.5,0.0
2,2021-11-01 01:02:12,2021-11-01 01:25:12,1.0,15.69,1.0,N,132,226,1,43.0,0.5,0.5,9.11,0.0,0.3,54.66,0.0,1.25
2,2021-11-01 01:16:07,2021-11-01 01:30:39,1.0,3.29,1.0,N,256,25,2,13.5,0.5,0.5,0.0,0.0,0.3,14.8,0.0,0.0
2,2021-11-01 01:15:59,2021-11-01 01:22:45,1.0,1.54,1.0,N,249,68,1,7.0,0.5,0.5,2.16,0.0,0.3,12.96,2.5,0.0
2,2021-11-01 01:24:01,2021-11-01 01:32:21,1.0,1.56,1.0,N,68,114,1,7.5,0.5,0.5,2.03,0.0,0.3,13.33,2.5,0.0
2,2021-11-01 01:44:14,2021-11-02 01:32:21,1.0,1.33,1.0,N,249,234,2,7.5,0.5,0.5,0.0,0.0,0.3,11.3,2.5,0.0
2,2021-11-01 01:58:56,2021-11-01 02:04:25,1.0,1.5,1.0,N,249,186,1,6.5,0.5,0.5,0.0,0.0,0.3,10.3,2.5,0.0
2,2021-11-01 01:32:49,2021-11-01 01:38:50,1.0,1.07,1.0,N,41,74,2,6.5,0.5,0.5,0.0,0.0,0.3,7.8,0.0,0.0
2,2021-11-01 01:12:43,2021-11-01 01:24:42,2.0,8.61,1.0,N,132,191,1,24.0,0.5,0.5,5.31,0.0,0.3,31.86,0.0,1.25
2,2021-11-01 01:18:03,2021-11-01 01:42:36,1.0,9.29,1.0,N,249,129,1,29.5,0.5,0.5,6.66,0.0,0.3,39.96,2.5,0.0
1,2021-11-01 01:20:46,2021-11-01 01:31:05,1.0,4.2,1.0,N,70,53,1,13.5,0.5,0.5,2.95,0.0,0.3,17.75,0.0,0.0
2,2021-11-01 01:29:22,2021-11-01 01:36:42,1.0,2.3,1.0,N,79,162,2,9.0,0.5,0.5,0.0,0.0,0.3,12.8,2.5,0.0
2,2021-11-01 01:42:47,2021-11-01 01:49:35,1.0,1.5,1.0,N,164,48,1,7.0,0.5,0.5,2.7,0.0,0.3,13.5,2.5,0.0
2,2021-11-01 01:52:04,2021-11-01 02:03:04,1.0,2.22,1.0,N,48,140,1,9.5,0.5,0.5,2.66,0.0,0.3,15.96,2.5,0.0
1,2021-11-01 01:10:18,2021-11-01 01:27:17,2.0,3.5,1.0,N,79,48,2,14.5,2.5,0.5,0.0,0.0,0.3,17.8,2.5,0.0
1,2021-11-01 01:41:57,2021-11-01 01:46:13,1.0,0.9,1.0,N,230,142,1,5.5,3.5,0.5,1.95,0.0,0.3,11.75,2.5,0.0
2,2021-11-01 01:07:36,2021-11-01 01:16:02,1.0,3.27,1.0,N,170,75,1,10.5,0.5,0.5,2.0,0.0,0.3,16.3,2.5,0.0
2,2021-11-01 01:55:22,2021-11-01 01:55:26,2.0,0.0,5.0,N,48,264,2,12.0,0.0,0.5,0.0,0.0,0.3,12.8,0.0,0.0
2,2021-11-01 01:15:14,2021-11-01 01:26:28,1.0,2.4,1.0,N,164,144,1,10.5,0.5,0.5,0.0,0.0,0.3,14.3,2.5,0.0
2,2021-11-01 01:36:06,2021-11-01 01:52:22,1.0,2.68,1.0,N,114,48,2,13.0,0.5,0.5,0.0,0.0,0.3,16.8,2.5,0.0
2,2021-11-01 01:22:41,2021-11-01 01:40:52,4.0,4.5,1.0,N,186,263,1,16.5,0.5,0.5,4.06,0.0,0.3,24.36,2.5,0.0
1,2021-11-01 01:42:37,2021-11-01 02:01:43,1.0,5.1,1.0,N,249,262,1,17.5,3.0,0.5,2.0,0.0,0.3,23.3,2.5,0.0
2,2021-11-01 01:06:34,2021-11-01 01:29:24,1.0,5.2,1.0,N,50,87,1,19.0,0.5,0.5,4.56,0.0,0.3,27.36,2.5,0.0
1,2021-11-01 01:09:37,2021-11-01 01:20:27,3.0,1.4,1.0,N,249,107,2,8.5,3.0,0.5,0.0,0.0,0.3,12.3,2.5,0.0
1,2021-11-01 01:32:14,2021-11-01 01:38:42,1.0,1.3,1.0,N,249,79,2,7.0,3.0,0.5,0.0,0.0,0.3,10.8,2.5,0.0
1,2021-11-01 01:41:07,2021-11-01 01:49:19,3.0,1.5,1.0,N,79,107,1,8.0,3.0,0.5,2.0,0.0,0.3,13.8,2.5,0.0
1,2021-11-01 01:52:51,2021-11-01 02:14:13,2.0,5.7,1.0,N,170,223,1,20.0,3.0,0.5,4.75,0.0,0.3,28.55,2.5,0.0
2,2021-11-01 01:11:56,2021-11-01 01:19:10,2.0,1.27,1.0,N,249,68,1,7.0,0.5,0.5,2.2,0.0,0.3,13.0,2.5,0.0
2,2021-11-01 01:21:12,2021-11-01 01:42:17,2.0,5.14,1.0,N,68,65,1,19.0,0.5,0.5,4.56,0.0,0.3,27.36,2.5,0.0
2,2021-11-01 01:50:56,2021-11-01 01:54:09,2.0,1.09,1.0,N,231,87,1,5.0,0.5,0.5,1.76,0.0,0.3,10.56,2.5,0.0
2,2021-11-01 01:55:18,2021-11-01 02:03:54,2.0,1.81,1.0,N,88,125,1,8.5,0.5,0.5,2.46,0.0,0.3,14.76,2.5,0.0
2,2021-11-01 01:06:31,2021-11-01 01:34:08,1.0,13.13,1.0,N,79,130,2,38.5,0.5,0.5,0.0,0.0,0.3,42.3,2.5,0.0
1,2021-11-01 01:07:16,2021-11-01 01:16:02,1.0,1.7,1.0,N,114,158,1,8.0,3.0,0.5,2.35,0.0,0.3,14.15,2.5,0.0
1,2021-11-01 01:21:10,2021-11-01 01:27:26,1.0,1.5,1.0,Y,68,100,1,7.0,3.0,0.5,2.15,0.0,0.3,12.95,2.5,0.0
1,2021-11-01 01:44:33,2021-11-01 01:58:33,1.0,3.0,1.0,N,246,4,1,12.0,3.0,0.5,2.37,0.0,0.3,18.17,2.5,0.0
2,2021-11-01 01:10:23,2021-11-01 01:32:34,1.0,6.85,1.0,N,162,116,1,23.5,0.5,0.5,5.46,0.0,0.3,32.76,2.5,0.0
1,2021-11-01 01:57:37,2021-11-01 02:06:04,1.0,1.8,1.0,N,263,238,1,8.5,3.0,0.5,0.0,0.0,0.3,12.3,2.5,0.0
2,2021-11-01 01:45:09,2021-11-01 01:50:33,1.0,1.05,1.0,N,230,164,1,6.0,0.5,0.5,1.96,0.0,0.3,11.76,2.5,0.0
2,2021-11-01 01:53:23,2021-11-01 01:53:31,1.0,0.05,2.0,N,186,186,2,52.0,0.0,0.5,0.0,0.0,0.3,55.3,2.5,0.0
2,2021-11-01 01:53:53,2021-11-01 02:07:31,1.0,2.74,1.0,N,164,148,1,12.0,0.5,0.5,3.16,0.0,0.3,18.96,2.5,0.0
2,2021-11-01 01:16:57,2021-11-01 01:42:30,1.0,12.45,1.0,N,170,28,1,36.0,0.5,0.5,7.96,0.0,0.3,47.76,2.5,0.0
1,2021-11-01 01:22:04,2021-11-01 01:30:38,0.0,2.4,1.0,N,249,161,1,9.5,3.0,0.5,0.0,0.0,0.3,13.3,2.5,0.0
1,2021-11-01 01:35:18,2021-11-01 01:42:15,0.0,0.9,1.0,N,162,230,2,6.5,3.0,0.5,0.0,0.0,0.3,10.3,2.5,0.0
1,2021-11-01 01:20:41,2021-11-01 01:27:38,3.0,2.2,1.0,N,246,170,1,9.0,3.0,0.5,2.55,0.0,0.3,15.35,2.5,0.0
1,2021-11-01 01:39:28,2021-11-01 01:46:18,1.0,1.2,1.0,N,79,144,2,7.0,3.0,0.5,0.0,0.0,0.3,10.8,2.5,0.0
1,2021-11-01 01:58:37,2021-11-01 02:06:33,3.0,2.1,1.0,N,249,48,1,8.5,3.0,0.5,3.05,0.0,0.3,15.35,2.5,0.0
2,2021-11-01 01:13:17,2021-11-01 01:32:48,1.0,6.61,1.0,N,164,36,1,22.0,0.5,0.5,6.47,6.55,0.3,38.82,2.5,0.0
2,2021-11-01 01:44:59,2021-11-01 01:50:26,1.0,0.93,1.0,N,148,231,1,6.0,0.5,0.5,0.0,0.0,0.3,9.8,2.5,0.0
2,2021-11-01 01:53:39,2021-11-01 01:55:52,1.0,0.43,1.0,N,231,211,2,4.0,0.5,0.5,0.0,0.0,0.3,7.8,2.5,0.0
2,2021-11-01 01:02:20,2021-11-01 01:16:27,2.0,1.94,1.0,N,249,137,1,10.5,0.5,0.5,2.86,0.0,0.3,17.16,2.5,0.0
2,2021-11-01 01:17:09,2021-11-01 01:27:44,1.0,3.02,1.0,N,137,141,1,11.0,0.5,0.5,2.96,0.0,0.3,17.76,2.5,0.0
2,2021-11-01 00:55:18,2021-11-01 01:04:56,1.0,3.42,1.0,N,107,140,1,11.5,0.5,0.5,3.06,0.0,0.3,18.36,2.5,0.0
2,2021-11-01 01:12:42,2021-11-01 01:26:35,1.0,4.27,1.0,N,141,260,1,15.0,0.5,0.5,0.0,0.0,0.3,18.8,2.5,0.0
2,2021-11-01 01:13:58,2021-11-01 01:21:51,2.0,2.4,1.0,N,234,163,2,9.0,0.5,0.5,0.0,0.0,0.3,12.8,2.5,0.0
2,2021-11-01 01:25:07,2021-11-01 01:32:01,1.0,1.05,1.0,N,163,48,1,6.5,0.5,0.5,2.06,0.0,0.3,12.36,2.5,0.0
2,2021-11-01 01:38:11,2021-11-01 01:56:00,1.0,5.21,1.0,N,186,41,1,17.5,0.5,0.5,4.26,0.0,0.3,25.56,2.5,0.0
1,2021-11-01 01:10:18,2021-11-01 01:45:39,2.0,7.0,1.0,N,164,145,1,28.5,3.0,0.5,0.0,0.0,0.3,32.3,2.5,0.0
1,2021-11-01 01:40:51,2021-11-01 01:44:42,1.0,0.8,1.0,N,79,107,1,5.0,3.0,0.5,1.75,0.0,0.3,10.55,2.5,0.0
1,2021-11-01 01:56:32,2021-11-01 02:05:38,1.0,1.9,1.0,N,79,164,1,9.0,3.0,0.5,2.55,0.0,0.3,15.35,2.5,0.0
2,2021-11-01 01:07:54,2021-11-01 01:38:37,1.0,6.34,1.0,N,137,82,2,25.0,0.5,0.5,0.0,0.0,0.3,28.8,2.5,0.0
2,2021-11-01 01:47:56,2021-11-01 02:03:56,1.0,3.98,1.0,N,249,256,1,15.5,0.5,0.5,3.0,0.0,0.3,22.3,2.5,0.0
2,2021-11-01 01:14:41,2021-11-01 01:23:21,2.0,2.67,1.0,N,148,170,2,9.5,0.5,0.5,0.0,0.0,0.3,13.3,2.5,0.0
2,2021-11-01 01:27:58,2021-11-01 01:31:44,2.0,0.56,1.0,N,161,230,1,4.0,0.5,0.5,1.56,0.0,0.3,9.36,2.5,0.0
2,2021-11-01 01:32:59,2021-11-01 01:53:05,2.0,4.96,1.0,N,230,152,2,18.5,0.5,0.5,0.0,0.0,0.3,22.3,2.5,0.0
2,2021-11-01 01:31:18,2021-11-01 01:46:59,5.0,9.91,1.0,N,138,229,1,27.5,0.5,0.5,0.0,6.55,0.3,39.1,2.5,1.25
1,2021-11-01 01:36:03,2021-11-01 01:54:31,1.0,8.2,1.0,N,68,244,1,24.5,3.0,0.5,7.05,0.0,0.3,35.35,2.5,0.0
2,2021-11-01 01:12:16,2021-11-01 01:23:19,3.0,3.47,1.0,N,141,79,1,12.5,0.5,0.5,3.26,0.0,0.3,19.56,2.5,0.0
2,2021-11-01 01:06:46,2021-11-01 01:14:37,1.0,1.81,1.0,N,141,263,2,8.0,0.5,0.5,0.0,0.0,0.3,11.8,2.5,0.0
2,2021-11-01 01:23:48,2021-11-01 01:38:24,1.0,2.85,1.0,N,141,50,2,12.0,0.5,0.5,0.0,0.0,0.3,15.8,2.5,0.0
2,2021-11-01 01:02:29,2021-11-01 01:14:09,1.0,2.3,1.0,N,249,246,1,10.5,0.5,0.5,2.86,0.0,0.3,17.16,2.5,0.0
2,2021-11-01 01:22:39,2021-11-01 01:45:09,1.0,5.52,1.0,N,68,79,1,20.0,0.5,0.5,5.0,0.0,0.3,28.8,2.5,0.0
1,2021-11-01 01:07:14,2021-11-01 01:10:15,1.0,0.5,1.0,N,237,237,1,4.0,3.0,0.5,1.55,0.0,0.3,9.35,2.5,0.0
1,2021-11-01 01:12:37,2021-11-01 01:19:56,1.0,1.5,1.0,N,164,48,1,7.5,3.0,0.5,2.25,0.0,0.3,13.55,2.5,0.0
1,2021-11-01 01:21:46,2021-11-01 01:44:14,2.0,5.5,1.0,N,48,42,2,19.5,3.0,0.5,0.0,0.0,0.3,23.3,2.5,0.0
1,2021-11-01 01:31:47,2021-11-01 01:43:13,1.0,2.2,1.0,N,249,87,1,9.5,3.0,0.5,2.65,0.0,0.3,15.95,2.5,0.0
1,2021-11-01 01:57:10,2021-11-01 02:14:30,1.0,4.6,1.0,N,249,263,1,16.0,3.0,0.5,3.95,0.0,0.3,23.75,2.5,0.0
2,2021-11-01 01:33:10,2021-11-01 01:35:33,1.0,0.95,1.0,N,170,229,2,4.5,0.5,0.5,0.0,0.0,0.3,8.3,2.5,0.0
1,2021-11-01 01:17:32,2021-11-01 01:46:49,1.0,16.6,1.0,N,79,183,1,45.5,3.0,0.5,0.0,0.0,0.3,49.3,2.5,0.0
1,2021-11-01 01:06:08,2021-11-01 01:11:59,1.0,0.6,1.0,N,159,168,2,5.5,0.5,0.5,0.0,0.0,0.3,6.8,0.0,0.0
1,2021-11-01 01:52:25,2021-11-01 01:55:34,1.0,0.4,1.0,N,233,229,1,4.0,3.0,0.5,1.55,0.0,0.3,9.35,2.5,0.0
1,2021-11-01 01:49:06,2021-11-01 02:04:19,1.0,5.0,1.0,N,90,226,1,16.5,3.0,0.5,4.05,0.0,0.3,24.35,2.5,0.0
2,2021-11-01 01:15:02,2021-11-01 01:19:16,1.0,0.82,1.0,N,79,4,2,5.0,0.5,0.5,0.0,0.0,0.3,8.8,2.5,0.0
2,2021-11-01 01:23:02,2021-11-01 01:40:48,1.0,3.83,1.0,N,4,48,1,15.0,0.5,0.5,2.0,0.0,0.3,20.8,2.5,0.0
2,2021-11-01 01:43:05,2021-11-01 01:53:35,1.0,2.29,1.0,N,48,141,1,9.5,0.5,0.5,2.66,0.0,0.3,15.96,2.5,0.0
2,2021-11-01 02:01:27,2021-11-01 02:09:03,1.0,2.17,1.0,N,230,263,1,8.5,0.5,0.5,2.0,0.0,0.3,14.3,2.5,0.0
2,2021-11-01 00:52:25,2021-11-01 01:16:19,1.0,0.0,1.0,N,68,239,1,2.5,0.5,0.5,1.0,0.0,0.3,7.3,2.5,0.0
2,2021-11-01 01:35:26,2021-11-01 01:42:34,1.0,2.13,1.0,N,263,74,1,8.5,0.5,0.5,2.46,0.0,0.3,14.76,2.5,0.0
2,2021-11-01 01:02:19,2021-11-01 01:06:11,1.0,1.09,1.0,N,234,224,1,5.5,0.5,0.5,1.86,0.0,0.3,11.16,2.5,0.0
2,2021-11-01 01:19:56,2021-11-01 01:32:02,1.0,3.22,1.0,N,234,87,1,11.5,0.5,0.5,3.06,0.0,0.3,18.36,2.5,0.0
2,2021-11-01 01:43:11,2021-11-01 02:10:20,1.0,8.13,1.0,N,113,129,2,26.0,0.5,0.5,0.0,0.0,0.3,29.8,2.5,0.0
1,2021-11-01 01:14:29,2021-11-01 01:23:16,1.0,2.0,1.0,N,148,90,1,8.5,3.0,0.5,3.05,0.0,0.3,15.35,2.5,0.0
1,2021-11-01 01:27:04,2021-11-01 01:51:21,1.0,7.2,1.0,N,90,152,1,25.5,3.0,0.5,5.85,0.0,0.3,35.15,2.5,0.0
1,2021-11-01 01:38:54,2021-11-01 01:46:29,1.0,1.3,1.0,N,246,164,1,7.0,3.0,0.5,2.7,0.0,0.3,13.5,2.5,0.0
1,2021-11-01 01:47:45,2021-11-01 01:56:51,2.0,2.4,1.0,N,164,148,1,9.5,3.0,0.5,1.33,0.0,0.3,14.63,2.5,0.0
2,2021-11-01 01:06:07,2021-11-01 01:27:14,1.0,17.6,5.0,N,48,265,1,70.0,0.0,0.0,0.0,0.0,0.3,70.3,0.0,0.0
1,2021-11-01 01:06:00,2021-11-01 01:14:28,3.0,2.0,1.0,N,234,144,1,8.5,3.0,0.5,2.45,0.0,0.3,14.75,2.5,0.0
1,2021-11-01 01:40:28,2021-11-01 01:42:57,1.0,0.8,1.0,N,90,68,2,4.5,3.0,0.5,0.0,0.0,0.3,8.3,2.5,0.0
1,2021-11-01 01:51:04,2021-11-01 01:57:48,1.0,1.8,1.0,N,249,246,1,7.5,3.0,0.5,0.0,0.0,0.3,11.3,2.5,0.0
1,2021-11-01 01:59:56,2021-11-01 02:09:56,2.0,2.0,1.0,N,246,125,1,9.5,3.0,0.5,2.65,0.0,0.3,15.95,2.5,0.0
1,2021-11-01 01:13:06,2021-11-01 01:27:10,1.0,2.7,1.0,N,249,87,1,12.0,3.0,0.5,2.0,0.0,0.3,17.8,2.5,0.0
1,2021-11-01 01:58:33,2021-11-01 02:03:27,1.0,1.3,1.0,N,246,230,1,6.0,3.0,0.5,1.95,0.0,0.3,11.75,2.5,0.0
2,2021-11-01 01:37:10,2021-11-01 01:47:52,1.0,2.03,1.0,N,148,90,1,9.5,0.5,0.5,2.66,0.0,0.3,15.96,2.5,0.0
2,2021-11-01 01:50:14,2021-11-01 02:08:35,1.0,5.03,1.0,N,249,263,1,17.0,0.5,0.5,4.16,0.0,0.3,24.96,2.5,0.0
1,2021-11-01 01:25:17,2021-11-01 01:26:45,3.0,0.5,1.0,N,79,79,1,3.5,3.0,0.5,0.0,0.0,0.3,7.3,2.5,0.0
2,2021-11-01 00:47:39,2021-11-01 00:54:21,1.0,2.38,1.0,N,107,141,1,8.5,0.5,0.5,2.46,0.0,0.3,14.76,2.5,0.0
2,2021-11-01 01:03:17,2021-11-01 01:08:25,1.0,0.99,1.0,N,90,107,1,6.0,0.5,0.5,1.96,0.0,0.3,11.76,2.5,0.0
2,2021-11-01 01:18:31,2021-11-01 01:29:12,2.0,2.83,1.0,N,249,48,1,10.5,0.5,0.5,0.0,0.0,0.3,14.3,2.5,0.0
2,2021-11-01 01:48:03,2021-11-01 01:54:51,3.0,1.92,1.0,N,249,230,2,7.5,0.5,0.5,0.0,0.0,0.3,11.3,2.5,0.0
2,2021-11-01 01:05:24,2021-11-01 01:17:56,1.0,7.23,1.0,N,107,42,1,21.5,0.5,0.5,5.06,0.0,0.3,30.36,2.5,0.0
2,2021-11-01 01:33:06,2021-11-01 01:37:36,2.0,1.03,1.0,N,161,170,1,5.5,0.5,0.5,1.86,0.0,0.3,11.16,2.5,0.0
2,2021-11-01 01:38:16,2021-11-01 01:43:27,2.0,1.46,1.0,N,170,79,1,6.5,0.5,0.5,2.06,0.0,0.3,12.36,2.5,0.0
2,2021-11-01 01:27:32,2021-11-01 01:41:58,2.0,3.54,1.0,N,48,263,1,13.5,0.5,0.5,3.46,0.0,0.3,20.76,2.5,0.0
1,2021-11-01 01:24:22,2021-11-01 01:33:58,2.0,5.5,1.0,N,138,135,2,16.5,0.5,0.5,0.0,0.0,0.3,17.8,0.0,0.0
1,2021-11-01 01:15:59,2021-11-01 01:31:46,1.0,4.8,1.0,N,142,7,1,16.5,3.0,0.5,4.05,0.0,0.3,24.35,2.5,0.0
1,2021-11-01 01:40:34,2021-11-01 01:57:57,1.0,3.6,1.0,N,141,68,2,15.0,3.0,0.5,0.0,0.0,0.3,18.8,2.5,0.0
2,2021-11-01 01:11:21,2021-11-01 01:17:40,1.0,1.07,1.0,N,164,230,2,6.5,0.5,0.5,0.0,0.0,0.3,10.3,2.5,0.0
2,2021-11-01 01:21:53,2021-11-01 01:39:01,1.0,4.0,1.0,N,48,148,1,15.0,0.5,0.5,3.76,0.0,0.3,22.56,2.5,0.0
2,2021-11-01 01:43:51,2021-11-01 01:51:22,2.0,1.28,5.0,N,148,232,2,16.0,0.0,0.0,0.0,0.0,0.3,18.8,2.5,0.0
2,2021-11-01 01:56:03,2021-11-01 01:56:08,1.0,0.0,5.0,N,264,264,1,13.0,0.0,0.0,0.0,0.0,0.3,13.3,0.0,0.0
1,2021-11-01 01:25:50,2021-11-01 01:36:53,1.0,2.4,1.0,N,113,233,1,10.0,3.0,0.5,2.5,0.0,0.3,16.3,2.5,0.0
1,2021-11-01 01:16:10,2021-11-01 01:22:55,1.0,2.2,1.0,N,263,229,4,8.0,3.0,0.5,0.0,0.0,0.3,11.8,2.5,0.0
2,2021-11-01 01:22:21,2021-11-01 01:27:37,1.0,1.5,1.0,N,48,142,1,6.5,0.5,0.5,0.0,0.0,0.3,10.3,2.5,0.0
2,2021-11-01 01:40:32,2021-11-01 01:50:35,1.0,1.07,1.0,N,68,113,1,8.0,0.5,0.5,2.95,0.0,0.3,14.75,2.5,0.0
2,2021-11-01 01:51:22,2021-11-01 02:03:08,1.0,3.73,1.0,N,113,141,2,12.5,0.5,0.5,0.0,0.0,0.3,16.3,2.5,0.0
2,2021-11-01 01:32:20,2021-11-01 01:53:35,1.0,11.24,1.0,N,132,70,1,33.0,0.5,0.5,0.0,0.0,0.3,35.55,0.0,1.25
2,2021-11-01 01:21:40,2021-11-01 01:34:10,3.0,3.14,1.0,N,249,48,1,11.5,0.5,0.5,3.06,0.0,0.3,18.36,2.5,0.0
2,2021-11-01 01:38:39,2021-11-01 01:59:19,2.0,4.36,1.0,N,230,226,1,17.5,0.5,0.5,4.26,0.0,0.3,25.56,2.5,0.0
2,2021-11-01 01:20:07,2021-11-01 01:26:50,1.0,1.21,1.0,N,186,170,2,6.5,0.5,0.5,0.0,0.0,0.3,10.3,2.5,0.0
2,2021-11-01 01:30:02,2021-11-01 01:30:14,1.0,0.0,5.0,N,170,162,1,8.5,0.0,0.0,2.26,0.0,0.3,13.56,2.5,0.0
2,2021-11-01 01:01:46,2021-11-01 01:08:31,1.0,1.91,1.0,N,68,50,1,8.0,0.5,0.5,0.0,0.0,0.3,11.8,2.5,0.0
2,2021-11-01 01:13:24,2021-11-01 01:29:41,1.0,1.77,1.0,N,246,234,2,8.5,0.5,0.5,0.0,0.0,0.3,12.3,2.5,0.0
2,2021-11-01 01:33:17,2021-11-01 01:49:35,1.0,5.0,1.0,N,249,236,2,16.5,0.5,0.5,0.0,0.0,0.3,20.3,2.5,0.0
2,2021-11-01 01:41:05,2021-11-01 02:02:25,1.0,5.17,1.0,N,238,146,1,19.5,0.5,0.5,5.83,0.0,0.3,29.13,2.5,0.0
2,2021-11-01 01:00:26,2021-11-01 01:03:59,1.0,0.84,1.0,N,137,161,1,5.0,0.5,0.5,2.0,0.0,0.3,10.8,2.5,0.0
2,2021-11-01 01:07:30,2021-11-01 01:13:42,1.0,1.79,1.0,N,161,107,1,7.5,0.5,0.5,2.83,0.0,0.3,14.13,2.5,0.0
1,2021-11-01 01:02:33,2021-11-01 01:16:33,2.0,3.4,1.0,N,125,256,1,13.5,3.0,0.5,4.3,0.0,0.3,21.6,2.5,0.0
1,2021-11-01 01:17:21,2021-11-01 01:26:40,1.0,1.8,1.0,N,256,49,2,8.5,0.5,0.5,0.0,0.0,0.3,9.8,0.0,0.0
2,2021-11-01 01:24:35,2021-11-01 01:44:39,2.0,8.11,5.0,N,144,129,1,40.0,0.0,0.0,4.0,0.0,0.3,46.8,2.5,0.0
1,2021-11-01 01:41:56,2021-11-01 01:46:59,1.0,1.3,1.0,N,186,48,1,6.0,3.0,0.5,1.95,0.0,0.3,11.75,2.5,0.0
1,2021-11-01 01:50:49,2021-11-01 02:02:39,1.0,3.4,1.0,N,142,75,3,12.5,3.0,0.5,0.0,0.0,0.3,16.3,2.5,0.0
1,2021-11-01 01:03:35,2021-11-01 01:09:25,2.0,1.2,1.0,Y,246,249,1,6.5,3.0,0.5,2.05,0.0,0.3,12.35,2.5,0.0
1,2021-11-01 01:20:34,2021-11-01 01:25:43,2.0,0.9,1.0,Y,246,68,1,5.5,3.0,0.5,1.85,0.0,0.3,11.15,2.5,0.0
1,2021-11-01 01:26:57,2021-11-01 01:32:11,1.0,0.8,1.0,N,68,68,1,5.5,3.0,0.5,1.85,0.0,0.3,11.15,2.5,0.0
1,2021-11-01 01:40:08,2021-11-01 01:43:48,2.0,1.0,1.0,Y,246,50,1,5.5,3.0,0.5,2.3,0.0,0.3,11.6,2.5,0.0
1,2021-11-01 01:47:44,2021-11-01 02:00:06,2.0,3.1,1.0,Y,48,263,1,12.0,3.0,0.5,2.37,0.0,0.3,18.17,2.5,0.0
2,2021-11-01 01:17:14,2021-11-01 01:30:54,1.0,3.44,1.0,N,151,100,1,13.0,0.5,0.5,3.36,0.0,0.3,20.16,2.5,0.0
1,2021-11-01 01:26:46,2021-11-01 01:40:32,1.0,3.1,1.0,Y,186,148,1,12.0,3.0,0.5,3.95,0.0,0.3,19.75,2.5,0.0
1,2021-11-01 01:52:41,2021-11-01 02:02:49,1.0,4.4,1.0,N,79,75,1,13.5,3.0,0.5,3.0,0.0,0.3,20.3,2.5,0.0
1,2021-11-01 01:38:45,2021-11-01 01:48:53,1.0,1.5,1.0,N,246,170,2,8.0,3.0,0.5,0.0,0.0,0.3,11.8,2.5,0.0
2,2021-11-01 01:04:00,2021-11-01 01:31:18,3.0,7.67,1.0,N,114,7,1,26.5,0.5,0.5,2.0,0.0,0.3,32.3,2.5,0.0
2,2021-11-01 01:40:12,2021-11-01 01:50:58,4.0,2.07,1.0,N,249,148,1,9.5,0.5,0.5,2.66,0.0,0.3,15.96,2.5,0.0
2,2021-11-01 01:52:27,2021-11-01 02:01:18,1.0,1.5,1.0,N,148,249,1,8.0,0.5,0.5,1.0,0.0,0.3,12.8,2.5,0.0
2,2021-11-01 01:42:05,2021-11-01 01:54:03,1.0,2.94,1.0,N,79,246,1,12.0,0.5,0.5,3.16,0.0,0.3,18.96,2.5,0.0
1,2021-11-01 01:04:03,2021-11-01 01:09:37,2.0,0.9,1.0,Y,234,164,1,6.0,3.0,0.5,1.0,0.0,0.3,10.8,2.5,0.0
1,2021-11-01 01:19:51,2021-11-01 01:29:17,4.0,1.8,1.0,N,90,79,1,8.5,3.0,0.5,3.05,0.0,0.3,15.35,2.5,0.0
2,2021-11-01 00:59:17,2021-11-01 01:06:07,1.0,1.1,1.0,N,148,79,1,6.5,0.5,0.5,2.06,0.0,0.3,12.36,2.5,0.0
2,2021-11-01 01:13:31,2021-11-01 01:27:11,1.0,4.3,1.0,N,114,190,1,15.0,0.5,0.5,3.2,0.0,0.3,22.0,2.5,0.0
2,2021-11-01 01:49:11,2021-11-01 01:54:59,1.0,1.78,1.0,N,148,256,1,7.5,0.5,0.5,2.26,0.0,0.3,13.56,2.5,0.0
1,2021-11-01 01:45:34,2021-11-01 02:18:23,1.0,22.2,2.0,N,132,127,1,52.0,1.25,0.5,0.0,6.55,0.3,60.6,0.0,1.25
2,2021-11-01 01:01:48,2021-11-01 01:17:01,2.0,2.43,1.0,N,234,50,1,12.0,0.5,0.5,3.95,0.0,0.3,19.75,2.5,0.0
2,2021-11-01 01:36:10,2021-11-01 01:48:06,1.0,2.6,1.0,N,234,141,1,11.5,0.5,0.5,3.06,0.0,0.3,18.36,2.5,0.0
1,2021-11-01 01:16:51,2021-11-01 01:21:05,3.0,0.6,1.0,N,68,246,1,5.0,3.0,0.5,3.0,0.0,0.3,11.8,2.5,0.0
1,2021-11-01 01:01:35,2021-11-01 01:20:52,1.0,5.8,1.0,Y,113,188,1,19.5,3.0,0.5,4.66,0.0,0.3,27.96,2.5,0.0
2,2021-11-01 01:53:38,2021-11-01 02:05:21,1.0,2.7,1.0,N,233,68,1,11.0,0.5,0.5,2.0,0.0,0.3,16.8,2.5,0.0
2,2021-11-01 01:15:56,2021-11-01 01:37:45,1.0,8.07,1.0,N,249,116,1,25.5,0.5,0.5,5.86,0.0,0.3,35.16,2.5,0.0
2,2021-11-01 01:36:38,2021-11-01 01:48:15,1.0,1.92,1.0,N,141,230,1,9.5,0.5,0.5,3.32,0.0,0.3,16.62,2.5,0.0
2,2021-11-01 01:51:03,2021-11-01 02:13:11,1.0,4.76,1.0,N,50,263,1,19.0,0.5,0.5,4.56,0.0,0.3,27.36,2.5,0.0
2,2021-11-01 01:07:06,2021-11-01 01:11:10,1.0,1.2,1.0,N,48,186,1,5.5,0.5,0.5,1.86,0.0,0.3,11.16,2.5,0.0
2,2021-11-01 01:14:49,2021-11-01 01:20:48,1.0,1.1,1.0,N,234,186,1,6.0,0.5,0.5,2.0,0.0,0.3,11.8,2.5,0.0
2,2021-11-01 01:25:45,2021-11-01 01:30:37,1.0,1.49,1.0,N,186,48,2,6.5,0.5,0.5,0.0,0.0,0.3,10.3,2.5,0.0
2,2021-11-01 01:39:55,2021-11-01 01:47:18,4.0,1.95,1.0,N,230,238,1,8.5,0.5,0.5,2.46,0.0,0.3,14.76,2.5,0.0
2,2021-11-01 01:20:09,2021-11-01 01:34:23,1.0,7.17,1.0,N,138,41,1,21.5,0.5,0.5,5.0,6.55,0.3,35.6,0.0,1.25
2,2021-11-01 01:42:54,2021-11-01 01:48:42,1.0,2.23,1.0,N,74,194,2,8.0,0.5,0.5,0.0,6.55,0.3,15.85,0.0,0.0
2,2021-11-01 01:10:57,2021-11-01 01:18:36,1.0,1.98,1.0,N,100,162,1,8.0,0.5,0.5,2.36,0.0,0.3,14.16,2.5,0.0
2,2021-11-01 01:58:20,2021-11-01 02:07:59,1.0,2.31,1.0,N,166,143,1,9.5,0.5,0.5,2.66,0.0,0.3,15.96,2.5,0.0
1,2021-11-01 01:44:05,2021-11-01 01:55:50,1.0,2.3,1.0,N,79,68,1,10.5,3.0,0.5,2.85,0.0,0.3,17.15,2.5,0.0
2,2021-11-01 01:08:10,2021-11-01 01:23:48,1.0,5.73,1.0,N,209,48,1,19.0,0.5,0.5,1.5,0.0,0.3,24.3,2.5,0.0
2,2021-11-01 01:47:53,2021-11-01 01:59:44,1.0,2.49,1.0,N,144,137,1,11.0,0.5,0.5,1.0,0.0,0.3,15.8,2.5,0.0
2,2021-11-01 02:04:28,2021-11-01 02:25:13,1.0,3.78,1.0,N,233,148,1,15.5,0.5,0.5,5.79,0.0,0.3,25.09,2.5,0.0
1,2021-11-01 01:06:37,2021-11-01 01:26:36,1.0,4.4,1.0,N,163,7,1,17.0,3.0,0.5,5.0,0.0,0.3,25.8,2.5,0.0
1,2021-11-01 01:01:47,2021-11-01 01:11:37,2.0,2.7,1.0,N,125,230,1,10.5,3.0,0.5,2.85,0.0,0.3,17.15,2.5,0.0
1,2021-11-01 01:19:26,2021-11-01 01:21:26,2.0,0.5,1.0,N,186,90,1,4.0,3.0,0.5,1.95,0.0,0.3,9.75,2.5,0.0
1,2021-11-01 01:22:40,2021-11-01 01:26:05,1.0,0.3,1.0,N,90,234,3,4.0,3.0,0.5,0.0,0.0,0.3,7.8,2.5,0.0
1,2021-11-01 01:30:33,2021-11-01 01:36:59,2.0,1.3,1.0,N,90,79,1,6.5,3.0,0.5,1.0,0.0,0.3,11.3,2.5,0.0
1,2021-11-01 01:49:11,2021-11-01 02:15:13,2.0,7.4,1.0,N,148,24,1,23.5,3.0,0.5,5.45,0.0,0.3,32.75,2.5,0.0
2,2021-11-01 01:56:31,2021-11-01 01:59:03,1.0,0.43,1.0,N,74,75,1,3.5,0.5,0.5,0.96,0.0,0.3,5.76,0.0,0.0
1,2021-11-01 01:23:24,2021-11-01 01:28:58,1.0,0.8,1.0,N,234,246,1,5.5,3.0,0.5,1.85,0.0,0.3,11.15,2.5,0.0
1,2021-11-01 01:30:41,2021-11-01 01:49:42,1.0,9.7,1.0,N,246,127,1,28.0,3.0,0.5,6.35,0.0,0.3,38.15,2.5,0.0
1,2021-11-01 01:20:16,2021-11-01 01:22:25,2.0,0.4,1.0,N,230,161,1,3.5,3.0,0.5,2.0,0.0,0.3,9.3,2.5,0.0
1,2021-11-01 01:52:32,2021-11-01 01:56:27,3.0,0.8,1.0,N,90,68,1,5.0,3.0,0.5,1.75,0.0,0.3,10.55,2.5,0.0
2,2021-11-01 01:02:22,2021-11-01 01:12:21,2.0,3.17,1.0,N,186,236,1,11.0,0.5,0.5,2.96,0.0,0.3,17.76,2.5,0.0
2,2021-11-01 01:36:17,2021-11-01 01:44:54,2.0,1.44,1.0,N,148,87,1,8.0,0.5,0.5,1.0,0.0,0.3,12.8,2.5,0.0
2,2021-11-01 01:54:44,2021-11-01 02:00:29,2.0,2.07,1.0,N,90,163,1,7.5,0.5,0.5,2.26,0.0,0.3,13.56,2.5,0.0
2,2021-11-01 01:28:06,2021-11-01 01:41:32,1.0,8.43,1.0,N,138,16,1,24.0,0.5,0.5,5.0,0.0,0.3,31.55,0.0,1.25
2,2021-11-01 01:04:44,2021-11-01 01:09:12,4.0,0.82,1.0,N,230,170,1,5.0,0.5,0.5,1.76,0.0,0.3,10.56,2.5,0.0
2,2021-11-01 01:25:13,2021-11-01 01:42:46,4.0,5.13,1.0,N,249,181,2,17.5,0.5,0.5,0.0,0.0,0.3,21.3,2.5,0.0
1,2021-11-01 01:42:44,2021-11-01 01:56:13,1.0,4.7,1.0,N,90,263,1,15.0,3.0,0.5,3.75,0.0,0.3,22.55,2.5,0.0
2,2021-11-01 01:58:54,2021-11-01 02:07:20,1.0,1.56,1.0,N,148,113,1,7.5,0.5,0.5,2.82,0.0,0.3,14.12,2.5,0.0
2,2021-11-01 01:05:14,2021-11-01 01:09:42,1.0,1.14,1.0,N,249,186,1,5.5,0.5,0.5,1.86,0.0,0.3,11.16,2.5,0.0
2,2021-11-01 01:16:33,2021-11-01 01:21:08,1.0,0.92,1.0,N,90,249,2,5.0,0.5,0.5,0.0,0.0,0.3,8.8,2.5,0.0
2,2021-11-01 01:24:41,2021-11-01 01:28:17,1.0,1.03,1.0,N,249,234,1,5.0,0.5,0.5,2.2,0.0,0.3,11.0,2.5,0.0
2,2021-11-01 01:23:45,2021-11-01 01:23:47,1.0,0.05,5.0,N,264,264,1,20.0,0.0,0.5,0.0,0.0,0.3,20.8,0.0,0.0
1,2021-11-01 01:40:22,2021-11-01 02:23:16,2.0,18.7,1.0,N,132,36,2,54.0,1.75,0.5,0.0,0.0,0.3,56.55,0.0,1.25
2,2021-11-01 01:09:07,2021-11-01 01:35:48,1.0,7.09,1.0,N,231,7,2,24.0,0.5,0.5,0.0,0.0,0.3,27.8,2.5,0.0
1,2021-11-01 01:02:39,2021-11-01 01:10:55,2.0,1.5,1.0,N,164,230,2,7.5,3.0,0.5,0.0,0.0,0.3,11.3,2.5,0.0
1,2021-11-01 01:26:19,2021-11-01 01:40:54,1.0,3.4,1.0,N,75,116,2,13.5,0.5,0.5,0.0,0.0,0.3,14.8,0.0,0.0
2,2021-11-01 01:10:13,2021-11-01 01:21:20,1.0,2.68,1.0,N,239,263,2,11.0,0.5,0.5,0.0,0.0,0.3,14.8,2.5,0.0
2,2021-11-01 01:23:07,2021-11-01 01:26:26,1.0,0.99,1.0,N,263,237,2,5.0,0.5,0.5,0.0,0.0,0.3,8.8,2.5,0.0
2,2021-11-01 01:06:11,2021-11-01 01:20:30,1.0,5.15,1.0,N,164,74,2,16.0,0.5,0.5,0.0,0.0,0.3,19.8,2.5,0.0
2,2021-11-01 01:30:22,2021-11-01 01:40:18,6.0,2.2,1.0,N,263,142,2,9.5,0.5,0.5,0.0,0.0,0.3,13.3,2.5,0.0
2,2021-11-01 01:49:10,2021-11-01 01:54:20,6.0,1.12,1.0,N,230,50,1,5.5,0.5,0.5,2.32,0.0,0.3,11.62,2.5,0.0
1,2021-11-01 01:00:18,2021-11-01 01:09:15,1.0,1.6,1.0,N,186,137,1,8.5,3.0,0.5,2.45,0.0,0.3,14.75,2.5,0.0
1,2021-11-01 01:12:31,2021-11-01 01:20:08,1.0,2.0,1.0,N,107,249,2,8.5,3.0,0.5,0.0,0.0,0.3,12.3,2.5,0.0
1,2021-11-01 01:32:53,2021-11-01 01:54:35,1.0,6.3,1.0,N,249,7,1,21.5,3.0,0.5,2.0,0.0,0.3,27.3,2.5,0.0
2,2021-11-01 01:36:45,2021-11-01 01:47:29,1.0,1.83,1.0,N,261,232,1,9.5,0.5,0.5,2.66,0.0,0.3,15.96,2.5,0.0
2,2021-11-01 01:50:09,2021-11-01 01:56:08,2.0,1.19,1.0,N,232,79,1,6.5,0.5,0.5,2.06,0.0,0.3,12.36,2.5,0.0
1,2021-11-01 01:35:26,2021-11-01 01:53:51,1.0,3.9,1.0,N,114,80,1,16.0,3.0,0.5,4.95,0.0,0.3,24.75,2.5,0.0
2,2021-11-01 01:02:29,2021-11-01 01:07:46,1.0,0.95,1.0,N,48,161,2,5.5,0.5,0.5,0.0,0.0,0.3,9.3,2.5,0.0
2,2021-11-01 01:24:22,2021-11-01 01:40:18,1.0,4.1,1.0,N,163,226,1,15.5,0.5,0.5,3.86,0.0,0.3,23.16,2.5,0.0
1,2021-11-01 01:22:22,2021-11-01 01:33:10,1.0,3.5,1.0,N,48,114,1,12.0,3.0,0.5,3.15,0.0,0.3,18.95,2.5,0.0
1,2021-11-01 01:43:09,2021-11-01 01:46:49,1.0,1.2,1.0,N,107,148,1,6.0,3.0,0.5,1.95,0.0,0.3,11.75,2.5,0.0
1,2021-11-01 01:52:03,2021-11-01 02:01:53,1.0,2.4,1.0,N,107,246,1,10.0,3.0,0.5,2.0,0.0,0.3,15.8,2.5,0.0
2,2021-11-01 01:42:50,2021-11-01 02:03:16,1.0,6.82,1.0,N,79,166,1,20.5,0.5,0.5,4.86,0.0,0.3,29.16,2.5,0.0
2,2021-11-01 01:11:19,2021-11-01 01:21:49,1.0,1.76,1.0,N,170,48,2,9.0,0.5,0.5,0.0,0.0,0.3,12.8,2.5,0.0
2,2021-11-01 01:26:09,2021-11-01 01:26:31,2.0,0.0,2.0,N,48,48,2,52.0,0.0,0.5,0.0,0.0,0.3,55.3,2.5,0.0
2,2021-11-01 01:27:25,2021-11-01 01:43:45,2.0,4.57,1.0,N,48,74,2,16.0,0.5,0.5,0.0,0.0,0.3,19.8,2.5,0.0
1,2021-11-01 01:11:41,2021-11-01 01:29:49,2.0,9.9,1.0,N,79,244,2,28.5,3.0,0.5,0.0,0.0,0.3,32.3,2.5,0.0
1,2021-11-01 01:49:25,2021-11-01 01:59:46,1.0,2.6,1.0,N,48,158,1,10.5,3.0,0.5,5.0,0.0,0.3,19.3,2.5,0.0
2,2021-11-01 01:32:21,2021-11-01 02:01:49,2.0,7.55,1.0,N,113,61,2,26.0,0.5,0.5,0.0,0.0,0.3,29.8,2.5,0.0
1,2021-11-01 01:06:51,2021-11-01 01:10:49,1.0,0.8,1.0,N,263,75,1,5.0,3.0,0.5,1.75,0.0,0.3,10.55,2.5,0.0
2,2021-11-01 01:32:49,2021-11-01 01:41:03,1.0,1.31,1.0,N,68,234,1,7.0,0.5,0.5,2.16,0.0,0.3,12.96,2.5,0.0
2,2021-11-01 02:02:23,2021-11-01 02:08:54,2.0,1.23,1.0,N,170,170,1,7.0,0.5,0.5,2.16,0.0,0.3,12.96,2.5,0.0
2,2021-11-01 01:31:39,2021-11-01 01:39:14,1.0,1.25,1.0,N,246,249,1,7.0,0.5,0.5,10.0,0.0,0.3,20.8,2.5,0.0
2,2021-11-01 01:41:40,2021-11-01 01:49:49,1.0,1.11,1.0,N,249,79,1,6.5,0.5,0.5,2.58,0.0,0.3,12.88,2.5,0.0
2,2021-11-01 01:33:26,2021-11-01 02:12:45,1.0,5.94,1.0,N,194,194,2,28.0,0.5,0.5,0.0,6.55,0.3,35.85,0.0,0.0
2,2021-11-01 01:46:28,2021-11-01 01:53:23,1.0,1.8,1.0,N,170,48,2,7.5,0.5,0.5,0.0,0.0,0.3,11.3,2.5,0.0
2,2021-11-01 01:56:56,2021-11-01 02:21:08,1.0,6.65,1.0,N,48,129,2,22.0,0.5,0.5,0.0,0.0,0.3,25.8,2.5,0.0
2,2021-11-01 01:23:08,2021-11-01 01:28:15,1.0,0.63,1.0,N,113,107,1,5.0,0.5,0.5,1.76,0.0,0.3,10.56,2.5,0.0
2,2021-11-01 01:31:26,2021-11-01 01:38:26,2.0,1.22,1.0,N,79,114,1,7.0,0.5,0.5,3.24,0.0,0.3,14.04,2.5,0.0
2,2021-11-01 01:41:30,2021-11-01 01:58:44,1.0,4.11,1.0,N,249,142,1,15.5,0.5,0.5,2.0,0.0,0.3,21.3,2.5,0.0
1,2021-11-01 01:20:42,2021-11-01 01:26:36,1.0,0.9,1.0,N,148,125,1,6.0,3.0,0.5,1.95,0.0,0.3,11.75,2.5,0.0
1,2021-11-01 01:42:39,2021-11-01 02:08:32,4.0,18.4,1.0,N,132,17,1,49.5,1.75,0.5,0.0,0.0,0.3,52.05,0.0,1.25
1,2021-11-01 01:21:24,2021-11-01 01:54:17,2.0,8.2,1.0,N,90,198,2,28.5,3.0,0.5,0.0,0.0,0.3,32.3,2.5,0.0
2,2021-11-01 01:10:06,2021-11-01 01:26:21,1.0,5.21,1.0,N,138,145,1,17.5,0.5,0.5,6.02,0.0,0.3,26.07,0.0,1.25
2,2021-11-01 01:22:25,2021-11-01 01:26:28,1.0,1.45,1.0,N,68,50,2,6.0,0.5,0.5,0.0,0.0,0.3,9.8,2.5,0.0
2,2021-11-01 01:36:21,2021-11-01 01:45:49,1.0,3.26,1.0,N,230,231,2,11.0,0.5,0.5,0.0,0.0,0.3,14.8,2.5,0.0
2,2021-11-01 01:48:36,2021-11-01 01:59:03,1.0,3.74,1.0,N,125,48,1,12.0,0.5,0.5,2.0,0.0,0.3,17.8,2.5,0.0
2,2021-11-01 01:55:16,2021-11-01 01:55:37,2.0,0.02,3.0,N,48,48,4,-20.0,-0.5,0.0,0.0,0.0,-0.3,-20.8,0.0,0.0
2,2021-11-01 01:55:16,2021-11-01 01:55:37,2.0,0.02,3.0,N,48,48,2,20.0,0.5,0.0,0.0,0.0,0.3,20.8,0.0,0.0
2,2021-11-01 01:57:26,2021-11-01 02:00:41,1.0,1.23,1.0,N,230,100,1,5.5,0.5,0.5,1.86,0.0,0.3,11.16,2.5,0.0
2,2021-11-01 01:17:41,2021-11-01 01:26:43,1.0,1.67,1.0,N,234,79,1,8.0,0.5,0.5,2.36,0.0,0.3,14.16,2.5,0.0
2,2021-11-01 01:33:50,2021-11-01 01:38:00,1.0,0.87,1.0,N,148,45,1,5.0,0.5,0.5,1.76,0.0,0.3,10.56,2.5,0.0
2,2021-11-01 01:15:03,2021-11-01 01:32:11,1.0,7.98,1.0,N,113,257,1,24.0,0.5,0.5,6.95,0.0,0.3,34.75,2.5,0.0
2,2021-11-01 01:02:20,2021-11-01 01:07:04,1.0,0.91,1.0,N,162,237,1,5.5,0.5,0.5,1.86,0.0,0.3,11.16,2.5,0.0
1,2021-11-01 01:23:23,2021-11-01 01:37:16,2.0,5.6,1.0,N,144,145,1,17.5,3.0,0.5,0.0,0.0,0.3,21.3,2.5,0.0
2,2021-11-01 01:41:57,2021-11-01 01:53:55,1.0,3.17,1.0,N,48,236,1,12.0,0.5,0.5,3.95,0.0,0.3,19.75,2.5,0.0
2,2021-11-01 01:54:32,2021-11-01 02:03:42,1.0,2.2,1.0,N,236,41,1,9.0,0.5,0.5,2.56,0.0,0.3,15.36,2.5,0.0
2,2021-11-01 01:08:52,2021-11-01 01:15:00,3.0,1.43,1.0,N,107,114,1,7.0,0.5,0.5,2.16,0.0,0.3,12.96,2.5,0.0
2,2021-11-01 01:20:30,2021-11-01 01:35:50,3.0,4.01,1.0,N,114,143,1,15.0,0.5,0.5,3.76,0.0,0.3,22.56,2.5,0.0
1,2021-11-01 01:22:19,2021-11-01 01:49:01,2.0,19.0,2.0,N,132,114,1,52.0,3.75,0.5,14.1,0.0,0.3,70.65,2.5,1.25
2,2021-11-01 01:04:11,2021-11-01 01:07:25,2.0,0.85,1.0,N,234,79,2,4.5,0.5,0.5,0.0,0.0,0.3,8.3,2.5,0.0
2,2021-11-01 01:09:13,2021-11-01 01:12:58,1.0,0.58,1.0,N,79,148,1,4.5,0.5,0.5,2.08,0.0,0.3,10.38,2.5,0.0
2,2021-11-01 01:34:51,2021-11-01 01:50:07,2.0,5.99,1.0,N,234,74,1,17.5,0.5,0.5,0.0,0.0,0.3,21.3,2.5,0.0
2,2021-11-01 01:59:34,2021-11-01 01:59:43,1.0,0.02,2.0,N,263,263,4,-52.0,0.0,-0.5,0.0,0.0,-0.3,-55.3,-2.5,0.0
2,2021-11-01 01:59:34,2021-11-01 01:59:43,1.0,0.02,2.0,N,263,263,2,52.0,0.0,0.5,0.0,0.0,0.3,55.3,2.5,0.0
2,2021-11-01 01:22:20,2021-11-01 01:25:26,1.0,0.63,1.0,N,100,48,1,4.5,0.5,0.5,1.66,0.0,0.3,9.96,2.5,0.0
2,2021-11-01 01:07:29,2021-11-01 01:20:15,2.0,3.44,1.0,N,249,33,1,12.5,0.5,0.5,3.26,0.0,0.3,19.56,2.5,0.0
2,2021-11-01 01:43:33,2021-11-01 02:05:01,2.0,8.34,1.0,N,148,189,1,25.5,0.5,0.5,5.86,0.0,0.3,35.16,2.5,0.0
2,2021-11-01 01:32:38,2021-11-01 01:49:27,2.0,8.51,1.0,N,138,17,1,25.5,0.5,0.5,5.61,0.0,0.3,33.66,0.0,1.25
2,2021-11-01 01:44:43,2021-11-01 02:01:10,1.0,5.9,1.0,N,79,41,1,18.0,0.5,0.5,4.0,0.0,0.3,25.8,2.5,0.0
2,2021-11-01 01:42:43,2021-11-01 02:02:40,1.0,5.27,1.0,N,148,40,1,19.5,0.5,0.5,1.0,0.0,0.3,24.3,2.5,0.0
1,2021-11-01 01:02:53,2021-11-01 01:19:21,1.0,4.2,1.0,N,48,152,1,15.0,3.0,0.0,2.75,0.0,0.3,21.05,2.5,0.0
2,2021-11-01 01:24:59,2021-11-01 01:31:49,1.0,0.85,1.0,N,249,186,2,6.5,0.5,0.5,0.0,0.0,0.3,10.3,2.5,0.0
2,2021-11-01 01:33:36,2021-11-01 01:56:13,1.0,9.07,1.0,N,186,243,1,28.5,0.5,0.5,8.08,0.0,0.3,40.38,2.5,0.0
2,2021-11-01 01:29:34,2021-11-01 01:34:56,1.0,0.89,1.0,N,79,114,1,5.5,0.5,0.5,2.0,0.0,0.3,11.3,2.5,0.0
1,2021-11-01 01:08:11,2021-11-01 01:23:59,1.0,3.4,1.0,N,146,129,1,13.5,0.5,0.5,0.0,0.0,0.3,14.8,0.0,0.0
2,2021-11-01 01:13:23,2021-11-01 01:33:18,1.0,13.09,1.0,N,132,53,2,36.5,0.5,0.5,0.0,0.0,0.3,39.05,0.0,1.25
1,2021-11-01 01:12:43,2021-11-01 01:40:25,2.0,7.1,1.0,N,48,129,1,24.0,3.0,0.5,6.95,0.0,0.3,34.75,2.5,0.0
2,2021-11-01 01:30:02,2021-11-01 01:33:34,1.0,0.63,1.0,N,79,148,1,4.5,0.5,0.5,1.66,0.0,0.3,9.96,2.5,0.0
2,2021-11-01 01:36:42,2021-11-01 01:48:44,1.0,4.24,1.0,N,148,236,1,13.5,0.5,0.5,3.46,0.0,0.3,20.76,2.5,0.0
2,2021-11-01 01:02:35,2021-11-01 01:11:53,6.0,2.35,1.0,N,234,48,2,9.5,0.5,0.5,0.0,0.0,0.3,13.3,2.5,0.0
1,2021-11-01 01:22:24,2021-11-01 01:27:34,1.0,0.8,1.0,N,114,144,2,5.5,3.0,0.5,0.0,0.0,0.3,9.3,2.5,0.0
1,2021-11-01 01:41:02,2021-11-01 01:46:06,1.0,0.8,1.0,N,249,114,1,5.0,3.0,0.5,1.0,0.0,0.3,9.8,2.5,0.0
1,2021-11-01 01:59:04,2021-11-01 02:04:44,1.0,1.5,1.0,N,246,186,2,7.0,3.0,0.5,0.0,0.0,0.3,10.8,2.5,0.0
2,2021-11-01 01:30:33,2021-11-01 01:50:54,4.0,4.19,1.0,N,148,230,1,17.0,0.5,0.5,4.16,0.0,0.3,24.96,2.5,0.0
2,2021-11-01 01:12:07,2021-11-01 01:25:42,1.0,3.57,1.0,N,163,4,1,13.5,0.5,0.5,3.46,0.0,0.3,20.76,2.5,0.0
2,2021-11-01 01:51:20,2021-11-01 02:10:30,1.0,3.83,1.0,N,90,50,1,15.5,0.5,0.5,5.79,0.0,0.3,25.09,2.5,0.0
2,2021-11-01 01:48:55,2021-11-01 02:11:39,1.0,5.42,1.0,N,114,225,1,19.0,0.5,0.5,4.56,0.0,0.3,27.36,2.5,0.0
2,2021-11-01 01:25:51,2021-11-01 02:23:08,1.0,17.52,3.0,N,186,186,2,66.0,0.5,0.0,0.0,18.75,0.3,85.55,0.0,0.0
2,2021-11-01 01:12:37,2021-11-01 01:33:41,1.0,9.13,1.0,N,234,244,2,27.5,0.5,0.5,0.0,0.0,0.3,31.3,2.5,0.0
2,2021-11-01 01:52:14,2021-11-01 02:01:55,1.0,1.99,1.0,N,246,79,1,9.0,0.5,0.5,0.0,0.0,0.3,12.8,2.5,0.0
2,2021-11-01 01:00:56,2021-11-01 01:05:20,1.0,1.16,1.0,N,90,230,1,5.5,0.5,0.5,1.86,0.0,0.3,11.16,2.5,0.0
2,2021-11-01 01:08:44,2021-11-01 01:14:04,1.0,1.66,1.0,N,48,246,1,7.0,0.5,0.5,2.16,0.0,0.3,12.96,2.5,0.0
1,2021-11-01 01:34:13,2021-11-01 01:45:08,1.0,2.0,1.0,N,113,87,1,9.5,3.0,0.5,3.3,0.0,0.3,16.6,2.5,0.0
1,2021-11-01 01:56:47,2021-11-01 02:04:48,1.0,2.0,1.0,N,211,90,1,8.5,3.0,0.5,2.45,0.0,0.3,14.75,2.5,0.0
2,2021-11-01 01:06:25,2021-11-01 01:19:36,1.0,5.5,1.0,N,79,74,4,-16.0,-0.5,-0.5,0.0,0.0,-0.3,-19.8,-2.5,0.0
2,2021-11-01 01:06:25,2021-11-01 01:19:36,1.0,5.5,1.0,N,79,74,2,16.0,0.5,0.5,0.0,0.0,0.3,19.8,2.5,0.0
2,2021-11-01 01:49:21,2021-11-01 01:52:21,1.0,0.7,1.0,N,234,68,4,-4.5,-0.5,-0.5,0.0,0.0,-0.3,-8.3,-2.5,0.0
2,2021-11-01 01:49:21,2021-11-01 01:52:21,1.0,0.7,1.0,N,234,68,2,4.5,0.5,0.5,0.0,0.0,0.3,8.3,2.5,0.0
2,2021-11-01 01:54:59,2021-11-01 01:58:50,1.0,0.67,1.0,N,68,68,1,4.5,0.5,0.5,1.0,0.0,0.3,9.3,2.5,0.0
1,2021-11-01 01:09:28,2021-11-01 01:11:52,1.0,1.0,1.0,N,48,68,1,5.0,3.0,0.5,2.5,0.0,0.3,11.3,2.5,0.0
1,2021-11-01 01:15:18,2021-11-01 01:44:36,2.0,9.7,1.0,N,68,133,2,29.0,3.0,0.5,0.0,0.0,0.3,32.8,2.5,0.0
2,2021-11-01 01:06:49,2021-11-01 01:14:51,2.0,1.18,1.0,N,90,137,1,7.0,0.5,0.5,2.16,0.0,0.3,12.96,2.5,0.0
2,2021-11-01 01:38:35,2021-11-01 01:57:19,2.0,5.26,1.0,N,249,75,1,17.5,0.5,0.5,2.0,0.0,0.3,23.3,2.5,0.0
2,2021-11-01 01:15:03,2021-11-01 01:27:07,2.0,3.42,1.0,N,148,25,1,12.5,0.5,0.5,3.26,0.0,0.3,19.56,2.5,0.0
2,2021-11-01 01:37:28,2021-11-01 01:44:44,1.0,0.59,1.0,N,114,211,2,6.0,0.5,0.5,0.0,0.0,0.3,9.8,2.5,0.0
2,2021-11-01 01:47:27,2021-11-01 01:53:25,3.0,1.75,1.0,N,114,164,1,7.5,0.5,0.5,1.13,0.0,0.3,12.43,2.5,0.0
2,2021-11-01 01:57:31,2021-11-01 02:07:20,2.0,2.63,1.0,N,90,148,1,10.0,0.5,0.5,2.76,0.0,0.3,16.56,2.5,0.0
1,2021-11-01 01:13:03,2021-11-01 01:15:53,1.0,0.9,1.0,N,170,233,1,4.5,3.0,0.5,1.65,0.0,0.3,9.95,2.5,0.0
2,2021-11-01 01:25:31,2021-11-01 01:38:40,1.0,3.62,1.0,N,140,158,2,13.0,0.5,0.5,0.0,0.0,0.3,16.8,2.5,0.0
2,2021-11-01 01:39:25,2021-11-01 01:56:47,1.0,6.13,1.0,N,249,24,1,20.0,0.5,0.5,2.38,0.0,0.3,26.18,2.5,0.0
2,2021-11-01 01:41:40,2021-11-01 01:58:48,2.0,2.9,1.0,N,79,162,1,13.5,0.5,0.5,3.46,0.0,0.3,20.76,2.5,0.0
2,2021-11-01 01:12:23,2021-11-01 01:16:55,1.0,1.0,1.0,N,161,164,1,5.5,0.5,0.5,2.79,0.0,0.3,12.09,2.5,0.0
2,2021-11-01 01:25:36,2021-11-01 01:45:14,2.0,6.32,1.0,N,107,198,1,20.5,0.5,0.5,9.26,6.55,0.3,40.11,2.5,0.0
1,2021-11-01 01:14:21,2021-11-01 01:38:31,1.0,13.1,1.0,N,70,89,1,37.5,0.5,0.5,7.75,0.0,0.3,46.55,0.0,0.0
2,2021-11-01 01:05:39,2021-11-01 01:12:16,3.0,1.24,1.0,N,114,107,1,6.5,0.5,0.5,2.06,0.0,0.3,12.36,2.5,0.0
2,2021-11-01 01:13:19,2021-11-01 01:22:52,1.0,3.38,1.0,N,107,141,2,11.5,0.5,0.5,0.0,0.0,0.3,15.3,2.5,0.0
2,2021-11-01 01:41:21,2021-11-01 01:47:06,1.0,1.26,1.0,N,234,100,1,6.5,0.5,0.5,1.0,0.0,0.3,11.3,2.5,0.0
1,2021-11-01 01:04:43,2021-11-01 01:13:44,2.0,1.7,1.0,N,186,50,1,8.5,3.0,0.5,2.46,0.0,0.3,14.76,2.5,0.0
1,2021-11-01 01:26:10,2021-11-01 01:48:15,2.0,5.5,1.0,N,186,255,1,19.5,3.0,0.5,4.65,0.0,0.3,27.95,2.5,0.0
1,2021-11-01 01:59:32,2021-11-01 02:11:24,2.0,5.9,1.0,N,148,263,1,18.0,3.0,0.5,3.2,0.0,0.3,25.0,2.5,0.0
2,2021-11-01 01:03:55,2021-11-01 01:12:22,1.0,1.1,1.0,N,79,249,1,7.5,0.5,0.5,2.83,0.0,0.3,14.13,2.5,0.0
1,2021-11-01 01:24:58,2021-11-01 01:32:10,2.0,1.6,1.0,N,48,239,1,8.0,2.5,0.5,2.0,0.0,0.3,13.3,2.5,0.0
1,2021-11-01 01:43:47,2021-11-01 01:58:42,1.0,9.0,1.0,N,163,243,1,26.0,2.5,0.5,4.0,0.0,0.3,33.3,2.5,0.0
2,2021-11-01 01:03:49,2021-11-01 01:11:18,1.0,4.12,1.0,N,74,140,1,13.5,0.5,0.5,3.46,0.0,0.3,20.76,2.5,0.0
2,2021-11-01 01:21:00,2021-11-01 01:24:55,1.0,0.61,1.0,N,79,79,1,4.5,0.5,0.5,1.66,0.0,0.3,9.96,2.5,0.0
2,2021-11-01 01:26:19,2021-11-01 01:28:39,1.0,0.35,1.0,N,79,79,4,-3.5,-0.5,-0.5,0.0,0.0,-0.3,-7.3,-2.5,0.0
2,2021-11-01 01:26:19,2021-11-01 01:28:39,1.0,0.35,1.0,N,79,79,2,3.5,0.5,0.5,0.0,0.0,0.3,7.3,2.5,0.0
2,2021-11-01 01:30:11,2021-11-01 01:39:12,1.0,1.48,1.0,N,148,158,1,8.5,0.5,0.5,2.46,0.0,0.3,14.76,2.5,0.0
2,2021-11-01 01:45:12,2021-11-01 01:53:14,1.0,1.97,1.0,N,68,231,1,8.0,0.5,0.5,2.36,0.0,0.3,14.16,2.5,0.0
2,2021-11-01 01:15:30,2021-11-01 01:41:52,1.0,15.08,1.0,N,132,129,2,43.0,0.5,0.5,0.0,0.0,0.3,45.55,0.0,1.25
2,2021-11-01 01:35:03,2021-11-01 01:42:14,1.0,1.44,1.0,N,114,186,1,7.5,0.5,0.5,2.26,0.0,0.3,13.56,2.5,0.0
2,2021-11-01 01:47:23,2021-11-01 02:14:35,1.0,6.76,1.0,N,90,152,1,23.5,0.5,0.5,5.46,0.0,0.3,32.76,2.5,0.0
1,2021-11-01 01:34:59,2021-11-01 01:46:51,1.0,3.8,1.0,N,79,237,1,12.5,3.0,0.5,3.25,0.0,0.3,19.55,2.5,0.0
1,2021-11-01 01:51:52,2021-11-01 02:00:42,1.0,1.6,1.0,N,162,143,1,8.0,3.0,0.5,1.0,0.0,0.3,12.8,2.5,0.0
2,2021-11-01 01:14:35,2021-11-01 01:31:16,1.0,6.06,1.0,N,79,7,1,19.0,0.5,0.5,2.0,0.0,0.3,24.8,2.5,0.0
1,2021-11-01 01:07:43,2021-11-01 01:14:59,1.0,2.2,1.0,N,249,87,1,8.5,3.0,0.5,2.45,0.0,0.3,14.75,2.5,0.0
1,2021-11-01 01:25:02,2021-11-01 01:36:09,1.0,3.6,1.0,N,231,181,1,13.0,3.0,0.5,3.35,0.0,0.3,20.15,2.5,0.0
1,2021-11-01 01:55:51,2021-11-01 01:59:09,1.0,0.8,1.0,N,249,114,2,4.5,3.0,0.5,0.0,0.0,0.3,8.3,2.5,0.0
2,2021-11-01 01:23:39,2021-11-01 01:38:37,2.0,3.96,1.0,N,79,17,1,14.5,0.5,0.5,3.66,0.0,0.3,21.96,2.5,0.0
2,2021-11-01 01:43:35,2021-11-01 01:52:41,3.0,2.14,1.0,N,49,188,1,9.5,0.5,0.5,2.16,0.0,0.3,12.96,0.0,0.0
2,2021-11-01 01:29:33,2021-11-01 01:43:21,3.0,3.07,1.0,N,114,163,1,13.0,0.5,0.5,5.04,0.0,0.3,21.84,2.5,0.0
2,2021-11-01 01:53:28,2021-11-01 01:57:42,1.0,0.68,1.0,N,90,68,1,5.0,0.5,0.5,1.76,0.0,0.3,10.56,2.5,0.0
2,2021-11-01 01:00:08,2021-11-01 01:05:16,2.0,1.78,1.0,N,158,68,1,7.0,0.5,0.5,2.0,0.0,0.3,12.8,2.5,0.0
2,2021-11-01 01:09:26,2021-11-01 01:18:08,1.0,2.44,1.0,N,48,238,1,10.0,0.5,0.5,2.76,0.0,0.3,16.56,2.5,0.0
2,2021-11-01 01:33:54,2021-11-01 01:44:20,1.0,2.7,1.0,N,163,140,1,11.0,0.5,0.5,2.96,0.0,0.3,17.76,2.5,0.0
2,2021-11-01 01:50:25,2021-11-01 02:02:55,1.0,7.76,1.0,N,141,243,2,23.0,0.5,0.5,0.0,0.0,0.3,26.8,2.5,0.0
2,2021-11-01 01:00:23,2021-11-01 01:14:13,1.0,3.22,1.0,N,234,87,1,12.5,0.5,0.5,1.0,0.0,0.3,17.3,2.5,0.0
2,2021-11-01 01:02:28,2021-11-01 01:11:29,1.0,1.85,1.0,N,170,246,2,8.5,0.5,0.5,0.0,0.0,0.3,12.3,2.5,0.0
2,2021-11-01 01:13:22,2021-11-01 01:24:01,1.0,2.14,1.0,N,246,113,1,9.5,0.5,0.5,2.0,0.0,0.3,15.3,2.5,0.0
2,2021-11-01 01:35:35,2021-11-01 01:40:42,1.0,1.39,1.0,N,246,246,1,6.5,0.5,0.5,2.06,0.0,0.3,12.36,2.5,0.0
2,2021-11-01 01:54:18,2021-11-01 02:12:33,1.0,7.26,1.0,N,246,116,2,22.0,0.5,0.5,0.0,0.0,0.3,25.8,2.5,0.0
2,2021-11-01 01:10:49,2021-11-01 01:14:21,2.0,0.54,1.0,N,79,114,1,4.5,0.5,0.5,1.66,0.0,0.3,9.96,2.5,0.0
2,2021-11-01 01:17:54,2021-11-01 01:25:32,2.0,1.02,1.0,N,114,148,1,7.0,0.5,0.5,2.16,0.0,0.3,12.96,2.5,0.0
2,2021-11-01 01:29:41,2021-11-01 01:32:11,2.0,0.04,1.0,N,79,79,1,3.5,0.5,0.5,0.73,0.0,0.3,8.03,2.5,0.0
2,2021-11-01 01:52:27,2021-11-01 01:59:20,2.0,1.47,1.0,N,230,229,1,7.0,0.5,0.5,2.16,0.0,0.3,12.96,2.5,0.0
1,2021-11-01 01:06:14,2021-11-01 01:18:19,2.0,3.6,1.0,N,144,140,1,13.0,3.0,0.5,3.36,0.0,0.3,20.16,2.5,0.0
1,2021-11-01 01:32:20,2021-11-01 01:50:05,2.0,5.7,1.0,N,79,37,2,19.5,3.0,0.5,0.0,0.0,0.3,23.3,2.5,0.0
2,2021-11-01 01:33:10,2021-11-01 01:43:53,1.0,2.37,1.0,N,249,161,1,10.5,0.5,0.5,3.58,0.0,0.3,17.88,2.5,0.0
2,2021-11-01 01:08:16,2021-11-01 01:13:36,1.0,0.82,1.0,N,68,164,1,5.5,0.5,0.5,1.86,0.0,0.3,11.16,2.5,0.0
2,2021-11-01 01:16:37,2021-11-01 01:36:43,2.0,16.89,2.0,N,132,170,1,52.0,0.0,0.5,12.62,6.55,0.3,75.72,2.5,1.25
2,2021-11-01 01:04:14,2021-11-01 01:12:47,1.0,2.21,1.0,N,125,261,1,9.0,0.5,0.5,1.0,0.0,0.3,13.8,2.5,0.0
2,2021-11-01 01:28:31,2021-11-01 01:31:20,1.0,0.47,1.0,N,90,90,1,4.0,0.5,0.5,1.56,0.0,0.3,9.36,2.5,0.0
2,2021-11-01 01:35:25,2021-11-01 01:55:08,1.0,7.16,1.0,N,186,168,2,23.5,0.5,0.5,0.0,0.0,0.3,27.3,2.5,0.0
1,2021-11-01 01:35:40,2021-11-01 01:47:16,1.0,1.9,1.0,N,249,45,1,9.5,3.0,0.5,3.3,0.0,0.3,16.6,2.5,0.0
2,2021-11-01 01:11:54,2021-11-01 01:20:53,1.0,2.8,1.0,N,79,140,1,10.0,0.5,0.5,2.76,0.0,0.3,16.56,2.5,0.0
2,2021-11-01 01:37:50,2021-11-01 01:43:39,1.0,1.2,1.0,N,170,68,2,6.0,0.5,0.5,0.0,0.0,0.3,9.8,2.5,0.0
2,2021-11-01 01:48:53,2021-11-01 01:59:08,1.0,2.26,1.0,N,68,100,1,9.5,0.5,0.5,2.66,0.0,0.3,15.96,2.5,0.0
2,2021-11-01 01:55:29,2021-11-01 01:58:41,1.0,0.55,1.0,N,161,230,2,4.0,0.5,0.5,0.0,0.0,0.3,7.8,2.5,0.0
1,2021-11-01 01:21:56,2021-11-01 01:48:57,1.0,19.4,2.0,N,132,231,1,52.0,3.75,0.5,11.3,0.0,0.3,67.85,2.5,1.25
1,2021-11-01 01:58:14,2021-11-01 02:23:57,1.0,5.4,1.0,N,249,225,2,21.0,3.0,0.5,0.0,0.0,0.3,24.8,2.5,0.0
1,2021-11-01 01:11:41,2021-11-01 01:21:54,2.0,2.6,1.0,N,211,164,2,10.0,3.0,0.5,0.0,0.0,0.3,13.8,2.5,0.0
1,2021-11-01 01:25:44,2021-11-01 02:05:41,2.0,12.8,1.0,N,90,80,2,41.0,3.0,0.5,0.0,0.0,0.3,44.8,2.5,0.0
1,2021-11-01 01:30:00,2021-11-01 01:53:08,1.0,19.6,2.0,N,132,236,1,52.0,3.75,0.5,5.0,6.55,0.3,68.1,2.5,1.25
2,2021-11-01 01:04:15,2021-11-01 01:12:07,1.0,3.01,1.0,N,100,13,1,10.0,0.5,0.5,0.0,0.0,0.3,13.8,2.5,0.0
2,2021-11-01 01:04:37,2021-11-01 01:23:26,1.0,3.78,1.0,N,144,48,1,15.5,0.5,0.5,1.0,0.0,0.3,20.3,2.5,0.0
2,2021-11-01 01:31:59,2021-11-01 01:37:51,2.0,1.54,1.0,N,68,249,1,6.5,0.5,0.5,2.06,0.0,0.3,12.36,2.5,0.0
2,2021-11-01 01:08:59,2021-11-01 01:26:24,5.0,4.17,1.0,N,237,166,1,15.0,0.5,0.5,3.76,0.0,0.3,22.56,2.5,0.0
1,2021-11-01 01:28:09,2021-11-01 01:55:26,1.0,19.4,2.0,N,132,41,1,52.0,1.25,0.5,10.0,6.55,0.3,70.6,0.0,1.25
2,2021-11-01 01:42:14,2021-11-01 01:57:10,1.0,5.25,1.0,N,234,7,1,17.0,0.5,0.5,3.12,0.0,0.3,23.92,2.5,0.0
2,2021-11-01 01:27:07,2021-11-01 01:39:21,2.0,5.91,1.0,N,138,135,1,18.0,0.5,0.5,0.0,0.0,0.3,20.55,0.0,1.25
2,2021-11-01 01:27:51,2021-11-01 01:39:31,1.0,3.15,1.0,N,79,255,1,12.0,0.5,0.5,3.16,0.0,0.3,18.96,2.5,0.0
2,2021-11-01 00:55:59,2021-11-01 01:02:15,1.0,1.58,1.0,N,48,90,1,7.0,0.5,0.5,0.0,0.0,0.3,10.8,2.5,0.0
2,2021-11-01 01:21:30,2021-11-01 01:23:27,1.0,0.1,1.0,N,48,48,2,3.0,0.5,0.5,0.0,0.0,0.3,6.8,2.5,0.0
2,2021-11-01 01:50:47,2021-11-01 02:19:38,1.0,7.29,1.0,N,48,223,1,25.0,0.5,0.5,0.0,0.0,0.3,28.8,2.5,0.0
2,2021-11-01 01:27:55,2021-11-01 01:48:04,3.0,3.8,1.0,N,249,141,1,16.5,0.5,0.5,4.06,0.0,0.3,24.36,2.5,0.0
2,2021-11-01 01:52:41,2021-11-01 02:03:27,1.0,2.71,1.0,N,141,90,1,10.5,0.5,0.5,2.86,0.0,0.3,17.16,2.5,0.0
2,2021-11-01 01:09:57,2021-11-01 01:15:30,2.0,2.22,1.0,N,249,48,1,8.0,0.5,0.5,2.36,0.0,0.3,14.16,2.5,0.0
2,2021-11-01 01:48:23,2021-11-01 01:50:47,4.0,0.65,1.0,N,158,158,2,4.0,0.5,0.5,0.0,0.0,0.3,7.8,2.5,0.0
2,2021-11-01 01:19:22,2021-11-01 01:29:04,1.0,6.09,1.0,N,50,244,1,18.0,0.5,0.5,4.36,0.0,0.3,26.16,2.5,0.0
2,2021-11-01 01:08:04,2021-11-01 01:24:30,3.0,5.82,1.0,N,186,74,1,18.0,0.5,0.5,4.36,0.0,0.3,26.16,2.5,0.0
2,2021-11-01 01:56:37,2021-11-01 02:03:06,4.0,0.99,1.0,N,79,114,1,6.0,0.5,0.5,1.96,0.0,0.3,11.76,2.5,0.0
2,2021-11-01 01:24:51,2021-11-01 01:42:06,3.0,5.51,1.0,N,114,146,1,18.0,0.5,0.5,1.5,0.0,0.3,23.3,2.5,0.0
2,2021-11-01 01:26:55,2021-11-01 01:28:53,1.0,0.43,1.0,N,48,48,1,3.5,0.5,0.5,0.0,0.0,0.3,7.3,2.5,0.0
2,2021-11-01 02:00:11,2021-11-01 02:17:33,1.0,5.49,1.0,N,48,116,1,17.5,0.5,0.5,5.32,0.0,0.3,26.62,2.5,0.0
2,2021-11-01 01:06:58,2021-11-01 01:11:55,2.0,1.48,1.0,N,230,239,1,6.5,0.5,0.5,2.06,0.0,0.3,12.36,2.5,0.0
2,2021-11-01 01:31:52,2021-11-01 01:48:52,3.0,3.76,1.0,N,249,142,1,15.0,0.5,0.5,4.7,0.0,0.3,23.5,2.5,0.0
2,2021-11-01 00:59:18,2021-11-01 01:05:58,4.0,1.27,1.0,N,79,211,1,7.0,0.5,0.5,2.16,0.0,0.3,12.96,2.5,0.0
2,2021-11-01 01:10:15,2021-11-01 01:36:05,5.0,10.26,1.0,N,211,244,1,31.5,0.5,0.5,7.06,0.0,0.3,42.36,2.5,0.0
2,2021-11-01 01:51:34,2021-11-01 02:14:07,1.0,6.27,1.0,N,137,260,2,21.5,0.5,0.5,0.0,0.0,0.3,25.3,2.5,0.0
2,2021-11-01 01:23:34,2021-11-01 01:33:57,2.0,2.22,1.0,N,79,186,1,10.0,0.5,0.5,2.76,0.0,0.3,16.56,2.5,0.0
2,2021-11-01 01:21:36,2021-11-01 01:30:33,1.0,1.41,1.0,N,68,249,2,7.5,0.5,0.5,0.0,0.0,0.3,11.3,2.5,0.0
2,2021-11-01 01:31:46,2021-11-01 01:34:54,2.0,0.63,1.0,N,249,234,1,4.5,0.5,0.5,0.0,0.0,0.3,8.3,2.5,0.0
2,2021-11-01 01:40:40,2021-11-01 01:48:22,1.0,1.14,1.0,N,249,79,2,6.5,0.5,0.5,0.0,0.0,0.3,10.3,2.5,0.0
2,2021-11-01 01:48:50,2021-11-01 01:57:26,2.0,1.62,1.0,N,107,211,1,8.0,0.5,0.5,2.36,0.0,0.3,14.16,2.5,0.0
2,2021-11-01 01:17:43,2021-11-01 01:42:14,1.0,6.72,1.0,N,68,179,1,22.5,0.5,0.5,3.7,0.0,0.3,30.0,2.5,0.0
2,2021-11-01 01:59:54,2021-11-01 02:06:54,1.0,2.39,1.0,N,48,158,1,8.5,0.5,0.5,1.5,0.0,0.3,13.8,2.5,0.0
2,2021-11-01 01:06:41,2021-11-01 01:19:43,1.0,3.05,1.0,N,238,229,1,12.5,0.5,0.5,3.26,0.0,0.3,19.56,2.5,0.0
2,2021-11-01 01:20:44,2021-11-01 01:45:23,1.0,19.22,2.0,N,132,114,1,52.0,0.0,0.5,8.0,0.0,0.3,64.55,2.5,1.25
2,2021-11-01 01:49:16,2021-11-01 01:58:41,1.0,3.68,1.0,N,264,264,1,11.5,0.5,0.5,3.06,0.0,0.3,18.36,2.5,0.0
1,2021-11-01 01:38:43,2021-11-01 01:48:41,1.0,1.7,1.0,N,125,79,2,9.0,3.0,0.5,0.0,0.0,0.3,12.8,2.5,0.0
1,2021-11-01 01:59:43,2021-11-01 02:20:05,3.0,6.4,1.0,N,114,24,1,20.0,3.0,0.5,4.75,0.0,0.3,28.55,2.5,0.0
1,2021-11-01 01:18:59,2021-11-01 01:42:43,1.0,9.4,1.0,N,138,48,1,30.0,3.0,0.5,6.75,0.0,0.3,40.55,2.5,0.0
2,2021-11-01 01:15:07,2021-11-01 01:24:26,1.0,4.09,1.0,N,138,92,1,13.0,0.5,0.5,3.11,0.0,0.3,18.66,0.0,1.25
1,2021-11-01 01:29:31,2021-11-01 01:50:33,0.0,7.4,1.0,N,186,198,2,23.5,3.0,0.5,0.0,6.55,0.3,33.85,2.5,0.0
2,2021-11-01 01:00:33,2021-11-01 01:09:07,1.0,1.61,1.0,N,68,158,2,8.0,0.5,0.5,0.0,0.0,0.3,11.8,2.5,0.0
2,2021-11-01 01:34:06,2021-11-01 01:45:12,2.0,2.75,1.0,N,230,239,1,10.5,0.5,0.5,2.86,0.0,0.3,17.16,2.5,0.0
2,2021-11-01 01:15:16,2021-11-01 01:28:28,1.0,8.27,1.0,N,70,137,1,23.0,0.5,0.5,6.92,6.55,0.3,41.52,2.5,1.25
2,2021-11-01 01:37:19,2021-11-01 01:40:21,1.0,1.04,1.0,N,141,229,2,5.0,0.5,0.5,0.0,0.0,0.3,8.8,2.5,0.0
2,2021-11-01 01:30:17,2021-11-01 01:36:13,1.0,0.99,1.0,N,246,246,1,6.0,0.5,0.5,1.96,0.0,0.3,11.76,2.5,0.0
2,2021-11-01 01:41:55,2021-11-01 02:00:18,1.0,4.91,1.0,N,68,263,1,17.0,0.5,0.5,2.0,0.0,0.3,22.8,2.5,0.0
2,2021-11-01 01:00:06,2021-11-01 01:11:15,1.0,2.36,1.0,N,80,68,1,9.5,0.5,0.5,2.16,0.0,0.3,12.96,0.0,0.0
2,2021-11-01 01:51:42,2021-11-01 01:55:36,1.0,0.73,1.0,N,68,186,1,5.0,0.5,0.5,1.76,0.0,0.3,10.56,2.5,0.0
2,2021-11-01 01:56:22,2021-11-01 02:03:41,1.0,2.32,1.0,N,186,237,2,8.5,0.5,0.5,0.0,0.0,0.3,12.3,2.5,0.0
1,2021-11-01 01:24:48,2021-11-01 01:34:01,2.0,2.6,1.0,N,79,229,1,10.0,3.0,0.5,2.75,0.0,0.3,16.55,2.5,0.0
2,2021-11-01 01:09:10,2021-11-01 01:10:48,1.0,0.49,1.0,N,186,164,1,3.5,0.5,0.5,2.0,0.0,0.3,9.3,2.5,0.0
2,2021-11-01 01:24:01,2021-11-01 01:34:59,1.0,2.01,1.0,N,48,143,1,9.5,0.5,0.5,3.99,0.0,0.3,17.29,2.5,0.0
2,2021-11-01 01:38:06,2021-11-01 01:49:33,1.0,2.27,1.0,N,143,237,1,10.5,0.5,0.5,4.29,0.0,0.3,18.59,2.5,0.0
1,2021-11-01 01:15:34,2021-11-01 01:25:24,1.0,3.0,1.0,N,75,147,2,11.5,0.5,0.5,0.0,0.0,0.3,12.8,0.0,0.0
2,2021-11-01 01:24:32,2021-11-01 01:30:41,2.0,1.23,1.0,N,249,144,1,6.0,0.5,0.5,1.96,0.0,0.3,11.76,2.5,0.0
2,2021-11-01 01:43:36,2021-11-01 02:01:45,1.0,4.94,1.0,N,249,238,1,17.0,0.5,0.5,4.16,0.0,0.3,24.96,2.5,0.0
2,2021-11-01 01:15:27,2021-11-01 01:39:18,1.0,14.17,1.0,N,132,7,2,39.5,0.5,0.5,0.0,0.0,0.3,42.05,0.0,1.25
2,2021-11-01 01:12:33,2021-11-01 01:19:13,1.0,0.91,1.0,N,90,107,1,6.5,0.5,0.5,2.06,0.0,0.3,12.36,2.5,0.0
2,2021-11-01 01:20:42,2021-11-01 01:27:48,1.0,2.21,1.0,N,107,232,2,9.0,0.5,0.5,0.0,0.0,0.3,12.8,2.5,0.0
2,2021-11-01 01:34:37,2021-11-01 01:47:13,1.0,4.05,1.0,N,148,141,1,13.5,0.5,0.5,0.0,0.0,0.3,17.3,2.5,0.0
2,2021-11-01 01:03:15,2021-11-01 01:29:03,1.0,10.02,1.0,N,114,116,1,30.5,0.5,0.5,6.86,0.0,0.3,41.16,2.5,0.0
2,2021-11-01 01:16:52,2021-11-01 01:25:13,3.0,4.26,1.0,N,138,95,1,13.5,0.5,0.5,4.01,0.0,0.3,20.06,0.0,1.25
2,2021-11-01 01:34:42,2021-11-01 01:50:29,2.0,5.01,1.0,N,65,68,2,16.5,0.5,0.5,0.0,0.0,0.3,20.3,2.5,0.0
2,2021-11-01 01:53:40,2021-11-01 02:03:32,1.0,6.97,1.0,N,132,28,2,20.0,0.5,0.5,0.0,0.0,0.3,22.55,0.0,1.25
2,2021-11-01 01:44:39,2021-11-01 01:55:27,1.0,3.24,1.0,N,233,146,1,11.5,0.5,0.5,3.06,0.0,0.3,18.36,2.5,0.0
2,2021-11-01 01:13:26,2021-11-01 01:38:42,1.0,28.21,5.0,N,264,265,2,-170.0,0.0,0.0,0.0,-1.91,-0.3,-172.21,0.0,0.0
2,2021-11-01 01:13:26,2021-11-01 01:38:42,1.0,28.21,5.0,N,264,265,2,170.0,0.0,0.0,0.0,1.91,0.3,172.21,0.0,0.0
1,2021-11-01 01:18:19,2021-11-01 01:29:28,0.0,2.3,1.0,N,151,116,2,10.0,0.5,0.5,0.0,0.0,0.3,11.3,0.0,0.0
2,2021-11-01 01:42:23,2021-11-01 01:54:28,3.0,4.96,1.0,N,79,75,1,14.5,0.5,0.5,4.58,0.0,0.3,22.88,2.5,0.0
1,2021-11-01 01:07:15,2021-11-01 01:27:23,1.0,5.0,1.0,N,88,17,1,18.5,3.0,0.5,4.45,0.0,0.3,26.75,2.5,0.0
2,2021-11-01 01:56:10,2021-11-01 02:05:12,2.0,2.14,1.0,N,107,48,1,9.0,0.5,0.5,2.5,0.0,0.3,15.3,2.5,0.0
2,2021-11-01 01:51:11,2021-11-01 02:08:23,1.0,4.21,1.0,N,229,239,1,15.5,0.5,0.5,3.86,0.0,0.3,23.16,2.5,0.0
2,2021-11-01 01:04:49,2021-11-01 01:12:13,1.0,1.96,1.0,N,158,45,1,8.0,0.5,0.5,0.75,0.0,0.3,12.55,2.5,0.0
2,2021-11-01 01:31:19,2021-11-01 01:41:45,1.0,2.64,1.0,N,249,107,1,10.0,0.5,0.5,2.76,0.0,0.3,16.56,2.5,0.0
1,2021-11-01 01:07:33,2021-11-01 01:16:08,1.0,1.9,1.0,N,125,87,1,8.5,3.0,0.5,2.45,0.0,0.3,14.75,2.5,0.0
1,2021-11-01 01:32:07,2021-11-01 01:43:20,1.0,5.6,1.0,N,170,33,1,17.5,3.0,0.5,4.25,0.0,0.3,25.55,2.5,0.0
2,2021-11-01 01:16:48,2021-11-01 01:25:03,1.0,1.77,1.0,N,107,233,1,8.0,0.5,0.5,2.36,0.0,0.3,14.16,2.5,0.0
1,2021-11-01 01:12:52,2021-11-01 01:25:35,1.0,4.0,1.0,N,114,141,1,14.0,3.0,0.5,3.55,0.0,0.3,21.35,2.5,0.0
1,2021-11-01 01:30:42,2021-11-01 01:36:16,1.0,1.0,1.0,N,141,163,1,6.0,3.0,0.5,1.0,0.0,0.3,10.8,2.5,0.0
1,2021-11-01 01:49:14,2021-11-01 01:55:29,1.0,1.3,1.0,N,249,90,1,6.5,3.0,0.5,2.05,0.0,0.3,12.35,2.5,0.0
2,2021-11-01 01:11:39,2021-11-01 01:19:43,2.0,2.58,1.0,N,79,161,1,9.5,0.5,0.5,3.99,0.0,0.3,17.29,2.5,0.0
2,2021-11-01 01:21:03,2021-11-01 01:33:32,1.0,3.72,1.0,N,161,24,1,13.0,0.5,0.5,0.0,0.0,0.3,16.8,2.5,0.0
2,2021-11-01 01:45:33,2021-11-01 01:53:01,4.0,1.65,1.0,N,141,236,1,8.0,0.5,0.5,2.36,0.0,0.3,14.16,2.5,0.0
2,2021-11-01 01:57:47,2021-11-01 02:08:02,1.0,3.3,1.0,N,237,145,1,11.5,0.5,0.5,3.83,0.0,0.3,19.13,2.5,0.0
2,2021-11-01 01:10:33,2021-11-01 01:20:01,2.0,2.73,1.0,N,234,237,1,10.0,0.5,0.5,3.45,0.0,0.3,17.25,2.5,0.0
2,2021-11-01 01:44:23,2021-11-01 01:57:24,2.0,2.96,1.0,N,249,48,1,12.0,0.5,0.5,3.16,0.0,0.3,18.96,2.5,0.0
2,2021-11-01 01:58:12,2021-11-01 02:03:56,2.0,1.5,1.0,N,48,68,1,6.5,0.5,0.5,2.06,0.0,0.3,12.36,2.5,0.0
2,2021-11-01 01:06:17,2021-11-01 01:23:33,4.0,2.25,1.0,N,239,141,1,13.0,0.5,0.5,4.2,0.0,0.3,21.0,2.5,0.0
2,2021-11-01 01:24:27,2021-11-01 01:32:47,1.0,1.99,1.0,N,166,75,1,8.5,0.5,0.5,1.96,0.0,0.3,11.76,0.0,0.0
2,2021-11-01 01:46:40,2021-11-01 01:54:50,1.0,2.06,1.0,N,163,186,2,8.5,0.5,0.5,0.0,0.0,0.3,12.3,2.5,0.0
2,2021-11-01 01:57:22,2021-11-01 02:02:47,1.0,1.3,1.0,N,186,50,1,6.5,0.5,0.5,3.09,0.0,0.3,13.39,2.5,0.0
2,2021-11-01 01:54:40,2021-11-01 02:04:02,2.0,1.66,1.0,N,79,164,1,8.5,0.5,0.5,2.46,0.0,0.3,14.76,2.5,0.0
1,2021-11-01 01:04:02,2021-11-01 01:14:08,3.0,2.1,1.0,N,249,246,1,9.5,3.0,0.5,1.0,0.0,0.3,14.3,2.5,0.0
1,2021-11-01 01:16:07,2021-11-01 01:25:17,0.0,1.6,1.0,N,246,158,2,8.0,3.0,0.5,0.0,0.0,0.3,11.8,2.5,0.0
1,2021-11-01 01:34:09,2021-11-01 01:56:26,1.0,6.3,1.0,N,249,89,1,21.0,3.0,0.5,4.95,0.0,0.3,29.75,2.5,0.0
1,2021-11-01 01:13:39,2021-11-01 01:14:37,1.0,1.0,1.0,N,186,264,3,3.0,3.0,0.5,0.0,0.0,0.3,6.8,2.5,0.0
1,2021-11-01 01:26:34,2021-11-01 01:44:44,1.0,5.1,1.0,N,264,264,1,18.0,0.5,0.5,10.0,0.0,0.3,29.3,0.0,0.0
1,2021-11-01 01:17:45,2021-11-01 01:23:40,1.0,1.4,1.0,N,113,164,1,6.5,3.0,0.5,2.05,0.0,0.3,12.35,2.5,0.0
1,2021-11-01 01:31:06,2021-11-01 01:33:47,2.0,1.0,1.0,N,68,230,1,5.0,3.0,0.5,1.75,0.0,0.3,10.55,2.5,0.0
1,2021-11-01 01:36:39,2021-11-01 01:51:48,1.0,3.4,1.0,N,142,41,1,14.0,3.0,0.5,0.0,0.0,0.3,17.8,2.5,0.0
2,2021-11-01 01:09:26,2021-11-01 01:28:58,1.0,7.61,1.0,N,164,116,1,24.0,0.5,0.5,5.56,0.0,0.3,33.36,2.5,0.0
2,2021-11-01 01:57:43,2021-11-01 02:16:33,1.0,5.51,1.0,N,48,7,2,18.5,0.5,0.5,0.0,0.0,0.3,22.3,2.5,0.0
2,2021-11-01 01:13:42,2021-11-01 01:37:55,1.0,11.41,1.0,N,138,50,2,33.0,0.5,0.5,0.0,6.55,0.3,44.6,2.5,1.25
2,2021-11-01 01:43:31,2021-11-01 01:45:53,1.0,0.48,1.0,N,239,239,2,4.0,0.5,0.5,0.0,0.0,0.3,7.8,2.5,0.0
2,2021-11-01 01:11:22,2021-11-01 01:21:32,2.0,2.0,1.0,N,144,90,1,9.0,0.5,0.5,2.56,0.0,0.3,15.36,2.5,0.0
2,2021-11-01 01:32:42,2021-11-01 01:38:10,2.0,1.34,1.0,N,144,113,1,6.0,0.5,0.5,2.0,0.0,0.3,11.8,2.5,0.0
2,2021-11-01 01:06:33,2021-11-01 01:30:19,1.0,4.26,1.0,N,246,151,1,19.0,0.5,0.5,5.7,0.0,0.3,28.5,2.5,0.0
2,2021-11-01 01:50:50,2021-11-01 02:00:38,1.0,2.08,1.0,N,246,107,1,9.5,0.5,0.5,2.66,0.0,0.3,15.96,2.5,0.0
2,2021-11-01 01:32:01,2021-11-01 01:48:54,6.0,4.51,1.0,N,90,262,1,16.5,0.5,0.5,4.06,0.0,0.3,24.36,2.5,0.0
2,2021-11-01 01:37:48,2021-11-01 01:47:50,1.0,1.82,1.0,N,164,249,1,8.5,0.5,0.5,2.46,0.0,0.3,14.76,2.5,0.0
2,2021-11-01 01:51:57,2021-11-01 02:05:37,1.0,3.19,1.0,N,249,48,1,12.5,0.5,0.5,4.08,0.0,0.3,20.38,2.5,0.0
2,2021-11-01 01:03:19,2021-11-01 01:06:43,6.0,0.9,1.0,N,170,229,1,5.0,0.5,0.5,1.76,0.0,0.3,10.56,2.5,0.0
2,2021-11-01 01:09:04,2021-11-01 01:15:32,6.0,0.51,1.0,N,229,161,1,6.0,0.5,0.5,0.01,0.0,0.3,9.81,2.5,0.0
2,2021-11-01 01:24:36,2021-11-01 01:34:59,6.0,2.42,1.0,N,230,237,1,10.0,0.5,0.5,2.76,0.0,0.3,16.56,2.5,0.0
2,2021-11-01 01:50:09,2021-11-01 02:02:18,6.0,2.97,1.0,N,100,238,1,11.5,0.5,0.5,3.88,0.0,0.3,19.18,2.5,0.0
1,2021-11-01 01:10:02,2021-11-01 01:14:38,3.0,0.9,1.0,N,234,170,1,5.5,3.0,0.5,1.85,0.0,0.3,11.15,2.5,0.0
1,2021-11-01 01:17:27,2021-11-01 01:29:57,1.0,4.4,1.0,N,170,7,1,15.0,3.0,0.5,1.0,0.0,0.3,19.8,2.5,0.0
2,2021-11-01 01:22:27,2021-11-01 01:52:58,1.0,18.24,2.0,N,132,48,1,52.0,0.0,0.5,12.62,6.55,0.3,75.72,2.5,1.25
2,2021-11-01 01:18:36,2021-11-01 01:25:42,1.0,1.94,1.0,N,164,48,1,8.0,0.5,0.5,2.36,0.0,0.3,14.16,2.5,0.0
2,2021-11-01 01:35:19,2021-11-01 01:51:53,1.0,6.97,1.0,N,163,116,2,21.5,0.5,0.5,0.0,0.0,0.3,25.3,2.5,0.0
1,2021-11-01 01:02:26,2021-11-01 01:11:11,1.0,2.7,1.0,N,48,238,1,10.0,3.0,0.5,2.0,0.0,0.3,15.8,2.5,0.0
1,2021-11-01 01:22:36,2021-11-01 01:33:36,1.0,2.6,1.0,N,48,107,1,10.5,3.0,0.5,1.0,0.0,0.3,15.3,2.5,0.0
1,2021-11-01 01:37:46,2021-11-01 01:51:10,1.0,3.5,1.0,N,79,230,1,12.5,3.0,0.5,2.45,0.0,0.3,18.75,2.5,0.0
1,2021-11-01 01:57:08,2021-11-01 02:01:35,1.0,1.1,1.0,N,100,90,1,5.5,3.0,0.5,1.4,0.0,0.3,10.7,2.5,0.0
2,2021-11-01 01:00:23,2021-11-01 01:05:57,1.0,1.32,1.0,N,48,186,1,6.5,0.5,0.5,0.0,0.0,0.3,10.3,2.5,0.0
2,2021-11-01 01:12:20,2021-11-01 01:48:23,1.0,14.73,1.0,N,230,123,2,42.5,0.5,0.5,0.0,6.55,0.3,52.85,2.5,0.0
1,2021-11-01 01:12:19,2021-11-01 01:27:11,1.0,4.8,1.0,Y,186,7,3,16.0,3.0,0.5,0.0,0.0,0.3,19.8,2.5,0.0
2,2021-11-01 01:11:35,2021-11-01 01:18:44,6.0,1.55,1.0,N,186,48,1,7.5,0.5,0.5,2.26,0.0,0.3,13.56,2.5,0.0
2,2021-11-01 01:39:07,2021-11-01 01:39:12,2.0,0.0,5.0,N,143,143,1,10.0,0.0,0.5,2.16,0.0,0.3,12.96,0.0,0.0
2,2021-11-01 01:35:44,2021-11-01 01:39:44,1.0,1.28,1.0,N,146,179,1,6.0,0.5,0.5,2.19,0.0,0.3,9.49,0.0,0.0
2,2021-11-01 01:06:56,2021-11-01 01:16:25,1.0,2.0,1.0,N,61,225,2,9.0,0.5,0.5,0.0,0.0,0.3,10.3,0.0,0.0
1,2021-11-01 01:12:38,2021-11-01 01:26:26,3.0,2.9,1.0,N,239,68,1,12.0,3.0,0.5,3.95,0.0,0.3,19.75,2.5,0.0
1,2021-11-01 01:30:43,2021-11-01 02:07:02,2.0,8.1,1.0,N,68,49,1,30.0,3.0,0.5,5.41,0.0,0.3,39.21,2.5,0.0
1,2021-11-01 01:20:53,2021-11-01 01:32:34,3.0,2.0,1.0,N,90,79,1,10.0,3.0,0.5,1.0,0.0,0.3,14.8,2.5,0.0
1,2021-11-01 01:56:55,2021-11-01 02:06:49,3.0,2.6,1.0,N,249,48,1,10.0,3.0,0.5,2.07,0.0,0.3,15.87,2.5,0.0
2,2021-11-01 01:28:28,2021-11-01 01:31:27,2.0,0.91,1.0,N,141,229,1,4.5,0.5,0.5,2.49,0.0,0.3,10.79,2.5,0.0
2,2021-11-01 01:41:51,2021-11-01 02:00:38,2.0,5.57,1.0,N,170,166,1,18.5,0.5,0.5,4.46,0.0,0.3,26.76,2.5,0.0
2,2021-11-01 01:22:45,2021-11-01 01:46:08,1.0,6.97,1.0,N,249,7,1,23.0,0.5,0.5,5.36,0.0,0.3,32.16,2.5,0.0
2,2021-11-01 01:56:21,2021-11-01 02:12:00,1.0,5.59,1.0,N,146,138,1,19.0,0.5,0.5,0.0,0.0,0.3,20.3,0.0,0.0
2,2021-11-01 01:30:22,2021-11-01 01:48:47,1.0,8.28,1.0,N,230,119,2,25.0,0.5,0.5,0.0,0.0,0.3,28.8,2.5,0.0
2,2021-11-01 01:01:53,2021-11-01 01:14:26,5.0,4.18,1.0,N,141,152,2,13.5,0.5,0.5,0.0,0.0,0.3,17.3,2.5,0.0
2,2021-11-01 01:18:37,2021-11-01 01:35:47,1.0,4.58,1.0,N,246,263,2,16.0,0.5,0.5,0.0,0.0,0.3,19.8,2.5,0.0
1,2021-11-01 01:10:02,2021-11-01 01:19:02,1.0,2.0,1.0,N,79,88,2,9.0,3.0,0.5,0.0,0.0,0.3,12.8,2.5,0.0
1,2021-11-01 01:29:24,2021-11-01 01:43:00,1.0,3.7,1.0,N,125,181,1,14.0,3.0,0.5,3.55,0.0,0.3,21.35,2.5,0.0
2,2021-11-01 01:07:38,2021-11-01 01:07:53,1.0,0.0,1.0,N,140,140,1,2.5,0.5,0.5,6.0,0.0,0.3,12.3,2.5,0.0
2,2021-11-01 01:22:57,2021-11-01 01:31:13,1.0,1.47,1.0,N,230,137,1,7.5,0.5,0.5,2.26,0.0,0.3,13.56,2.5,0.0
2,2021-11-01 01:47:01,2021-11-01 02:09:21,1.0,5.39,1.0,N,114,263,1,19.0,0.5,0.5,4.56,0.0,0.3,27.36,2.5,0.0
2,2021-11-01 01:46:11,2021-11-01 02:05:16,1.0,6.82,1.0,N,249,41,1,21.5,0.5,0.5,5.06,0.0,0.3,30.36,2.5,0.0
2,2021-11-01 01:22:38,2021-11-01 01:37:30,1.0,5.17,1.0,N,249,151,1,16.0,0.5,0.5,3.96,0.0,0.3,23.76,2.5,0.0
1,2021-11-01 01:08:51,2021-11-01 01:14:13,2.0,1.3,1.0,N,249,186,1,6.5,3.0,0.5,2.05,0.0,0.3,12.35,2.5,0.0
1,2021-11-01 01:18:18,2021-11-01 01:23:56,1.0,1.4,1.0,N,48,234,1,6.5,3.0,0.5,2.05,0.0,0.3,12.35,2.5,0.0
1,2021-11-01 01:31:34,2021-11-01 01:42:03,3.0,2.2,1.0,N,249,100,1,9.5,3.0,0.5,2.65,0.0,0.3,15.95,2.5,0.0
1,2021-11-01 01:46:20,2021-11-01 01:53:14,1.0,2.0,1.0,N,48,239,2,8.0,3.0,0.5,0.0,0.0,0.3,11.8,2.5,0.0
2,2021-11-01 01:01:56,2021-11-01 01:15:57,1.0,4.96,1.0,N,137,41,2,15.5,0.5,0.5,0.0,0.0,0.3,19.3,2.5,0.0
2,2021-11-01 01:22:24,2021-11-01 01:24:16,1.0,0.51,1.0,N,151,238,1,4.0,0.5,0.5,1.06,0.0,0.3,6.36,0.0,0.0
2,2021-11-01 01:31:05,2021-11-01 01:31:45,1.0,0.22,1.0,N,142,143,2,3.0,0.5,0.5,0.0,0.0,0.3,6.8,2.5,0.0
2,2021-11-01 01:41:29,2021-11-01 02:18:12,1.0,11.46,1.0,N,68,173,1,37.0,0.5,0.5,1.0,0.0,0.3,41.8,2.5,0.0
2,2021-11-01 01:39:22,2021-11-01 01:42:17,2.0,1.05,1.0,N,229,170,1,5.0,0.5,0.5,0.0,0.0,0.3,8.8,2.5,0.0
2,2021-11-01 01:41:11,2021-11-01 02:08:25,1.0,14.86,1.0,N,132,226,2,42.5,0.5,0.5,0.0,0.0,0.3,45.05,0.0,1.25
2,2021-11-01 01:03:04,2021-11-01 01:14:27,1.0,3.92,1.0,N,79,263,1,12.5,0.5,0.5,3.26,0.0,0.3,19.56,2.5,0.0
2,2021-11-01 01:18:58,2021-11-01 01:32:19,1.0,3.01,1.0,N,141,7,1,11.5,0.5,0.5,0.0,0.0,0.3,15.3,2.5,0.0
2,2021-11-01 00:59:00,2021-11-01 01:21:24,1.0,11.34,1.0,N,164,133,1,33.0,0.5,0.5,5.0,0.0,0.3,41.8,2.5,0.0
2,2021-11-01 01:47:29,2021-11-01 02:02:29,6.0,5.97,1.0,N,107,83,1,18.5,0.5,0.5,5.77,6.55,0.3,34.62,2.5,0.0
2,2021-11-01 01:27:03,2021-11-01 01:30:12,1.0,1.05,1.0,N,137,224,1,5.0,0.5,0.5,1.76,0.0,0.3,10.56,2.5,0.0
2,2021-11-01 01:52:00,2021-11-01 01:53:04,1.0,0.09,1.0,N,79,148,3,-3.0,-0.5,-0.5,0.0,0.0,-0.3,-6.8,-2.5,0.0
2,2021-11-01 01:52:00,2021-11-01 01:53:04,1.0,0.09,1.0,N,79,148,2,3.0,0.5,0.5,0.0,0.0,0.3,6.8,2.5,0.0
2,2021-11-01 01:54:54,2021-11-01 01:54:59,1.0,0.0,5.0,N,148,148,1,35.0,0.0,0.0,0.0,0.0,0.3,35.3,0.0,0.0
2,2021-11-01 01:06:03,2021-11-01 01:24:28,1.0,4.2,1.0,N,229,74,1,16.0,0.5,0.5,3.0,0.0,0.3,22.8,2.5,0.0
1,2021-11-01 01:14:38,2021-11-01 01:38:15,1.0,1.3,1.0,N,144,148,2,14.5,3.0,0.5,0.0,0.0,0.3,18.3,2.5,0.0
1,2021-11-01 01:43:48,2021-11-01 01:49:28,1.0,1.1,1.0,N,79,114,2,6.0,3.0,0.5,0.0,0.0,0.3,9.8,2.5,0.0
1,2021-11-01 01:52:09,2021-11-01 02:12:30,1.0,0.1,1.0,N,114,114,2,5.0,3.0,0.5,0.0,0.0,0.3,8.8,2.5,0.0
1,2021-11-01 01:35:35,2021-11-01 01:46:58,1.0,2.5,1.0,N,114,230,1,10.5,3.0,0.5,4.0,0.0,0.3,18.3,2.5,0.0
2,2021-11-01 01:58:40,2021-11-01 01:58:44,1.0,0.0,5.0,N,265,265,1,61.0,0.0,0.0,0.0,0.0,0.3,61.3,0.0,0.0
2,2021-11-01 01:28:35,2021-11-01 01:41:45,1.0,3.83,1.0,N,246,141,1,13.5,0.5,0.5,3.46,0.0,0.3,20.76,2.5,0.0
2,2021-11-01 01:50:23,2021-11-01 02:03:30,1.0,2.57,1.0,N,236,48,1,12.0,0.5,0.5,2.0,0.0,0.3,17.8,2.5,0.0
1,2021-11-01 01:08:25,2021-11-01 01:08:48,1.0,0.0,1.0,N,249,249,1,2.5,3.0,0.5,55.0,0.0,0.3,61.3,2.5,0.0
1,2021-11-01 01:38:13,2021-11-01 01:49:19,3.0,2.9,1.0,N,148,162,1,11.5,3.0,0.5,3.05,0.0,0.3,18.35,2.5,0.0
1,2021-11-01 01:52:02,2021-11-01 02:11:20,1.0,6.9,1.0,N,162,247,2,23.0,3.0,0.5,0.0,0.0,0.3,26.8,2.5,0.0
2,2021-11-01 01:18:25,2021-11-01 01:38:52,1.0,6.88,1.0,N,48,42,2,23.0,0.5,0.5,0.0,0.0,0.3,26.8,2.5,0.0
2,2021-11-01 01:13:49,2021-11-01 01:17:30,1.0,1.61,1.0,N,239,166,1,6.5,0.5,0.5,2.58,0.0,0.3,12.88,2.5,0.0
2,2021-11-01 01:34:22,2021-11-01 01:38:36,1.0,1.32,1.0,N,48,68,2,6.0,0.5,0.5,0.0,0.0,0.3,9.8,2.5,0.0
2,2021-11-01 01:42:14,2021-11-01 01:46:28,1.0,0.69,1.0,N,90,234,2,5.0,0.5,0.5,0.0,0.0,0.3,8.8,2.5,0.0
2,2021-11-01 01:50:57,2021-11-01 01:58:01,1.0,1.3,1.0,N,107,114,1,7.0,0.5,0.5,2.7,0.0,0.3,13.5,2.5,0.0
2,2021-11-01 01:48:01,2021-11-01 01:55:56,1.0,1.05,1.0,N,161,186,1,7.0,0.5,0.5,3.24,0.0,0.3,14.04,2.5,0.0
1,2021-11-01 01:21:25,2021-11-01 01:31:41,1.0,2.6,1.0,N,186,142,1,10.0,3.0,0.5,2.75,0.0,0.3,16.55,2.5,0.0
1,2021-11-01 01:38:39,2021-11-01 01:46:24,1.0,2.3,1.0,N,48,238,1,9.0,3.0,0.5,2.55,0.0,0.3,15.35,2.5,0.0
1,2021-11-01 01:58:42,2021-11-01 02:03:59,1.0,1.3,1.0,N,48,246,1,6.0,3.0,0.5,1.0,0.0,0.3,10.8,2.5,0.0
2,2021-11-01 01:20:39,2021-11-01 01:36:43,1.0,4.91,1.0,N,137,226,1,17.0,0.5,0.5,4.16,0.0,0.3,24.96,2.5,0.0
1,2021-11-01 01:24:15,2021-11-01 01:31:37,1.0,1.4,1.0,N,100,246,2,7.0,3.0,0.5,0.0,0.0,0.3,10.8,2.5,0.0
1,2021-11-01 01:36:37,2021-11-01 01:51:01,1.0,3.6,1.0,N,68,141,1,13.5,3.0,0.5,3.45,0.0,0.3,20.75,2.5,0.0
2,2021-11-01 01:18:02,2021-11-01 01:39:43,1.0,10.08,1.0,N,138,239,1,29.5,0.5,0.5,8.22,6.55,0.3,49.32,2.5,1.25
1,2021-11-01 01:55:31,2021-11-01 02:05:20,2.0,2.3,1.0,N,79,87,1,9.5,3.0,0.5,2.65,0.0,0.3,15.95,2.5,0.0
2,2021-11-01 01:48:14,2021-11-01 02:00:39,5.0,1.83,1.0,N,68,68,1,10.0,0.5,0.5,2.76,0.0,0.3,16.56,2.5,0.0
2,2021-11-01 01:05:01,2021-11-01 01:21:20,2.0,3.97,1.0,N,249,80,2,15.5,0.5,0.5,0.0,0.0,0.3,19.3,2.5,0.0
2,2021-11-01 01:36:44,2021-11-01 01:43:59,2.0,1.56,1.0,N,114,79,1,7.0,0.5,0.5,2.16,0.0,0.3,12.96,2.5,0.0
2,2021-11-01 01:47:13,2021-11-01 02:01:49,2.0,5.9,1.0,N,79,75,1,19.0,0.5,0.5,4.56,0.0,0.3,27.36,2.5,0.0
2,2021-11-01 01:07:06,2021-11-01 01:17:21,2.0,2.08,1.0,N,79,170,1,9.0,0.5,0.5,0.15,0.0,0.3,12.95,2.5,0.0
2,2021-11-01 01:29:34,2021-11-01 01:40:46,1.0,3.01,1.0,N,145,260,1,11.5,0.5,0.5,12.0,0.0,0.3,24.8,0.0,0.0
2,2021-11-01 01:30:42,2021-11-01 01:55:05,1.0,5.93,1.0,N,158,112,1,21.5,0.5,0.5,5.06,0.0,0.3,30.36,2.5,0.0
2,2021-11-01 01:17:01,2021-11-01 01:40:29,1.0,5.45,1.0,N,113,75,1,20.5,0.5,0.5,0.0,0.0,0.3,24.3,2.5,0.0
1,2021-11-01 01:09:42,2021-11-01 01:20:13,1.0,1.6,1.0,N,87,125,1,9.0,3.0,0.5,1.0,0.0,0.3,13.8,2.5,0.0
1,2021-11-01 01:32:17,2021-11-01 01:36:39,1.0,1.3,1.0,N,246,50,1,6.0,3.0,0.5,2.45,0.0,0.3,12.25,2.5,0.0
1,2021-11-01 01:47:43,2021-11-01 01:54:03,1.0,1.4,1.0,N,246,48,1,7.0,3.0,0.5,1.0,0.0,0.3,11.8,2.5,0.0
2,2021-11-01 01:46:56,2021-11-01 01:50:41,1.0,0.49,1.0,N,186,100,4,-4.5,-0.5,-0.5,0.0,0.0,-0.3,-8.3,-2.5,0.0
2,2021-11-01 01:46:56,2021-11-01 01:50:41,1.0,0.49,1.0,N,186,48,2,4.5,0.5,0.5,0.0,0.0,0.3,8.3,2.5,0.0
2,2021-11-01 01:56:34,2021-11-01 01:58:05,2.0,0.38,1.0,N,186,48,2,3.5,0.5,0.5,0.0,0.0,0.3,7.3,2.5,0.0
2,2021-11-01 01:03:54,2021-11-01 01:16:55,2.0,3.02,1.0,N,158,162,1,11.5,0.5,0.5,0.0,0.0,0.3,15.3,2.5,0.0
2,2021-11-01 01:49:45,2021-11-01 01:55:30,1.0,1.56,1.0,N,113,100,1,7.0,0.5,0.5,2.16,0.0,0.3,12.96,2.5,0.0
1,2021-11-01 01:10:19,2021-11-01 01:31:09,1.0,6.3,1.0,N,162,152,1,22.0,3.0,0.5,5.15,0.0,0.3,30.95,2.5,0.0
1,2021-11-01 01:23:11,2021-11-01 01:39:35,1.0,4.9,1.0,N,90,75,2,16.0,3.0,0.5,0.0,0.0,0.3,19.8,2.5,0.0
1,2021-11-01 01:48:54,2021-11-01 01:51:50,1.0,1.1,1.0,N,141,229,1,5.0,3.0,0.5,1.75,0.0,0.3,10.55,2.5,0.0
2,2021-11-01 01:03:09,2021-11-01 01:11:35,1.0,2.08,1.0,N,113,87,1,8.5,0.5,0.5,2.46,0.0,0.3,14.76,2.5,0.0
2,2021-11-01 01:23:33,2021-11-01 01:39:30,1.0,4.53,1.0,N,114,141,1,15.5,0.5,0.5,3.86,0.0,0.3,23.16,2.5,0.0
1,2021-11-01 01:27:36,2021-11-01 01:45:50,1.0,5.7,1.0,N,249,146,1,19.0,3.0,0.5,4.55,0.0,0.3,27.35,2.5,0.0
2,2021-11-01 01:08:20,2021-11-01 01:18:35,1.0,3.21,1.0,N,107,236,1,11.5,0.5,0.5,4.59,0.0,0.3,19.89,2.5,0.0
2,2021-11-01 01:26:59,2021-11-01 01:49:14,1.0,5.2,1.0,N,186,141,1,18.0,0.5,0.5,4.36,0.0,0.3,26.16,2.5,0.0
2,2021-11-01 01:59:54,2021-11-01 02:11:38,1.0,1.67,1.0,N,141,230,1,10.0,0.5,0.5,5.0,0.0,0.3,18.8,2.5,0.0
1,2021-11-01 01:21:12,2021-11-01 01:29:24,2.0,1.3,1.0,N,79,125,1,7.5,3.0,0.5,2.25,0.0,0.3,13.55,2.5,0.0
2,2021-11-01 01:27:58,2021-11-01 01:50:08,1.0,6.99,1.0,N,114,166,1,23.5,0.5,0.5,6.82,0.0,0.3,34.12,2.5,0.0
2,2021-11-01 01:47:33,2021-11-01 01:55:09,3.0,2.57,1.0,N,79,107,1,9.5,0.5,0.5,0.0,0.0,0.3,13.3,2.5,0.0
1,2021-11-01 01:32:24,2021-11-01 01:45:20,3.0,4.5,1.0,N,79,263,1,14.5,3.0,0.5,3.65,0.0,0.3,21.95,2.5,0.0
1,2021-11-01 01:46:44,2021-11-01 01:54:06,1.0,1.7,1.0,N,263,24,1,8.0,3.0,0.5,2.35,0.0,0.3,14.15,2.5,0.0
2,2021-11-01 01:05:00,2021-11-01 01:30:24,1.0,5.0,1.0,N,249,225,1,20.5,0.5,0.5,5.0,0.0,0.3,29.3,2.5,0.0
2,2021-11-01 01:32:23,2021-11-01 01:34:19,1.0,0.34,1.0,N,225,225,2,3.5,0.5,0.5,0.0,0.0,0.3,4.8,0.0,0.0
2,2021-11-01 01:41:21,2021-11-01 01:52:47,1.0,2.2,1.0,N,225,198,2,9.5,0.5,0.5,0.0,0.0,0.3,10.8,0.0,0.0
2,2021-11-01 00:59:48,2021-11-01 01:24:48,1.0,18.67,2.0,N,132,113,1,52.0,0.0,0.5,12.62,6.55,0.3,75.72,2.5,1.25
2,2021-11-01 01:10:13,2021-11-01 01:14:33,1.0,1.06,1.0,N,142,141,1,5.5,0.5,0.5,1.86,0.0,0.3,11.16,2.5,0.0
2,2021-11-01 01:17:55,2021-11-01 01:24:30,1.0,0.75,1.0,N,48,230,1,6.0,0.5,0.5,1.96,0.0,0.3,11.76,2.5,0.0
2,2021-11-01 01:27:19,2021-11-01 01:36:20,1.0,2.11,1.0,N,230,249,2,8.5,0.5,0.5,0.0,0.0,0.3,12.3,2.5,0.0
2,2021-11-01 01:07:01,2021-11-01 01:18:41,1.0,2.66,1.0,N,48,79,2,11.0,0.5,0.5,0.0,0.0,0.3,14.8,2.5,0.0
2,2021-11-01 01:31:38,2021-11-01 01:35:47,1.0,0.73,1.0,N,79,144,2,5.0,0.5,0.5,0.0,0.0,0.3,8.8,2.5,0.0
2,2021-11-01 01:04:44,2021-11-01 01:27:28,1.0,4.45,1.0,N,186,262,1,18.5,0.5,0.5,4.46,0.0,0.3,26.76,2.5,0.0
2,2021-11-01 01:32:13,2021-11-01 01:37:03,1.0,2.31,1.0,N,141,146,2,-8.0,-0.5,-0.5,0.0,0.0,-0.3,-11.8,-2.5,0.0
2,2021-11-01 01:32:13,2021-11-01 01:37:03,1.0,2.31,1.0,N,141,226,2,8.0,0.5,0.5,0.0,0.0,0.3,11.8,2.5,0.0
2,2021-11-01 01:02:06,2021-11-01 01:16:51,2.0,7.12,1.0,N,48,244,1,22.5,0.5,0.5,5.26,0.0,0.3,31.56,2.5,0.0
1,2021-11-01 01:24:42,2021-11-01 01:51:46,1.0,7.9,1.0,Y,79,166,1,26.5,3.0,0.5,5.0,0.0,0.3,35.3,2.5,0.0
1,2021-11-01 01:18:59,2021-11-01 01:25:37,1.0,1.1,1.0,N,97,49,1,6.5,0.5,0.5,1.95,0.0,0.3,9.75,0.0,0.0
2,2021-11-01 01:30:42,2021-11-01 01:54:37,2.0,10.18,1.0,N,79,89,1,30.0,0.5,0.5,8.45,0.0,0.3,42.25,2.5,0.0
2,2021-10-31 20:15:53,2021-11-01 19:24:35,2.0,2.32,1.0,N,158,87,1,8.5,0.5,0.5,2.46,0.0,0.3,14.76,2.5,0.0
2,2021-11-01 01:09:13,2021-11-01 01:44:34,1.0,12.44,1.0,N,163,61,2,38.0,0.5,0.5,0.0,0.0,0.3,41.8,2.5,0.0
2,2021-11-01 01:17:56,2021-11-01 01:35:49,1.0,4.3,1.0,N,162,151,1,16.0,0.5,0.5,3.96,0.0,0.3,23.76,2.5,0.0
2,2021-11-01 01:01:53,2021-11-01 01:24:19,1.0,9.41,1.0,N,249,116,1,29.0,0.5,0.5,6.56,0.0,0.3,39.36,2.5,0.0
2,2021-11-01 01:45:09,2021-11-01 01:47:31,1.0,0.68,1.0,N,263,141,1,4.0,0.5,0.5,1.56,0.0,0.3,9.36,2.5,0.0
2,2021-11-01 01:39:38,2021-11-01 01:51:28,1.0,2.72,1.0,N,79,48,2,11.0,0.5,0.5,0.0,0.0,0.3,14.8,2.5,0.0
2,2021-11-01 01:45:37,2021-11-01 01:54:03,2.0,2.41,1.0,N,79,162,1,9.5,0.5,0.5,2.66,0.0,0.3,15.96,2.5,0.0
2,2021-11-01 01:49:01,2021-11-01 01:56:08,1.0,1.23,1.0,N,100,161,2,7.0,0.5,0.5,0.0,0.0,0.3,10.8,2.5,0.0
1,2021-11-01 01:03:49,2021-11-01 01:11:08,1.0,2.5,1.0,N,74,238,1,9.0,0.5,0.5,2.05,0.0,0.3,12.35,0.0,0.0
2,2021-11-01 01:08:11,2021-11-01 01:15:48,2.0,0.7,1.0,N,68,186,2,5.5,0.5,0.5,0.0,0.0,0.3,9.3,2.5,0.0
2,2021-11-01 01:20:16,2021-11-01 01:21:46,1.0,0.42,1.0,N,186,90,1,3.5,0.5,0.5,0.0,0.0,0.3,7.3,2.5,0.0
2,2021-11-01 01:24:01,2021-11-01 01:29:24,1.0,1.46,1.0,N,90,48,1,6.5,0.5,0.5,1.5,0.0,0.3,11.8,2.5,0.0
2,2021-11-01 01:39:29,2021-11-01 01:45:11,1.0,1.55,1.0,N,246,48,1,7.0,0.5,0.5,2.16,0.0,0.3,12.96,2.5,0.0
2,2021-11-01 01:56:36,2021-11-01 02:15:21,1.0,4.93,1.0,N,68,263,1,17.0,0.5,0.5,3.5,0.0,0.3,24.3,2.5,0.0
2,2021-11-01 01:46:59,2021-11-01 02:04:18,1.0,8.24,1.0,N,70,236,1,24.0,0.5,0.5,8.59,6.55,0.3,42.94,2.5,0.0
1,2021-11-01 01:21:25,2021-11-01 01:30:55,0.0,0.0,1.0,N,234,48,1,8.0,3.0,0.5,2.0,0.0,0.3,13.8,2.5,0.0
1,2021-11-01 01:34:53,2021-11-01 01:50:48,0.0,0.0,1.0,N,230,244,1,20.0,3.0,0.5,5.95,0.0,0.3,29.75,2.5,0.0
2,2021-11-01 01:17:03,2021-11-01 01:28:58,1.0,7.97,1.0,N,138,262,1,22.5,0.5,0.5,6.82,6.55,0.3,40.92,2.5,1.25
2,2021-11-01 01:20:24,2021-11-01 01:34:32,1.0,5.42,1.0,N,48,42,1,17.5,0.5,0.5,4.26,0.0,0.3,25.56,2.5,0.0
2,2021-11-01 01:07:30,2021-11-01 01:26:27,1.0,5.03,1.0,N,263,116,2,16.0,0.5,0.5,0.0,0.0,0.3,19.8,2.5,0.0
1,2021-11-01 01:31:23,2021-11-01 01:46:37,1.0,2.6,1.0,N,79,164,1,12.0,3.0,0.5,3.95,0.0,0.3,19.75,2.5,0.0
1,2021-11-01 01:49:44,2021-11-01 01:59:49,2.0,2.0,1.0,N,164,140,1,9.5,3.0,0.5,2.0,0.0,0.3,15.3,2.5,0.0
2,2021-11-01 01:36:49,2021-11-01 01:37:13,1.0,0.05,2.0,N,161,161,1,52.0,0.0,0.5,15.46,6.55,0.3,77.31,2.5,0.0
2,2021-11-01 01:42:51,2021-11-01 01:46:14,1.0,1.19,1.0,N,230,90,2,5.5,0.5,0.5,0.0,0.0,0.3,9.3,2.5,0.0
2,2021-11-01 01:49:45,2021-11-01 01:59:21,1.0,2.65,1.0,N,186,148,1,10.0,0.5,0.5,1.0,0.0,0.3,14.8,2.5,0.0
1,2021-11-01 01:39:30,2021-11-01 01:46:49,0.0,1.3,1.0,N,249,231,2,7.0,3.0,0.5,0.0,0.0,0.3,10.8,2.5,0.0
1,2021-11-01 01:56:41,2021-11-01 02:12:28,3.0,6.5,1.0,N,249,74,1,20.0,3.0,0.5,2.0,0.0,0.3,25.8,2.5,0.0
2,2021-11-01 01:34:28,2021-11-01 01:49:57,1.0,3.16,1.0,N,141,246,1,13.0,0.5,0.5,1.0,0.0,0.3,17.8,2.5,0.0
2,2021-11-01 01:56:03,2021-11-01 02:17:50,1.0,6.08,1.0,N,246,202,1,20.5,0.5,0.5,0.0,0.0,0.3,24.3,2.5,0.0
2,2021-11-01 01:20:33,2021-11-01 01:38:42,1.0,4.41,1.0,N,163,223,4,-16.5,-0.5,-0.5,0.0,0.0,-0.3,-20.3,-2.5,0.0
2,2021-11-01 01:20:33,2021-11-01 01:38:42,1.0,4.41,1.0,N,163,223,2,16.5,0.5,0.5,0.0,0.0,0.3,20.3,2.5,0.0
2,2021-11-01 01:40:32,2021-11-01 01:40:42,1.0,0.0,5.0,N,223,223,1,21.0,0.0,0.0,4.26,0.0,0.3,25.56,0.0,0.0
2,2021-11-01 01:30:59,2021-11-01 01:40:17,1.0,2.22,1.0,N,164,142,1,9.5,0.5,0.5,2.0,0.0,0.3,15.3,2.5,0.0
1,2021-11-01 01:57:59,2021-11-01 02:05:51,3.0,1.5,1.0,N,68,211,1,7.5,3.0,0.5,2.25,0.0,0.3,13.55,2.5,0.0
1,2021-11-01 01:02:31,2021-11-01 01:11:21,1.0,1.9,1.0,N,114,100,2,8.5,3.0,0.5,0.0,0.0,0.3,12.3,2.5,0.0
1,2021-11-01 01:37:20,2021-11-01 01:58:56,1.0,5.1,1.0,N,79,261,1,19.5,3.0,0.5,4.65,0.0,0.3,27.95,2.5,0.0
2,2021-11-01 01:19:50,2021-11-01 01:30:18,1.0,3.15,1.0,N,148,229,2,11.5,0.5,0.5,0.0,0.0,0.3,15.3,2.5,0.0
2,2021-11-01 01:36:24,2021-11-01 01:53:21,1.0,5.54,1.0,N,79,238,1,17.5,0.5,0.5,4.26,0.0,0.3,25.56,2.5,0.0
2,2021-11-01 01:57:50,2021-11-01 02:09:47,1.0,2.37,1.0,N,158,161,2,10.5,0.5,0.5,0.0,0.0,0.3,14.3,2.5,0.0
1,2021-11-01 01:11:50,2021-11-01 01:20:30,2.0,1.6,1.0,N,249,79,1,8.0,3.0,0.5,2.36,0.0,0.3,14.16,2.5,0.0
2,2021-11-01 01:41:21,2021-11-01 01:52:38,1.0,1.19,1.0,N,249,90,1,8.0,0.5,0.5,2.36,0.0,0.3,14.16,2.5,0.0
2,2021-11-01 01:53:51,2021-11-01 02:00:09,1.0,0.74,1.0,N,90,246,1,6.0,0.5,0.5,1.96,0.0,0.3,11.76,2.5,0.0
1,2021-11-01 01:10:06,2021-11-01 01:20:42,1.0,2.6,1.0,N,249,50,1,10.5,3.0,0.5,2.85,0.0,0.3,17.15,2.5,0.0
1,2021-11-01 01:26:04,2021-11-01 01:40:38,2.0,3.6,1.0,N,48,144,2,13.0,3.0,0.5,0.0,0.0,0.3,16.8,2.5,0.0
1,2021-11-01 01:51:16,2021-11-01 02:25:11,2.0,7.9,1.0,N,113,225,1,28.5,3.0,0.5,6.45,0.0,0.3,38.75,2.5,0.0
1,2021-11-01 01:38:53,2021-11-01 01:49:19,1.0,3.9,1.0,N,79,263,1,12.5,3.0,0.5,3.25,0.0,0.3,19.55,2.5,0.0
2,2021-11-01 01:25:16,2021-11-01 01:28:42,1.0,0.61,1.0,N,79,79,2,4.5,0.5,0.5,0.0,0.0,0.3,8.3,2.5,0.0
2,2021-11-01 01:00:58,2021-11-01 01:14:05,1.0,3.34,1.0,N,249,229,1,12.0,0.5,0.5,2.0,0.0,0.3,17.8,2.5,0.0
2,2021-11-01 01:30:37,2021-11-01 01:53:53,1.0,9.19,1.0,N,249,116,1,28.0,0.5,0.5,5.0,0.0,0.3,36.8,2.5,0.0
2,2021-11-01 01:21:22,2021-11-01 01:33:31,1.0,2.41,1.0,N,230,263,1,11.0,0.5,0.5,4.44,0.0,0.3,19.24,2.5,0.0
2,2021-11-01 01:38:12,2021-11-01 01:47:16,1.0,2.52,1.0,N,141,164,1,9.5,0.5,0.5,2.66,0.0,0.3,15.96,2.5,0.0
2,2021-11-01 01:49:03,2021-11-01 02:02:28,1.0,4.37,1.0,N,100,7,1,14.5,0.5,0.5,3.66,0.0,0.3,21.96,2.5,0.0
1,2021-11-01 01:06:14,2021-11-01 01:13:29,1.0,1.3,1.0,Y,249,234,1,7.0,3.0,0.5,1.5,0.0,0.3,12.3,2.5,0.0
1,2021-11-01 01:18:06,2021-11-01 01:31:37,1.0,4.0,1.0,N,90,263,1,14.0,3.0,0.5,3.55,0.0,0.3,21.35,2.5,0.0
1,2021-11-01 01:56:55,2021-11-01 02:03:57,1.0,1.0,1.0,Y,90,107,1,6.5,3.0,0.5,2.8,0.0,0.3,13.1,2.5,0.0
2,2021-11-01 01:37:09,2021-11-01 02:07:35,1.0,11.95,1.0,N,132,189,1,35.5,0.5,0.5,10.0,0.0,0.3,48.05,0.0,1.25
2,2021-11-01 01:09:25,2021-11-01 01:20:41,1.0,2.2,1.0,N,7,129,2,10.0,0.5,0.5,0.0,0.0,0.3,11.3,0.0,0.0
2,2021-11-01 01:16:39,2021-11-01 01:29:52,1.0,7.87,1.0,N,138,15,2,-23.0,-0.5,-0.5,0.0,0.0,-0.3,-25.55,0.0,-1.25
2,2021-11-01 01:16:39,2021-11-01 01:29:52,1.0,7.87,1.0,N,138,15,2,23.0,0.5,0.5,0.0,0.0,0.3,25.55,0.0,1.25
2,2021-11-01 01:34:15,2021-11-01 02:01:53,2.0,19.2,5.0,N,246,265,1,85.0,0.0,0.0,15.0,11.75,0.3,112.05,0.0,0.0
2,2021-11-01 01:23:16,2021-11-01 01:31:13,1.0,2.11,1.0,N,234,148,2,8.5,0.5,0.5,0.0,0.0,0.3,12.3,2.5,0.0
2,2021-11-01 01:34:29,2021-11-01 01:52:21,1.0,4.19,1.0,N,148,48,1,16.5,0.5,0.5,4.06,0.0,0.3,24.36,2.5,0.0
1,2021-11-01 01:02:38,2021-11-01 01:13:38,1.0,3.0,1.0,N,114,237,1,11.5,3.0,0.5,3.05,0.0,0.3,18.35,2.5,0.0
1,2021-11-01 01:18:38,2021-11-01 01:24:52,1.0,1.9,1.0,N,162,239,1,8.0,3.0,0.5,2.35,0.0,0.3,14.15,2.5,0.0
1,2021-11-01 01:32:40,2021-11-01 01:47:55,2.0,7.1,1.0,N,48,116,2,21.5,3.0,0.5,0.0,0.0,0.3,25.3,2.5,0.0
2,2021-11-01 01:11:26,2021-11-01 01:32:09,1.0,5.07,1.0,N,90,263,2,18.0,0.5,0.5,0.0,0.0,0.3,21.8,2.5,0.0
2,2021-11-01 01:58:02,2021-11-01 02:15:10,1.0,4.1,1.0,N,114,141,1,15.5,0.5,0.5,5.79,0.0,0.3,25.09,2.5,0.0
2,2021-11-01 01:22:48,2021-11-01 01:33:27,2.0,2.39,1.0,N,43,116,1,10.5,0.5,0.5,3.0,0.0,0.3,14.8,0.0,0.0
2,2021-11-01 01:17:17,2021-11-01 01:30:11,1.0,3.62,1.0,N,234,262,1,13.0,0.5,0.5,3.0,0.0,0.3,19.8,2.5,0.0
2,2021-11-01 01:53:48,2021-11-01 02:04:35,1.0,2.8,1.0,N,79,48,2,10.5,0.5,0.5,0.0,0.0,0.3,14.3,2.5,0.0
1,2021-11-01 01:00:09,2021-11-01 01:17:56,1.0,4.4,1.0,N,249,141,2,16.0,3.0,0.5,0.0,0.0,0.3,19.8,2.5,0.0
1,2021-11-01 01:18:19,2021-11-01 01:28:58,1.0,2.2,1.0,N,141,239,2,10.0,3.0,0.5,0.0,0.0,0.3,13.8,2.5,0.0
1,2021-11-01 01:37:11,2021-11-01 01:42:48,1.0,1.7,1.0,N,48,68,1,7.0,3.0,0.5,2.15,0.0,0.3,12.95,2.5,0.0
1,2021-11-01 01:46:37,2021-11-01 02:06:23,1.0,7.8,1.0,N,90,116,1,24.5,3.0,0.5,5.65,0.0,0.3,33.95,2.5,0.0
2,2021-11-01 01:21:36,2021-11-01 01:54:26,1.0,18.53,2.0,N,132,13,2,52.0,0.0,0.5,0.0,0.0,0.3,56.55,2.5,1.25
2,2021-11-01 01:15:12,2021-11-01 01:28:08,3.0,3.06,1.0,N,170,239,1,12.0,0.5,0.5,3.16,0.0,0.3,18.96,2.5,0.0
2,2021-11-01 01:34:23,2021-11-01 02:11:11,3.0,7.75,1.0,N,143,82,2,29.5,0.5,0.5,0.0,0.0,0.3,33.3,2.5,0.0
2,2021-11-01 01:11:32,2021-11-01 01:31:02,1.0,8.21,1.0,N,138,236,1,25.0,0.5,0.5,7.07,6.55,0.3,43.67,2.5,1.25
2,2021-11-01 00:57:10,2021-11-01 01:05:01,1.0,1.56,1.0,N,144,261,1,7.5,0.5,0.5,3.39,0.0,0.3,14.69,2.5,0.0
2,2021-11-01 01:21:54,2021-11-01 01:45:50,1.0,4.93,1.0,N,144,142,2,19.0,0.5,0.5,0.0,0.0,0.3,22.8,2.5,0.0
1,2021-11-01 01:51:28,2021-11-01 02:00:07,3.0,0.8,1.0,Y,79,114,2,7.0,3.0,0.5,0.0,0.0,0.3,10.8,2.5,0.0
2,2021-11-01 00:56:58,2021-11-01 01:27:10,1.0,6.37,1.0,N,186,256,1,25.0,0.5,0.5,5.76,0.0,0.3,34.56,2.5,0.0
1,2021-11-01 01:12:13,2021-11-01 01:15:55,1.0,0.9,1.0,N,48,68,1,5.0,3.0,0.5,1.75,0.0,0.3,10.55,2.5,0.0
1,2021-11-01 01:24:32,2021-11-01 01:26:52,1.0,0.9,1.0,N,246,48,1,4.5,3.0,0.5,1.65,0.0,0.3,9.95,2.5,0.0
1,2021-11-01 01:32:16,2021-11-01 01:50:21,2.0,4.1,1.0,N,68,87,1,15.5,3.0,0.5,3.85,0.0,0.3,23.15,2.5,0.0
2,2021-11-01 01:01:08,2021-11-01 01:12:00,1.0,2.79,1.0,N,246,79,1,11.0,0.5,0.5,2.96,0.0,0.3,17.76,2.5,0.0
2,2021-11-01 01:33:38,2021-11-01 01:40:52,1.0,1.09,1.0,N,186,170,1,7.0,0.5,0.5,2.7,0.0,0.3,13.5,2.5,0.0
2,2021-11-01 00:57:05,2021-11-01 01:16:02,1.0,4.31,1.0,N,209,163,1,16.5,0.5,0.5,4.06,0.0,0.3,24.36,2.5,0.0
2,2021-11-01 01:42:16,2021-11-01 02:04:25,1.0,6.14,1.0,N,246,49,1,20.5,0.5,0.5,4.86,0.0,0.3,29.16,2.5,0.0
2,2021-11-01 01:01:24,2021-11-01 01:09:55,1.0,1.24,1.0,N,114,113,1,7.5,0.5,0.5,2.83,0.0,0.3,14.13,2.5,0.0
2,2021-11-01 01:13:41,2021-11-01 01:36:18,1.0,13.63,1.0,N,113,115,1,37.5,0.5,0.5,0.02,13.1,0.3,54.42,2.5,0.0
2,2021-11-01 01:52:26,2021-11-01 01:52:39,1.0,0.0,5.0,N,206,206,1,20.0,0.0,0.0,6.09,0.0,0.3,26.39,0.0,0.0
2,2021-11-01 01:01:26,2021-11-01 01:10:33,1.0,1.89,1.0,N,100,142,2,8.5,0.5,0.5,0.0,0.0,0.3,12.3,2.5,0.0
2,2021-11-01 01:16:27,2021-11-01 01:20:13,1.0,0.88,1.0,N,48,50,1,5.0,0.5,0.5,1.76,0.0,0.3,10.56,2.5,0.0
2,2021-11-01 01:57:21,2021-11-01 02:14:01,1.0,7.14,1.0,N,148,129,2,22.5,0.5,0.5,0.0,0.0,0.3,26.3,2.5,0.0
2,2021-11-01 01:12:07,2021-11-01 01:31:30,1.0,5.47,1.0,N,48,226,1,19.0,0.5,0.5,2.0,0.0,0.3,24.8,2.5,0.0
2,2021-10-31 22:22:01,2021-10-31 22:38:18,1.0,3.26,1.0,N,230,224,1,13.5,0.5,0.5,2.6,0.0,0.3,19.9,2.5,0.0
2,2021-10-31 22:48:02,2021-10-31 23:01:25,2.0,3.51,1.0,N,148,230,1,13.0,0.5,0.5,4.2,0.0,0.3,21.0,2.5,0.0
2,2021-11-01 01:19:43,2021-11-01 01:40:07,1.0,12.11,1.0,N,264,231,1,34.0,0.5,0.5,7.56,0.0,0.3,45.36,2.5,0.0
2,2021-11-01 01:47:23,2021-11-01 02:02:47,1.0,6.5,1.0,N,125,226,1,20.5,0.5,0.5,4.86,0.0,0.3,29.16,2.5,0.0
2,2021-11-01 01:22:48,2021-11-01 01:28:10,1.0,1.74,1.0,N,113,170,1,7.0,0.5,0.5,3.24,0.0,0.3,14.04,2.5,0.0
2,2021-11-01 01:41:22,2021-11-01 02:02:51,1.0,8.37,1.0,N,234,195,1,26.0,0.5,0.5,7.45,0.0,0.3,37.25,2.5,0.0
2,2021-11-01 01:28:54,2021-11-01 01:38:25,1.0,2.17,1.0,N,249,170,1,9.0,0.5,0.5,2.56,0.0,0.3,15.36,2.5,0.0
2,2021-11-01 01:06:16,2021-11-01 01:13:59,1.0,2.09,1.0,N,239,48,1,8.5,0.5,0.5,2.46,0.0,0.3,14.76,2.5,0.0
2,2021-11-01 01:20:52,2021-11-01 01:32:06,1.0,1.57,1.0,N,186,137,1,9.0,0.5,0.5,2.56,0.0,0.3,15.36,2.5,0.0
2,2021-11-01 01:39:42,2021-11-01 01:45:24,1.0,1.01,1.0,N,186,234,1,6.0,0.5,0.5,2.94,0.0,0.3,12.74,2.5,0.0
2,2021-11-01 01:48:30,2021-11-01 01:56:48,1.0,1.8,1.0,N,234,148,1,8.0,0.5,0.5,1.5,0.0,0.3,13.3,2.5,0.0
2,2021-11-01 01:18:57,2021-11-01 01:34:27,1.0,8.33,1.0,N,264,164,1,24.5,0.5,0.5,6.97,6.55,0.3,41.82,2.5,0.0
2,2021-11-01 01:43:01,2021-11-01 01:46:49,1.0,0.65,1.0,N,90,68,1,4.5,0.5,0.5,1.66,0.0,0.3,9.96,2.5,0.0
2,2021-11-01 01:48:12,2021-11-01 02:13:58,2.0,4.13,1.0,N,246,209,1,19.0,0.5,0.5,8.0,0.0,0.3,30.8,2.5,0.0
2,2021-11-01 01:00:20,2021-11-01 01:05:43,1.0,0.96,1.0,N,68,90,2,5.5,0.5,0.5,0.0,0.0,0.3,9.3,2.5,0.0
2,2021-11-01 01:14:25,2021-11-01 01:32:40,1.0,5.97,1.0,N,68,74,2,19.0,0.5,0.5,0.0,0.0,0.3,22.8,2.5,0.0
2,2021-11-01 01:21:31,2021-11-01 01:50:20,1.0,11.59,1.0,N,129,242,1,36.5,0.5,0.5,8.87,6.55,0.3,53.22,0.0,0.0
2,2021-11-01 01:47:57,2021-11-01 02:01:04,1.0,3.48,1.0,N,79,37,1,13.0,0.5,0.5,9.0,0.0,0.3,25.8,2.5,0.0
1,2021-11-01 01:45:48,2021-11-01 01:49:09,1.0,1.0,1.0,N,233,164,2,5.0,3.0,0.5,0.0,0.0,0.3,8.8,2.5,0.0
1,2021-11-01 01:29:12,2021-11-01 01:51:59,2.0,17.9,4.0,N,138,265,1,53.5,1.75,0.5,5.0,6.55,0.3,67.6,0.0,1.25
1,2021-11-01 01:10:53,2021-11-01 01:13:54,1.0,0.6,1.0,N,90,249,4,4.0,3.0,0.5,0.0,0.0,0.3,7.8,2.5,0.0
1,2021-11-01 01:17:30,2021-11-01 01:38:05,4.0,4.9,1.0,N,249,262,2,18.5,3.0,0.5,0.0,0.0,0.3,22.3,2.5,0.0
1,2021-11-01 01:56:31,2021-11-01 02:22:09,1.0,7.3,1.0,N,162,198,2,25.0,3.0,0.5,0.0,6.55,0.3,35.35,2.5,0.0
2,2021-11-01 01:27:10,2021-11-01 01:36:05,2.0,3.13,1.0,N,79,237,1,10.5,0.5,0.5,3.58,0.0,0.3,17.88,2.5,0.0
2,2021-11-01 01:00:50,2021-11-01 01:08:49,2.0,1.59,1.0,N,125,209,1,7.5,0.5,0.5,2.26,0.0,0.3,13.56,2.5,0.0
2,2021-11-01 01:17:34,2021-11-01 01:25:50,2.0,1.82,1.0,N,148,170,1,8.0,0.5,0.5,2.36,0.0,0.3,14.16,2.5,0.0
1,2021-11-01 01:32:04,2021-11-01 01:43:59,1.0,3.0,1.0,N,68,140,1,11.5,2.5,0.5,2.95,0.0,0.3,17.75,2.5,0.0
1,2021-11-01 01:48:30,2021-11-01 01:57:38,1.0,3.0,1.0,N,141,90,1,11.0,2.5,0.5,2.85,0.0,0.3,17.15,2.5,0.0
1,2021-11-01 01:58:38,2021-11-01 02:09:19,2.0,2.2,1.0,N,90,144,1,10.0,2.5,0.5,2.65,0.0,0.3,15.95,2.5,0.0
2,2021-11-01 01:00:05,2021-11-01 01:05:01,1.0,1.39,1.0,N,164,249,1,6.0,0.5,0.5,1.96,0.0,0.3,11.76,2.5,0.0
2,2021-11-01 01:07:00,2021-11-01 01:18:13,1.0,2.42,1.0,N,249,163,1,10.0,0.5,0.5,2.0,0.0,0.3,15.8,2.5,0.0
2,2021-11-01 01:51:23,2021-11-01 02:00:34,1.0,2.04,1.0,N,79,88,2,9.0,0.5,0.5,0.0,0.0,0.3,12.8,2.5,0.0
2,2021-11-01 01:35:07,2021-11-01 01:49:26,6.0,3.69,1.0,N,230,41,1,14.0,0.5,0.5,3.56,0.0,0.3,21.36,2.5,0.0
1,2021-11-01 01:04:37,2021-11-01 01:08:48,4.0,0.6,1.0,Y,79,148,1,4.5,3.0,0.5,1.0,0.0,0.3,9.3,2.5,0.0
1,2021-11-01 01:31:43,2021-11-01 01:41:27,2.0,1.8,1.0,N,114,87,1,9.0,3.0,0.5,2.55,0.0,0.3,15.35,2.5,0.0
1,2021-11-01 01:42:55,2021-11-01 01:49:10,1.0,1.3,1.0,N,87,211,2,6.0,3.0,0.5,0.0,0.0,0.3,9.8,2.5,0.0
1,2021-11-01 01:00:36,2021-11-01 01:00:39,1.0,0.0,1.0,N,48,48,3,60.0,2.5,0.0,0.0,0.0,0.0,62.5,2.5,0.0
1,2021-11-01 01:18:07,2021-11-01 01:31:38,1.0,2.1,1.0,N,68,79,1,11.0,3.0,0.5,2.95,0.0,0.3,17.75,2.5,0.0
1,2021-11-01 01:38:58,2021-11-01 01:40:24,1.0,0.4,1.0,N,79,107,1,3.5,3.0,0.5,1.45,0.0,0.3,8.75,2.5,0.0
1,2021-11-01 01:45:46,2021-11-01 01:55:13,2.0,2.3,1.0,N,79,48,2,9.5,3.0,0.5,0.0,0.0,0.3,13.3,2.5,0.0
2,2021-11-01 01:27:13,2021-11-01 01:43:42,1.0,5.75,1.0,N,70,160,1,18.0,0.5,0.5,3.86,0.0,0.3,23.16,0.0,0.0
2,2021-11-01 01:19:20,2021-11-01 01:34:19,1.0,3.62,1.0,N,79,33,2,13.5,0.5,0.5,0.0,0.0,0.3,17.3,2.5,0.0
2,2021-11-01 01:49:55,2021-11-01 02:14:29,1.0,4.57,1.0,N,231,225,1,19.5,0.5,0.5,2.0,0.0,0.3,25.3,2.5,0.0
2,2021-11-01 01:18:13,2021-11-01 01:31:21,2.0,2.98,1.0,N,238,42,2,12.5,0.5,0.5,0.0,0.0,0.3,13.8,0.0,0.0
2,2021-11-01 01:38:30,2021-11-01 01:55:11,2.0,2.25,1.0,N,42,159,2,12.5,0.5,0.5,0.0,0.0,0.3,13.8,0.0,0.0
2,2021-11-01 01:41:36,2021-11-01 02:05:04,1.0,5.99,1.0,N,114,166,1,21.5,0.5,0.5,3.8,0.0,0.3,29.1,2.5,0.0
1,2021-11-01 01:02:29,2021-11-01 01:07:46,1.0,1.9,1.0,N,137,141,1,7.5,3.0,0.5,2.8,0.0,0.3,14.1,2.5,0.0
2,2021-11-01 01:07:19,2021-11-01 01:24:18,1.0,3.94,1.0,N,230,7,2,15.5,0.5,0.5,0.0,0.0,0.3,19.3,2.5,0.0
2,2021-11-01 01:04:29,2021-11-01 01:17:36,1.0,3.69,1.0,N,163,224,1,13.0,0.5,0.5,5.04,0.0,0.3,21.84,2.5,0.0
2,2021-11-01 01:38:04,2021-11-01 01:45:08,1.0,1.54,1.0,N,237,239,1,7.5,0.5,0.5,2.26,0.0,0.3,13.56,2.5,0.0
1,2021-11-01 01:03:19,2021-11-01 01:08:28,1.0,1.3,1.0,N,158,90,1,6.0,3.0,0.5,0.0,0.0,0.3,9.8,2.5,0.0
1,2021-11-01 01:28:45,2021-11-01 01:37:32,3.0,2.3,1.0,N,48,249,1,9.0,3.0,0.5,1.0,0.0,0.3,13.8,2.5,0.0
1,2021-11-01 01:41:03,2021-11-01 01:48:09,2.0,1.2,1.0,N,249,224,1,7.0,3.0,0.5,0.0,0.0,0.3,10.8,2.5,0.0
2,2021-11-01 01:57:22,2021-11-01 02:19:32,1.0,13.65,1.0,N,87,127,1,38.0,0.5,0.5,5.0,0.0,0.3,46.8,2.5,0.0
2,2021-11-01 01:02:34,2021-11-01 01:18:21,1.0,4.42,1.0,N,249,181,1,16.0,0.5,0.5,3.96,0.0,0.3,23.76,2.5,0.0
1,2021-11-01 01:14:18,2021-11-01 01:50:43,2.0,16.8,1.0,Y,249,18,2,48.0,3.0,0.5,0.0,3.0,0.3,54.8,2.5,0.0
2,2021-11-01 01:02:47,2021-11-01 01:08:35,1.0,1.21,1.0,N,144,88,1,6.0,0.5,0.5,1.96,0.0,0.3,11.76,2.5,0.0
2,2021-11-01 01:04:47,2021-11-01 01:08:34,1.0,0.85,1.0,N,148,79,1,5.0,0.5,0.5,1.76,0.0,0.3,10.56,2.5,0.0
2,2021-11-01 01:31:25,2021-11-01 01:39:33,2.0,1.08,1.0,N,246,158,1,7.0,0.5,0.5,2.16,0.0,0.3,12.96,2.5,0.0
2,2021-11-01 01:42:49,2021-11-01 02:00:26,1.0,3.04,1.0,N,158,148,1,13.5,0.5,0.5,3.46,0.0,0.3,20.76,2.5,0.0
2,2021-11-01 01:17:47,2021-11-01 01:26:51,2.0,2.56,1.0,N,162,263,1,10.0,0.5,0.5,3.45,0.0,0.3,17.25,2.5,0.0
2,2021-11-01 01:31:04,2021-11-01 01:56:23,1.0,8.85,1.0,N,263,17,1,28.5,0.5,0.5,6.46,0.0,0.3,38.76,2.5,0.0
1,2021-11-01 01:28:43,2021-11-01 01:39:12,2.0,2.0,1.0,N,151,41,1,9.5,0.5,0.5,3.2,0.0,0.3,14.0,0.0,0.0
1,2021-11-01 01:57:23,2021-11-01 02:23:41,1.0,7.2,1.0,N,151,226,1,24.0,3.0,0.5,5.55,0.0,0.3,33.35,2.5,0.0
1,2021-11-01 01:02:58,2021-11-01 01:08:47,2.0,0.7,1.0,Y,79,4,1,5.5,3.0,0.5,1.85,0.0,0.3,11.15,2.5,0.0
1,2021-11-01 01:18:52,2021-11-01 01:20:36,4.0,0.4,1.0,N,79,107,1,3.5,3.0,0.5,1.45,0.0,0.3,8.75,2.5,0.0
2,2021-11-01 01:14:20,2021-11-01 01:19:14,1.0,1.08,1.0,N,164,230,1,6.0,0.5,0.5,1.96,0.0,0.3,11.76,2.5,0.0
2,2021-11-01 01:20:07,2021-11-01 01:30:56,1.0,1.49,1.0,N,230,229,1,9.0,0.5,0.5,2.56,0.0,0.3,15.36,2.5,0.0
2,2021-11-01 01:36:14,2021-11-01 01:40:33,1.0,1.34,1.0,N,229,141,1,6.0,0.5,0.5,1.96,0.0,0.3,11.76,2.5,0.0
2,2021-11-01 01:50:17,2021-11-01 01:55:57,1.0,1.9,1.0,N,137,141,1,7.5,0.5,0.5,0.56,0.0,0.3,11.86,2.5,0.0
2,2021-11-01 01:14:00,2021-11-01 01:19:55,1.0,1.25,1.0,N,236,237,2,6.0,0.5,0.5,0.0,0.0,0.3,9.8,2.5,0.0
2,2021-11-01 01:25:33,2021-11-01 01:47:11,1.0,7.11,1.0,N,161,33,1,23.0,0.5,0.5,6.7,0.0,0.3,33.5,2.5,0.0
2,2021-11-01 01:58:03,2021-11-01 02:13:24,1.0,3.42,1.0,N,148,48,2,13.5,0.5,0.5,0.0,0.0,0.3,17.3,2.5,0.0
2,2021-11-01 01:20:30,2021-11-01 01:45:45,2.0,10.66,1.0,N,132,61,1,31.0,0.5,0.5,10.06,0.0,0.3,43.61,0.0,1.25
2,2021-11-01 01:03:29,2021-11-01 01:09:54,1.0,2.33,1.0,N,137,140,1,8.5,0.5,0.5,2.46,0.0,0.3,14.76,2.5,0.0
2,2021-11-01 01:52:13,2021-11-01 01:57:24,1.0,0.98,1.0,N,90,249,1,5.5,0.5,0.5,1.86,0.0,0.3,11.16,2.5,0.0
2,2021-11-01 01:59:03,2021-11-01 02:02:25,1.0,0.74,1.0,N,249,90,1,5.0,0.5,0.5,1.76,0.0,0.3,10.56,2.5,0.0
2,2021-11-01 01:23:24,2021-11-01 01:32:14,1.0,4.85,1.0,N,132,219,1,14.5,0.5,0.5,0.14,0.0,0.3,17.19,0.0,1.25
2,2021-11-01 01:40:39,2021-11-01 02:00:52,1.0,12.25,1.0,N,132,138,1,33.0,0.5,0.5,7.11,0.0,0.3,42.66,0.0,1.25
1,2021-11-01 01:35:48,2021-11-01 01:36:57,1.0,0.1,1.0,N,79,79,1,3.0,3.0,0.5,1.35,0.0,0.3,8.15,2.5,0.0
1,2021-11-01 01:41:42,2021-11-01 01:50:59,1.0,2.8,1.0,N,79,65,1,11.0,3.0,0.5,10.0,0.0,0.3,24.8,2.5,0.0
1,2021-11-01 01:52:58,2021-11-01 02:02:20,1.0,1.3,1.0,N,65,181,1,8.0,0.5,0.5,20.0,0.0,0.3,29.3,0.0,0.0
2,2021-11-01 01:50:05,2021-11-01 01:59:51,2.0,1.34,1.0,N,79,158,2,8.0,0.5,0.5,0.0,0.0,0.3,11.8,2.5,0.0
2,2021-11-01 01:34:29,2021-11-01 01:53:31,5.0,4.22,1.0,N,68,50,1,16.0,0.5,0.5,3.96,0.0,0.3,23.76,2.5,0.0
1,2021-11-01 01:33:57,2021-11-01 01:40:58,2.0,1.3,1.0,N,186,107,1,7.0,3.0,0.5,1.0,0.0,0.3,11.8,2.5,0.0
1,2021-11-01 01:43:11,2021-11-01 01:51:58,2.0,1.3,1.0,N,79,232,4,7.5,3.0,0.5,0.0,0.0,0.3,11.3,2.5,0.0
2,2021-11-01 01:31:52,2021-11-01 01:56:52,1.0,7.55,1.0,N,164,168,2,23.5,0.5,0.5,0.0,0.0,0.3,27.3,2.5,0.0
2,2021-11-01 01:44:40,2021-11-01 01:58:45,1.0,6.28,1.0,N,142,232,1,19.5,0.5,0.5,5.82,0.0,0.3,29.12,2.5,0.0
1,2021-11-01 01:09:17,2021-11-01 01:15:21,1.0,1.4,1.0,N,48,100,1,6.5,3.0,0.5,2.05,0.0,0.3,12.35,2.5,0.0
1,2021-11-01 01:24:10,2021-11-01 01:46:20,1.0,6.0,1.0,N,249,17,1,21.0,3.0,0.5,4.0,0.0,0.3,28.8,2.5,0.0
1,2021-11-01 01:13:18,2021-11-01 01:33:24,1.0,6.6,1.0,Y,249,41,1,20.0,3.0,0.5,4.75,0.0,0.3,28.55,2.5,0.0
2,2021-11-01 01:15:18,2021-11-01 01:32:02,1.0,3.58,1.0,N,79,50,1,14.5,0.5,0.5,3.29,0.0,0.3,21.59,2.5,0.0
2,2021-11-01 01:43:50,2021-11-01 01:50:08,1.0,1.57,1.0,N,230,141,2,7.0,0.5,0.5,0.0,0.0,0.3,10.8,2.5,0.0
2,2021-11-01 01:02:46,2021-11-01 01:06:06,1.0,0.84,1.0,N,237,237,1,5.0,0.5,0.5,2.2,0.0,0.3,11.0,2.5,0.0
2,2021-11-01 01:23:08,2021-11-01 01:31:18,1.0,1.51,1.0,N,79,232,1,8.0,0.5,0.5,2.36,0.0,0.3,14.16,2.5,0.0
2,2021-11-01 01:59:55,2021-11-01 02:07:10,1.0,1.58,1.0,N,107,148,2,7.5,0.5,0.5,0.0,0.0,0.3,11.3,2.5,0.0
1,2021-11-01 01:49:43,2021-11-01 02:15:23,2.0,8.7,1.0,N,249,244,1,28.5,3.0,0.5,6.45,0.0,0.3,38.75,2.5,0.0
2,2021-11-01 01:15:13,2021-11-01 01:23:17,1.0,2.1,1.0,N,244,243,1,9.0,0.5,0.5,2.06,0.0,0.3,12.36,0.0,0.0
2,2021-11-01 01:08:47,2021-11-01 01:10:43,2.0,0.71,1.0,N,48,48,1,4.0,0.5,0.5,1.56,0.0,0.3,9.36,2.5,0.0
2,2021-11-01 01:12:16,2021-11-01 01:21:04,2.0,2.75,1.0,N,163,145,2,10.5,0.5,0.5,0.0,0.0,0.3,14.3,2.5,0.0
2,2021-11-01 01:08:18,2021-11-01 01:13:40,1.0,0.77,1.0,N,255,256,1,5.5,0.5,0.5,2.04,0.0,0.3,8.84,0.0,0.0
2,2021-11-01 01:22:37,2021-11-01 01:36:50,1.0,4.83,1.0,N,148,37,1,16.0,0.5,0.5,3.96,0.0,0.3,23.76,2.5,0.0
1,2021-11-01 01:42:44,2021-11-01 02:00:21,1.0,3.8,1.0,N,186,112,1,15.0,3.0,0.5,4.0,6.55,0.3,29.35,2.5,0.0
2,2021-11-01 01:09:58,2021-11-01 01:32:00,1.0,15.17,1.0,N,132,179,2,41.0,0.5,0.5,0.0,0.0,0.3,42.3,0.0,0.0
2,2021-11-01 01:20:11,2021-11-01 01:29:57,1.0,2.52,1.0,N,113,48,1,10.0,0.5,0.5,2.76,0.0,0.3,16.56,2.5,0.0
2,2021-11-01 01:36:27,2021-11-01 01:47:43,1.0,3.7,1.0,N,48,79,1,12.0,0.5,0.5,3.16,0.0,0.3,18.96,2.5,0.0
2,2021-11-01 01:48:48,2021-11-01 02:07:43,1.0,7.61,1.0,N,79,166,1,23.0,0.5,0.5,0.0,0.0,0.3,26.8,2.5,0.0
1,2021-11-01 01:19:51,2021-11-01 01:56:16,1.0,7.4,1.0,N,68,80,2,29.5,3.0,0.5,0.0,0.0,0.3,33.3,2.5,0.0
2,2021-11-01 01:00:26,2021-11-01 01:06:35,4.0,0.55,1.0,N,114,249,1,5.5,0.5,0.5,1.86,0.0,0.3,11.16,2.5,0.0
2,2021-11-01 01:10:42,2021-11-01 01:29:39,1.0,3.71,1.0,N,249,232,1,14.5,0.5,0.5,1.7,0.0,0.3,20.0,2.5,0.0
2,2021-11-01 01:42:01,2021-11-01 02:00:22,2.0,6.55,1.0,N,148,239,4,-21.0,-0.5,-0.5,0.0,0.0,-0.3,-24.8,-2.5,0.0
2,2021-11-01 01:42:01,2021-11-01 02:00:22,2.0,6.55,1.0,N,148,239,2,21.0,0.5,0.5,0.0,0.0,0.3,24.8,2.5,0.0
2,2021-11-01 01:01:28,2021-11-01 01:06:21,1.0,1.4,1.0,N,90,48,2,6.0,0.5,0.5,0.0,0.0,0.3,9.8,2.5,0.0
2,2021-11-01 01:13:31,2021-11-01 01:22:20,1.0,1.58,1.0,N,48,170,2,8.0,0.5,0.5,0.0,0.0,0.3,11.8,2.5,0.0
2,2021-11-01 01:39:22,2021-11-01 01:46:11,1.0,1.43,1.0,N,249,79,1,7.0,0.5,0.5,1.0,0.0,0.3,11.8,2.5,0.0
2,2021-11-01 01:51:44,2021-11-01 02:06:12,1.0,3.91,1.0,N,148,50,1,14.0,0.5,0.5,20.0,0.0,0.3,37.8,2.5,0.0
2,2021-11-01 01:19:51,2021-11-01 01:28:06,2.0,2.13,1.0,N,230,236,1,9.0,0.5,0.5,1.5,0.0,0.3,14.3,2.5,0.0
2,2021-11-01 00:59:54,2021-11-01 01:07:47,2.0,2.44,1.0,N,87,25,1,9.5,0.5,0.5,2.66,0.0,0.3,15.96,2.5,0.0
2,2021-11-01 01:08:59,2021-11-01 01:16:08,2.0,2.45,1.0,N,25,87,1,9.0,0.5,0.5,2.56,0.0,0.3,15.36,2.5,0.0
2,2021-11-01 00:56:27,2021-11-01 01:07:55,3.0,1.83,1.0,N,158,79,1,9.5,0.5,0.5,3.32,0.0,0.3,16.62,2.5,0.0
2,2021-11-01 01:11:53,2021-11-01 01:14:49,3.0,0.46,1.0,N,79,232,1,4.0,0.5,0.5,1.56,0.0,0.3,9.36,2.5,0.0
2,2021-11-01 01:15:49,2021-11-01 01:21:04,4.0,1.06,1.0,N,232,232,1,6.0,0.5,0.5,0.0,0.0,0.3,9.8,2.5,0.0
2,2021-11-01 01:21:49,2021-11-01 01:30:55,4.0,2.27,1.0,N,232,224,2,9.5,0.5,0.5,0.0,0.0,0.3,13.3,2.5,0.0
2,2021-11-01 01:45:14,2021-11-01 01:58:42,4.0,5.82,1.0,N,137,112,1,18.5,0.5,0.5,4.46,0.0,0.3,26.76,2.5,0.0
2,2021-11-01 01:48:22,2021-11-01 01:58:29,5.0,1.38,1.0,N,48,164,1,8.5,0.5,0.5,2.46,0.0,0.3,14.76,2.5,0.0
2,2021-11-01 01:29:55,2021-11-01 01:38:30,1.0,1.61,1.0,N,234,48,2,8.0,0.5,0.5,0.0,0.0,0.3,11.8,2.5,0.0
2,2021-11-01 01:44:22,2021-11-01 01:55:34,1.0,6.5,1.0,N,48,244,1,19.0,0.5,0.5,4.56,0.0,0.3,27.36,2.5,0.0
2,2021-11-01 01:27:27,2021-11-01 01:34:20,1.0,1.36,1.0,N,79,158,2,7.0,0.5,0.5,0.0,0.0,0.3,10.8,2.5,0.0
2,2021-11-01 01:38:45,2021-11-01 01:46:31,2.0,1.3,1.0,N,249,114,1,7.0,0.5,0.5,2.16,0.0,0.3,12.96,2.5,0.0
2,2021-11-01 01:05:23,2021-11-01 01:14:38,1.0,4.26,1.0,N,162,87,1,13.5,0.5,0.5,3.46,0.0,0.3,20.76,2.5,0.0
1,2021-11-01 01:54:41,2021-11-01 01:59:01,1.0,1.4,1.0,N,234,164,1,6.0,3.0,0.5,4.0,0.0,0.3,13.8,2.5,0.0
1,2021-11-01 01:02:12,2021-11-01 01:29:17,1.0,7.8,1.0,N,151,129,2,25.5,3.0,0.5,0.0,0.0,0.3,29.3,2.5,0.0
1,2021-11-01 01:46:26,2021-11-01 01:51:31,1.0,0.9,1.0,N,90,246,1,5.5,3.0,0.5,0.0,0.0,0.3,9.3,2.5,0.0
1,2021-11-01 01:57:03,2021-11-01 02:12:35,1.0,4.2,1.0,N,246,151,1,16.0,3.0,0.5,2.0,0.0,0.3,21.8,2.5,0.0
2,2021-11-01 01:41:03,2021-11-01 01:48:42,1.0,2.08,1.0,N,230,234,1,8.5,0.5,0.5,2.46,0.0,0.3,14.76,2.5,0.0
2,2021-11-01 01:50:29,2021-11-01 02:12:22,1.0,6.78,1.0,N,113,166,1,22.5,0.5,0.5,1.7,0.0,0.3,28.0,2.5,0.0
1,2021-11-01 01:38:38,2021-11-01 01:47:03,2.0,2.2,1.0,N,249,230,1,9.0,3.0,0.5,2.55,0.0,0.3,15.35,2.5,0.0
2,2021-11-01 01:09:17,2021-11-01 01:15:02,2.0,1.56,1.0,N,68,50,1,7.0,0.5,0.5,1.0,0.0,0.3,11.8,2.5,0.0
1,2021-11-01 01:01:54,2021-11-01 01:12:03,2.0,3.1,1.0,N,79,230,1,11.5,3.0,0.5,3.0,0.0,0.3,18.3,2.5,0.0
1,2021-11-01 01:18:06,2021-11-01 01:21:24,1.0,0.7,1.0,N,68,68,1,4.5,3.0,0.5,1.65,0.0,0.3,9.95,2.5,0.0
1,2021-11-01 01:30:50,2021-11-01 01:38:04,1.0,1.8,1.0,N,142,238,1,8.0,3.0,0.5,2.36,0.0,0.3,14.16,2.5,0.0
1,2021-11-01 01:56:08,2021-11-01 02:13:03,2.0,4.5,1.0,N,246,262,1,16.5,3.0,0.5,3.5,0.0,0.3,23.8,2.5,0.0
2,2021-11-01 01:24:24,2021-11-01 01:29:42,2.0,1.56,1.0,N,211,90,1,6.5,0.5,0.5,2.06,0.0,0.3,12.36,2.5,0.0
2,2021-11-01 01:47:35,2021-11-01 02:09:17,2.0,7.73,1.0,N,79,181,1,24.0,0.5,0.5,5.56,0.0,0.3,33.36,2.5,0.0
2,2021-11-01 00:24:48,2021-11-01 00:30:24,1.0,1.03,1.0,N,148,232,2,6.0,0.5,0.5,0.0,0.0,0.3,9.8,2.5,0.0
2,2021-11-01 01:01:46,2021-11-02 00:15:07,1.0,2.85,1.0,N,142,107,1,11.0,0.5,0.5,2.96,0.0,0.3,17.76,2.5,0.0
2,2021-11-01 01:36:54,2021-11-01 02:05:34,1.0,5.51,1.0,N,79,162,1,22.0,0.5,0.5,6.45,0.0,0.3,32.25,2.5,0.0
2,2021-11-01 01:45:38,2021-11-01 02:13:53,1.0,6.5,1.0,N,107,260,1,23.5,0.5,0.5,5.46,0.0,0.3,32.76,2.5,0.0
1,2021-11-01 01:19:05,2021-11-01 01:33:03,0.0,3.6,1.0,N,186,232,1,14.0,3.0,0.5,3.55,0.0,0.3,21.35,2.5,0.0
1,2021-11-01 01:35:16,2021-11-01 01:55:57,1.0,6.7,1.0,N,232,142,1,22.0,3.0,0.5,1.0,0.0,0.3,26.8,2.5,0.0
2,2021-11-01 01:13:02,2021-11-01 01:16:45,1.0,0.89,1.0,N,230,186,1,5.0,0.5,0.5,2.64,0.0,0.3,11.44,2.5,0.0
2,2021-11-01 01:42:39,2021-11-01 01:54:02,1.0,2.57,1.0,N,90,45,1,10.5,0.5,0.5,6.0,0.0,0.3,20.3,2.5,0.0
2,2021-11-01 01:11:09,2021-11-01 01:18:46,1.0,1.24,1.0,N,48,233,1,7.0,0.5,0.5,2.16,0.0,0.3,12.96,2.5,0.0
2,2021-11-01 01:26:47,2021-11-01 01:32:32,1.0,1.85,1.0,N,137,148,1,7.5,0.5,0.5,2.82,0.0,0.3,14.12,2.5,0.0
2,2021-11-01 00:56:32,2021-11-01 01:27:02,1.0,6.75,1.0,N,114,89,1,26.0,0.5,0.5,3.0,0.0,0.3,32.8,2.5,0.0
2,2021-11-01 01:19:37,2021-11-01 01:23:07,1.0,1.47,1.0,N,162,107,2,6.0,0.5,0.5,0.0,0.0,0.3,9.8,2.5,0.0
2,2021-11-01 01:55:12,2021-11-01 02:00:21,1.0,0.82,1.0,N,230,230,1,5.5,0.5,0.5,2.32,0.0,0.3,11.62,2.5,0.0
2,2021-11-01 01:37:43,2021-11-01 01:57:15,1.0,10.93,5.0,N,95,25,1,20.0,0.0,0.0,0.0,0.0,0.3,20.3,0.0,0.0
1,2021-11-01 01:14:54,2021-11-01 01:23:47,1.0,2.4,1.0,N,162,249,1,9.0,3.0,0.5,5.0,0.0,0.3,17.8,2.5,0.0
1,2021-11-01 01:27:42,2021-11-01 01:33:05,2.0,1.3,1.0,N,249,231,2,6.5,3.0,0.5,0.0,0.0,0.3,10.3,2.5,0.0
1,2021-11-01 01:39:38,2021-11-01 01:50:05,1.0,2.3,1.0,N,261,232,1,10.0,3.0,0.5,2.75,0.0,0.3,16.55,2.5,0.0
2,2021-11-01 01:23:24,2021-11-01 01:30:55,1.0,1.46,1.0,N,75,151,1,7.5,0.5,0.5,1.76,0.0,0.3,10.56,0.0,0.0
2,2021-11-01 01:45:30,2021-11-01 01:57:39,3.0,2.58,1.0,N,142,262,2,11.0,0.5,0.5,0.0,0.0,0.3,14.8,2.5,0.0
2,2021-11-01 01:22:49,2021-11-01 01:34:49,1.0,3.56,1.0,N,249,97,1,13.0,0.5,0.5,3.36,0.0,0.3,20.16,2.5,0.0
2,2021-11-01 01:45:05,2021-11-01 01:56:49,1.0,3.23,1.0,N,79,255,1,12.5,0.5,0.5,0.0,0.0,0.3,16.3,2.5,0.0
2,2021-11-01 01:11:07,2021-11-01 01:15:22,1.0,1.85,1.0,N,262,74,1,7.0,0.5,0.5,2.16,0.0,0.3,12.96,2.5,0.0
2,2021-11-01 01:18:09,2021-11-01 01:48:54,1.0,19.84,2.0,N,132,143,1,52.0,0.0,0.5,12.62,6.55,0.3,75.72,2.5,1.25
2,2021-11-01 02:00:33,2021-11-01 02:10:23,1.0,3.07,1.0,N,237,226,2,11.5,0.5,0.5,0.0,0.0,0.3,15.3,2.5,0.0
1,2021-11-01 01:21:54,2021-11-01 01:40:44,0.0,3.4,1.0,Y,186,140,1,15.5,3.0,0.5,3.85,0.0,0.3,23.15,2.5,0.0
2,2021-11-01 01:12:20,2021-11-01 01:24:38,1.0,1.89,1.0,N,79,231,1,10.0,0.5,0.5,0.0,0.0,0.3,13.8,2.5,0.0
2,2021-11-01 01:31:09,2021-11-01 01:40:45,1.0,1.39,1.0,N,211,232,1,8.5,0.5,0.5,0.0,0.0,0.3,12.3,2.5,0.0
2,2021-11-01 01:52:28,2021-11-01 02:04:04,1.0,5.08,1.0,N,107,75,2,16.5,0.5,0.5,0.0,0.0,0.3,20.3,2.5,0.0
2,2021-11-01 01:25:39,2021-11-01 01:33:16,1.0,1.24,1.0,N,68,113,1,7.0,0.5,0.5,2.16,0.0,0.3,12.96,2.5,0.0
2,2021-11-01 01:57:10,2021-11-01 02:06:14,5.0,1.85,1.0,N,144,164,1,8.5,0.5,0.5,1.0,0.0,0.3,13.3,2.5,0.0
2,2021-11-01 01:05:57,2021-11-01 01:17:40,6.0,3.14,1.0,N,249,50,1,12.0,0.5,0.5,3.95,0.0,0.3,19.75,2.5,0.0
2,2021-11-01 00:57:01,2021-11-01 01:09:32,1.0,3.75,1.0,N,231,49,1,13.0,0.5,0.5,3.36,0.0,0.3,20.16,2.5,0.0
2,2021-11-01 01:06:55,2021-11-01 01:12:24,1.0,2.36,1.0,N,79,229,1,8.0,0.5,0.5,2.36,0.0,0.3,14.16,2.5,0.0
2,2021-11-01 01:00:51,2021-11-01 01:14:35,1.0,5.43,1.0,N,88,164,1,18.0,0.5,0.5,2.88,0.0,0.3,24.68,2.5,0.0
2,2021-11-01 01:15:54,2021-11-01 01:21:59,1.0,1.16,1.0,N,164,48,1,6.0,0.5,0.5,1.96,0.0,0.3,11.76,2.5,0.0
2,2021-11-01 01:32:44,2021-11-01 02:16:04,1.0,15.05,1.0,N,158,14,1,47.0,0.5,0.5,7.0,0.0,0.3,57.8,2.5,0.0
2,2021-11-01 01:10:12,2021-11-01 01:33:54,1.0,9.11,1.0,N,249,244,1,28.0,0.5,0.5,6.36,0.0,0.3,38.16,2.5,0.0
2,2021-11-01 01:35:03,2021-11-01 01:51:22,1.0,4.94,1.0,N,79,226,1,16.5,0.5,0.5,4.06,0.0,0.3,24.36,2.5,0.0
2,2021-11-01 01:25:42,2021-11-01 01:51:15,1.0,21.09,2.0,N,132,244,1,52.0,0.0,0.5,12.12,6.55,0.3,72.72,0.0,1.25
2,2021-11-01 01:33:17,2021-11-01 01:38:07,2.0,1.04,1.0,N,137,224,2,5.5,0.5,0.5,0.0,0.0,0.3,9.3,2.5,0.0
1,2021-11-01 01:04:09,2021-11-01 01:23:21,2.0,4.0,1.0,N,79,80,1,15.5,3.0,0.5,0.0,0.0,0.3,19.3,2.5,0.0
2,2021-11-01 01:05:24,2021-11-01 01:11:15,1.0,1.55,1.0,N,230,234,1,7.0,0.5,0.5,2.16,0.0,0.3,12.96,2.5,0.0
2,2021-11-01 01:21:37,2021-11-01 01:43:04,1.0,6.12,1.0,N,234,202,2,20.5,0.5,0.5,0.0,0.0,0.3,24.3,2.5,0.0
2,2021-11-01 01:47:03,2021-11-01 01:51:52,1.0,1.35,1.0,N,202,193,2,6.0,0.5,0.5,0.0,0.0,0.3,7.3,0.0,0.0
2,2021-11-01 01:02:27,2021-11-01 01:28:03,5.0,7.93,1.0,N,234,181,1,27.0,0.5,0.5,4.62,0.0,0.3,35.42,2.5,0.0
2,2021-11-01 01:51:12,2021-11-01 01:55:31,4.0,1.23,1.0,N,79,107,1,5.5,0.5,0.5,1.4,0.0,0.3,10.7,2.5,0.0
1,2021-11-01 01:34:47,2021-11-01 01:59:25,4.0,10.5,1.0,N,79,95,1,32.5,3.0,0.5,0.0,0.0,0.3,36.3,2.5,0.0
2,2021-11-01 01:12:59,2021-11-01 01:20:00,1.0,1.3,1.0,N,107,148,1,7.0,0.5,0.5,2.16,0.0,0.3,12.96,2.5,0.0
2,2021-11-01 01:34:07,2021-11-01 01:45:32,1.0,3.64,1.0,N,234,140,1,12.5,0.5,0.5,2.0,0.0,0.3,18.3,2.5,0.0
2,2021-11-01 01:56:01,2021-11-01 01:58:57,1.0,0.77,1.0,N,170,162,1,4.5,0.5,0.5,1.66,0.0,0.3,9.96,2.5,0.0
1,2021-11-01 01:23:24,2021-11-01 01:33:00,0.0,2.4,1.0,N,68,48,1,10.0,3.0,0.5,0.0,0.0,0.3,13.8,2.5,0.0
2,2021-11-01 01:12:14,2021-11-01 01:45:08,1.0,19.09,2.0,N,132,239,1,52.0,0.0,0.5,11.31,0.0,0.3,67.86,2.5,1.25
2,2021-11-01 01:19:08,2021-11-01 01:28:43,1.0,1.77,1.0,N,186,233,1,8.5,0.5,0.5,2.46,0.0,0.3,14.76,2.5,0.0
2,2021-11-01 01:52:12,2021-11-01 02:15:04,1.0,10.93,1.0,N,230,138,1,31.5,0.5,0.5,8.37,6.55,0.3,50.22,2.5,0.0
2,2021-11-01 01:09:10,2021-11-01 01:21:19,1.0,2.36,1.0,N,234,50,2,10.5,0.5,0.5,0.0,0.0,0.3,14.3,2.5,0.0
2,2021-11-01 01:30:46,2021-11-01 01:45:37,1.0,3.69,1.0,N,48,263,1,13.5,0.5,0.5,3.46,0.0,0.3,20.76,2.5,0.0
1,2021-11-01 01:18:39,2021-11-01 01:28:22,1.0,2.5,1.0,N,249,50,1,10.0,3.0,0.5,3.45,0.0,0.3,17.25,2.5,0.0
1,2021-11-01 01:42:47,2021-11-01 02:06:32,1.0,9.2,1.0,N,90,244,1,29.5,3.0,0.5,3.0,0.0,0.3,36.3,2.5,0.0
2,2021-11-01 01:29:41,2021-11-01 01:49:08,1.0,11.93,1.0,N,132,196,2,33.0,0.5,0.5,0.0,0.0,0.3,35.55,0.0,1.25
2,2021-11-01 01:08:37,2021-11-01 01:12:14,1.0,1.37,1.0,N,158,186,1,5.5,0.5,0.5,2.32,0.0,0.3,11.62,2.5,0.0
1,2021-11-01 01:33:11,2021-11-01 01:52:22,2.0,4.8,1.0,N,68,41,1,17.5,3.0,0.5,5.3,0.0,0.3,26.6,2.5,0.0
2,2021-11-01 01:00:28,2021-11-01 01:18:59,1.0,3.5,1.0,N,234,141,1,15.0,0.5,0.5,3.76,0.0,0.3,22.56,2.5,0.0
2,2021-11-01 01:09:58,2021-11-01 01:30:09,6.0,5.04,1.0,N,48,74,1,18.5,0.5,0.5,4.46,0.0,0.3,26.76,2.5,0.0
2,2021-11-01 01:30:42,2021-11-01 01:36:57,1.0,1.2,1.0,N,113,186,2,6.5,0.5,0.5,0.0,0.0,0.3,10.3,2.5,0.0
2,2021-11-01 01:38:59,2021-11-01 01:40:46,1.0,0.4,1.0,N,100,230,1,3.5,0.5,0.5,1.46,0.0,0.3,8.76,2.5,0.0
2,2021-11-01 01:42:55,2021-11-01 01:52:24,1.0,1.26,1.0,N,230,90,1,8.0,0.5,0.5,2.36,0.0,0.3,14.16,2.5,0.0
2,2021-11-01 01:30:22,2021-11-01 01:53:18,1.0,7.83,1.0,N,138,263,1,24.5,0.5,0.5,5.66,0.0,0.3,35.21,2.5,1.25
2,2021-11-01 01:36:10,2021-11-01 01:45:26,1.0,1.25,1.0,N,79,249,1,8.0,0.5,0.5,2.36,0.0,0.3,14.16,2.5,0.0
2,2021-11-01 01:50:26,2021-11-01 02:00:15,1.0,3.04,1.0,N,158,50,2,10.5,0.5,0.5,0.0,0.0,0.3,14.3,2.5,0.0
2,2021-11-01 01:55:03,2021-11-01 01:59:55,1.0,0.83,1.0,N,41,74,2,5.5,0.5,0.5,0.0,0.0,0.3,6.8,0.0,0.0
2,2021-11-01 01:24:43,2021-11-01 01:31:16,3.0,1.65,1.0,N,170,113,1,7.0,0.5,0.5,2.7,0.0,0.3,13.5,2.5,0.0
2,2021-11-01 01:40:24,2021-11-01 02:06:34,2.0,6.61,1.0,N,100,129,2,23.0,0.5,0.5,0.0,0.0,0.3,26.8,2.5,0.0
2,2021-11-01 01:22:12,2021-11-01 01:29:44,1.0,1.78,1.0,N,68,107,1,8.0,0.5,0.5,2.36,0.0,0.3,14.16,2.5,0.0
2,2021-11-01 01:42:06,2021-11-01 01:53:44,1.0,2.96,1.0,N,68,238,2,11.5,0.5,0.5,0.0,0.0,0.3,15.3,2.5,0.0
2,2021-11-01 01:38:41,2021-11-01 02:01:35,1.0,4.87,1.0,N,230,148,1,19.5,0.5,0.5,0.0,0.0,0.3,23.3,2.5,0.0
1,2021-11-01 01:27:23,2021-11-01 01:44:46,1.0,4.7,1.0,N,90,263,1,16.5,3.0,0.5,5.05,0.0,0.3,25.35,2.5,0.0
2,2021-11-01 01:20:05,2021-11-01 01:24:31,1.0,0.57,1.0,N,186,246,1,5.0,0.5,0.5,1.2,0.0,0.3,10.0,2.5,0.0
2,2021-11-01 01:30:27,2021-11-01 01:47:20,1.0,6.81,1.0,N,246,116,1,21.5,0.5,0.5,5.06,0.0,0.3,30.36,2.5,0.0
2,2021-11-01 01:07:38,2021-11-01 01:15:21,2.0,2.72,1.0,N,48,238,1,9.5,0.5,0.5,3.99,0.0,0.3,17.29,2.5,0.0
2,2021-11-01 01:20:09,2021-11-01 01:25:42,1.0,1.1,1.0,N,239,142,1,6.0,0.5,0.5,1.96,0.0,0.3,11.76,2.5,0.0
2,2021-11-01 01:49:42,2021-11-01 02:07:07,1.0,4.5,1.0,N,249,236,2,16.5,0.5,0.5,0.0,0.0,0.3,20.3,2.5,0.0
1,2021-11-01 01:15:55,2021-11-01 01:23:40,4.0,2.1,1.0,N,50,238,2,8.5,3.0,0.5,0.0,0.0,0.3,12.3,2.5,0.0
1,2021-11-01 01:49:30,2021-11-01 01:58:54,1.0,2.2,1.0,N,48,158,1,9.0,3.0,0.5,1.0,0.0,0.3,13.8,2.5,0.0
2,2021-11-01 01:13:52,2021-11-01 01:40:18,1.0,18.74,2.0,N,132,75,1,52.0,0.0,0.5,10.0,6.55,0.3,70.6,0.0,1.25
1,2021-11-01 01:01:13,2021-11-01 01:06:35,3.0,1.7,1.0,Y,246,50,1,7.0,3.0,0.5,2.15,0.0,0.3,12.95,2.5,0.0
1,2021-11-01 01:15:48,2021-11-01 01:49:50,2.0,11.9,1.0,N,246,22,1,36.5,3.0,0.5,8.05,0.0,0.3,48.35,2.5,0.0
2,2021-11-01 01:33:16,2021-11-01 01:46:18,1.0,5.11,1.0,N,79,74,2,15.5,0.5,0.5,0.0,0.0,0.3,19.3,2.5,0.0
2,2021-11-01 01:11:49,2021-11-01 01:24:06,2.0,2.98,1.0,N,164,263,1,12.0,0.5,0.5,3.16,0.0,0.3,18.96,2.5,0.0
2,2021-11-01 01:57:04,2021-11-01 02:01:05,1.0,1.06,1.0,N,234,79,1,5.5,0.5,0.5,2.0,0.0,0.3,11.3,2.5,0.0
2,2021-11-01 01:19:55,2021-11-01 01:27:36,2.0,1.33,1.0,N,48,164,1,7.0,0.5,0.5,2.16,0.0,0.3,12.96,2.5,0.0
1,2021-11-01 01:27:21,2021-11-01 02:04:10,2.0,12.7,1.0,N,114,89,4,39.0,3.0,0.5,0.0,0.0,0.3,42.8,2.5,0.0
2,2021-11-01 01:00:02,2021-11-01 01:11:11,1.0,3.27,1.0,N,261,68,1,11.5,0.5,0.5,3.06,0.0,0.3,18.36,2.5,0.0
2,2021-11-01 01:12:48,2021-11-01 01:30:13,2.0,4.43,1.0,N,230,88,2,15.5,0.5,0.5,0.0,0.0,0.3,19.3,2.5,0.0
2,2021-11-01 01:48:37,2021-11-01 02:10:07,1.0,4.24,1.0,N,249,255,1,17.5,0.5,0.5,4.26,0.0,0.3,25.56,2.5,0.0
1,2021-11-01 01:09:44,2021-11-01 01:22:41,2.0,3.4,1.0,N,239,246,1,13.0,3.0,0.5,3.35,0.0,0.3,20.15,2.5,0.0
1,2021-11-01 01:26:50,2021-11-01 01:39:27,1.0,3.5,1.0,N,68,229,1,12.5,3.0,0.5,1.0,0.0,0.3,17.3,2.5,0.0
2,2021-11-01 01:10:57,2021-11-01 01:32:34,1.0,14.78,1.0,N,132,82,1,40.0,0.5,0.5,4.0,0.0,0.3,46.55,0.0,1.25
1,2021-11-01 01:00:37,2021-11-01 01:11:05,1.0,3.3,1.0,N,148,255,1,12.0,3.0,0.5,3.15,0.0,0.3,18.95,2.5,0.0
1,2021-11-01 01:25:21,2021-11-01 01:32:24,2.0,1.2,1.0,N,79,45,2,7.0,3.0,0.5,0.0,0.0,0.3,10.8,2.5,0.0
1,2021-11-01 01:36:56,2021-11-01 01:44:28,1.0,1.1,1.0,N,144,4,2,7.5,3.0,0.5,0.0,0.0,0.3,11.3,2.5,0.0
1,2021-11-01 01:51:32,2021-11-01 01:54:25,1.0,0.6,1.0,N,114,113,1,4.5,3.0,0.5,1.65,0.0,0.3,9.95,2.5,0.0
2,2021-11-01 01:25:49,2021-11-01 01:32:06,2.0,0.91,1.0,N,244,116,2,6.0,0.5,0.5,0.0,0.0,0.3,7.3,0.0,0.0
2,2021-11-01 01:11:36,2021-11-01 01:15:52,5.0,1.16,1.0,N,162,170,1,5.5,0.5,0.5,1.86,0.0,0.3,11.16,2.5,0.0
2,2021-11-01 01:29:58,2021-11-01 01:39:24,5.0,2.29,1.0,N,249,231,1,9.0,0.5,0.5,2.56,0.0,0.3,15.36,2.5,0.0
2,2021-11-01 01:43:29,2021-11-01 02:08:04,5.0,6.61,1.0,N,88,61,1,22.5,0.5,0.5,5.26,0.0,0.3,31.56,2.5,0.0
2,2021-11-01 01:02:20,2021-11-01 01:09:08,1.0,1.66,1.0,N,231,68,1,7.5,0.5,0.5,1.0,0.0,0.3,12.3,2.5,0.0
2,2021-11-01 01:21:18,2021-11-01 01:48:26,2.0,12.66,1.0,N,68,178,2,37.0,0.5,0.5,0.0,0.0,0.3,40.8,2.5,0.0
2,2021-11-01 01:31:41,2021-11-01 01:58:37,5.0,21.82,2.0,N,132,43,1,52.0,0.0,0.5,12.62,6.55,0.3,75.72,2.5,1.25
2,2021-11-01 01:14:10,2021-11-01 01:37:32,1.0,19.25,2.0,N,132,263,1,52.0,0.0,0.5,12.62,6.55,0.3,75.72,2.5,1.25
2,2021-11-01 01:41:23,2021-11-01 01:43:35,1.0,0.7,1.0,N,263,263,2,4.0,0.5,0.5,0.0,0.0,0.3,7.8,2.5,0.0
2,2021-11-01 01:48:45,2021-11-01 02:09:02,1.0,6.36,1.0,N,148,142,1,21.5,0.5,0.5,7.59,0.0,0.3,32.89,2.5,0.0
2,2021-11-01 01:03:47,2021-11-01 01:14:42,5.0,2.98,1.0,N,79,255,1,11.5,0.5,0.5,3.06,0.0,0.3,18.36,2.5,0.0
2,2021-11-01 01:02:42,2021-11-01 01:13:42,1.0,2.35,1.0,N,114,87,1,9.5,0.5,0.5,2.66,0.0,0.3,15.96,2.5,0.0
2,2021-11-01 01:11:31,2021-11-01 01:28:58,1.0,4.65,1.0,N,48,166,1,16.0,0.5,0.5,3.96,0.0,0.3,23.76,2.5,0.0
2,2021-11-01 01:03:00,2021-11-01 01:28:51,3.0,4.18,1.0,N,68,163,1,19.0,0.5,0.5,4.56,0.0,0.3,27.36,2.5,0.0
2,2021-11-01 01:32:47,2021-11-01 01:42:16,1.0,2.53,1.0,N,249,230,1,9.5,0.5,0.5,3.32,0.0,0.3,16.62,2.5,0.0
2,2021-11-01 01:43:24,2021-11-01 01:53:58,1.0,3.48,1.0,N,48,24,2,12.0,0.5,0.5,0.0,0.0,0.3,15.8,2.5,0.0
2,2021-11-01 01:01:00,2021-11-01 01:23:03,1.0,8.01,1.0,N,114,227,2,25.0,0.5,0.5,0.0,0.0,0.3,28.8,2.5,0.0
2,2021-11-01 01:52:38,2021-11-01 02:07:07,1.0,3.6,1.0,N,231,256,1,14.5,0.5,0.5,3.0,0.0,0.3,21.3,2.5,0.0
2,2021-11-01 01:27:48,2021-11-01 01:50:56,1.0,7.6,1.0,N,79,24,1,24.5,0.5,0.5,5.66,0.0,0.3,33.96,2.5,0.0
2,2021-11-01 01:54:45,2021-11-01 02:02:34,1.0,1.42,1.0,N,24,239,1,7.5,0.5,0.5,2.26,0.0,0.3,13.56,2.5,0.0
2,2021-11-01 01:33:37,2021-11-01 01:44:18,2.0,1.93,1.0,N,186,79,1,9.5,0.5,0.5,2.66,0.0,0.3,15.96,2.5,0.0
2,2021-11-01 01:06:09,2021-11-01 01:11:48,1.0,1.01,1.0,N,79,114,1,6.0,0.5,0.5,1.0,0.0,0.3,10.8,2.5,0.0
2,2021-11-01 01:40:17,2021-11-01 01:47:02,1.0,1.6,1.0,N,246,230,2,7.5,0.5,0.5,0.0,0.0,0.3,11.3,2.5,0.0
2,2021-11-01 01:52:50,2021-11-01 02:02:31,1.0,2.03,1.0,N,50,234,1,9.0,0.5,0.5,2.56,0.0,0.3,15.36,2.5,0.0
1,2021-11-01 01:05:24,2021-11-01 01:08:41,1.0,0.8,1.0,N,234,186,1,5.0,3.0,0.5,2.0,0.0,0.3,10.8,2.5,0.0
1,2021-11-01 01:14:28,2021-11-01 01:28:42,1.0,3.0,1.0,N,68,45,1,12.5,3.0,0.5,1.63,0.0,0.3,17.93,2.5,0.0
1,2021-11-01 01:37:31,2021-11-01 01:43:41,1.0,1.2,1.0,N,79,107,1,6.5,3.0,0.5,2.05,0.0,0.3,12.35,2.5,0.0
1,2021-11-01 01:50:58,2021-11-01 01:54:41,1.0,0.6,1.0,N,79,113,1,4.5,3.0,0.5,1.65,0.0,0.3,9.95,2.5,0.0
2,2021-11-01 01:32:55,2021-11-01 01:45:27,1.0,3.09,1.0,N,234,261,1,11.5,0.5,0.5,3.0,0.0,0.3,18.3,2.5,0.0
2,2021-11-01 01:58:46,2021-11-01 02:10:18,1.0,3.26,1.0,N,90,239,1,12.0,0.5,0.5,3.95,0.0,0.3,19.75,2.5,0.0
2,2021-11-01 01:26:01,2021-11-01 01:39:40,1.0,4.19,1.0,N,148,80,2,15.0,0.5,0.5,0.0,0.0,0.3,18.8,2.5,0.0
2,2021-11-01 01:43:21,2021-11-01 02:04:13,1.0,6.71,1.0,N,80,50,1,22.0,0.5,0.5,5.16,0.0,0.3,30.96,2.5,0.0
2,2021-11-01 01:04:41,2021-11-01 01:27:33,1.0,7.3,1.0,N,79,223,2,23.5,0.5,0.5,0.0,0.0,0.3,27.3,2.5,0.0
2,2021-11-01 01:14:27,2021-11-01 01:22:56,2.0,2.61,1.0,N,263,230,2,9.5,0.5,0.5,0.0,0.0,0.3,13.3,2.5,0.0
2,2021-11-01 01:11:19,2021-11-01 01:25:54,1.0,3.7,1.0,N,161,24,1,13.5,0.5,0.5,3.46,0.0,0.3,20.76,2.5,0.0
2,2021-11-01 01:34:33,2021-11-01 01:45:53,1.0,2.12,1.0,N,238,41,1,10.0,0.5,0.5,2.76,0.0,0.3,16.56,2.5,0.0
2,2021-11-01 01:52:31,2021-11-01 02:06:09,1.0,4.1,1.0,N,151,246,1,14.0,0.5,0.5,4.45,0.0,0.3,22.25,2.5,0.0
2,2021-11-01 01:22:15,2021-11-01 01:30:34,1.0,1.29,1.0,N,79,125,2,7.5,0.5,0.5,0.0,0.0,0.3,11.3,2.5,0.0
2,2021-11-01 01:32:04,2021-11-01 01:43:41,1.0,1.77,1.0,N,125,4,1,10.0,0.5,0.5,2.76,0.0,0.3,16.56,2.5,0.0
2,2021-11-01 01:53:06,2021-11-01 01:59:24,1.0,2.22,1.0,N,79,229,1,8.0,0.5,0.5,0.0,0.0,0.3,11.8,2.5,0.0
2,2021-11-01 01:05:07,2021-11-01 01:12:54,1.0,1.55,1.0,N,107,249,1,7.5,0.5,0.5,2.26,0.0,0.3,13.56,2.5,0.0
2,2021-11-01 01:15:21,2021-11-01 01:23:00,1.0,1.5,1.0,N,249,186,2,7.5,0.5,0.5,0.0,0.0,0.3,11.3,2.5,0.0
2,2021-11-01 01:48:51,2021-11-01 02:02:23,1.0,2.62,1.0,N,249,232,1,11.5,0.5,0.5,2.0,0.0,0.3,17.3,2.5,0.0
2,2021-11-01 01:20:54,2021-11-01 01:52:53,1.0,7.65,1.0,N,100,129,1,26.5,0.5,0.5,6.06,0.0,0.3,36.36,2.5,0.0
2,2021-10-31 18:54:24,2021-10-31 18:55:48,2.0,0.34,1.0,N,48,48,1,3.5,0.5,0.5,1.46,0.0,0.3,8.76,2.5,0.0
2,2021-10-31 18:59:27,2021-10-31 19:29:10,2.0,9.31,1.0,N,48,80,1,30.5,0.5,0.5,10.0,0.0,0.3,44.3,2.5,0.0
2,2021-10-31 19:28:32,2021-10-31 19:30:24,2.0,0.86,1.0,N,68,48,1,4.5,0.5,0.5,1.66,0.0,0.3,9.96,2.5,0.0
2,2021-10-31 19:39:41,2021-10-31 19:45:14,2.0,1.56,1.0,N,48,246,2,7.0,0.5,0.5,0.0,0.0,0.3,10.8,2.5,0.0
2,2021-11-01 01:20:17,2021-11-01 01:40:21,1.0,11.58,1.0,N,132,160,2,32.5,0.5,0.5,0.0,0.0,0.3,35.05,0.0,1.25
2,2021-11-01 00:55:29,2021-11-01 01:06:46,1.0,4.3,1.0,N,79,236,1,13.5,0.5,0.5,3.46,0.0,0.3,20.76,2.5,0.0
2,2021-11-01 01:20:08,2021-11-01 01:27:21,1.0,1.05,1.0,N,170,100,1,6.5,0.5,0.5,0.0,0.0,0.3,10.3,2.5,0.0
2,2021-11-01 01:34:36,2021-11-01 01:49:06,1.0,3.87,1.0,N,230,166,1,14.0,0.5,0.5,3.56,0.0,0.3,21.36,2.5,0.0
1,2021-11-01 01:08:06,2021-11-01 01:19:59,1.0,4.4,1.0,N,238,244,2,15.0,3.0,0.5,0.0,0.0,0.3,18.8,2.5,0.0
1,2021-11-01 01:55:52,2021-11-01 02:28:39,1.0,7.4,1.0,N,166,20,2,27.0,0.5,0.5,0.0,0.0,0.3,28.3,0.0,0.0
1,2021-11-01 01:13:30,2021-11-01 01:18:51,1.0,1.0,1.0,N,148,79,1,6.0,3.0,0.5,1.95,0.0,0.3,11.75,2.5,0.0
1,2021-11-01 01:20:51,2021-11-01 01:38:10,1.0,4.2,1.0,N,113,143,1,15.0,3.0,0.5,3.75,0.0,0.3,22.55,2.5,0.0
1,2021-11-01 01:57:43,2021-11-01 02:02:15,1.0,0.9,1.0,N,249,125,1,5.0,3.0,0.5,2.6,0.0,0.3,11.4,2.5,0.0
2,2021-11-01 01:23:52,2021-11-01 01:36:35,1.0,2.65,2.0,N,65,87,1,52.0,0.0,0.5,11.06,0.0,0.3,66.36,2.5,0.0
2,2021-11-01 01:38:42,2021-11-01 01:45:26,3.0,3.9,1.0,N,87,233,1,12.0,0.5,0.5,3.16,0.0,0.3,18.96,2.5,0.0
1,2021-11-01 01:13:20,2021-11-01 01:40:50,1.0,11.2,1.0,N,68,78,2,33.5,3.0,0.5,0.0,0.0,0.3,37.3,2.5,0.0
1,2021-11-01 01:29:08,2021-11-01 01:36:21,1.0,2.3,1.0,Y,162,236,2,8.5,3.0,0.5,0.0,0.0,0.3,12.3,2.5,0.0
1,2021-11-01 01:53:41,2021-11-01 02:29:46,1.0,11.2,1.0,N,230,135,2,35.5,3.0,0.5,0.0,0.0,0.3,39.3,2.5,0.0
2,2021-11-01 01:09:14,2021-11-01 01:16:54,2.0,2.06,1.0,N,48,238,1,8.5,0.5,0.5,2.0,0.0,0.3,14.3,2.5,0.0
2,2021-11-01 01:25:10,2021-11-01 01:32:01,2.0,1.18,1.0,N,239,238,2,6.5,0.5,0.5,0.0,0.0,0.3,10.3,2.5,0.0
2,2021-11-01 01:57:26,2021-11-01 02:04:57,2.0,1.85,1.0,N,238,41,1,8.0,0.5,0.5,2.36,0.0,0.3,14.16,2.5,0.0
2,2021-11-01 01:22:45,2021-11-01 01:45:08,2.0,8.38,1.0,N,48,243,1,26.0,0.5,0.5,5.96,0.0,0.3,35.76,2.5,0.0
2,2021-11-01 01:00:26,2021-11-01 01:07:58,1.0,1.15,1.0,N,158,125,1,7.0,0.5,0.5,2.16,0.0,0.3,12.96,2.5,0.0
2,2021-11-01 01:08:57,2021-11-01 01:19:43,1.0,2.34,1.0,N,125,107,1,10.0,0.5,0.5,1.1,0.0,0.3,14.9,2.5,0.0
2,2021-11-01 01:44:07,2021-11-01 01:56:44,1.0,3.53,1.0,N,148,230,1,12.5,0.5,0.5,3.26,0.0,0.3,19.56,2.5,0.0
2,2021-11-01 00:26:39,2021-11-01 00:42:10,1.0,6.91,1.0,N,148,75,2,21.0,0.5,0.5,0.0,0.0,0.3,24.8,2.5,0.0
1,2021-11-01 01:42:18,2021-11-01 01:53:58,1.0,2.8,1.0,N,90,141,1,11.5,3.0,0.5,1.53,0.0,0.3,16.83,2.5,0.0
2,2021-11-01 01:04:02,2021-11-01 01:08:54,1.0,0.9,1.0,N,211,79,1,5.5,0.5,0.5,1.0,0.0,0.3,10.3,2.5,0.0
2,2021-11-01 01:12:41,2021-11-01 01:20:06,1.0,1.43,1.0,N,79,249,1,7.0,0.5,0.5,2.16,0.0,0.3,12.96,2.5,0.0
2,2021-11-01 01:04:15,2021-11-01 01:12:07,1.0,2.26,1.0,N,164,163,1,9.0,0.5,0.5,1.0,0.0,0.3,13.8,2.5,0.0
2,2021-11-01 01:16:54,2021-11-01 01:21:40,1.0,0.64,1.0,N,68,90,2,5.0,0.5,0.5,0.0,0.0,0.3,8.8,2.5,0.0
2,2021-11-01 01:33:01,2021-11-01 01:41:07,2.0,1.61,1.0,N,158,79,1,7.5,0.5,0.5,2.26,0.0,0.3,13.56,2.5,0.0
2,2021-11-01 01:46:06,2021-11-01 01:50:58,2.0,1.04,1.0,N,148,231,1,5.5,0.5,0.5,1.86,0.0,0.3,11.16,2.5,0.0
2,2021-11-01 01:53:45,2021-11-01 02:01:27,2.0,1.32,1.0,N,231,148,1,7.5,0.5,0.5,2.26,0.0,0.3,13.56,2.5,0.0
2,2021-11-01 01:57:30,2021-11-01 02:19:16,1.0,11.49,1.0,N,132,129,2,34.0,0.5,0.5,0.0,0.0,0.3,36.55,0.0,1.25
2,2021-11-01 01:48:19,2021-11-01 01:52:39,1.0,0.7,1.0,N,42,41,2,5.0,0.5,0.5,0.0,0.0,0.3,6.3,0.0,0.0
1,2021-11-01 01:42:15,2021-11-01 02:14:34,1.0,20.8,1.0,N,132,78,1,56.5,1.75,0.5,3.0,6.55,0.3,68.6,0.0,1.25
2,2021-11-01 01:30:54,2021-11-01 01:48:27,1.0,5.17,1.0,N,68,236,1,17.0,0.5,0.5,4.16,0.0,0.3,24.96,2.5,0.0
2,2021-11-01 01:13:22,2021-11-01 01:34:01,2.0,6.11,1.0,N,90,80,1,21.5,0.5,0.5,5.06,0.0,0.3,30.36,2.5,0.0
2,2021-11-01 01:47:50,2021-11-01 01:57:09,2.0,3.51,1.0,N,148,140,1,11.5,0.5,0.5,3.06,0.0,0.3,18.36,2.5,0.0
2,2021-11-01 00:14:53,2021-11-01 00:27:38,3.0,1.22,1.0,N,79,249,1,9.0,0.5,0.5,2.56,0.0,0.3,15.36,2.5,0.0
2,2021-11-01 00:42:43,2021-11-01 00:53:57,3.0,1.62,1.0,N,68,114,1,9.0,0.5,0.5,2.56,0.0,0.3,15.36,2.5,0.0
1,2021-11-01 01:07:20,2021-11-01 01:11:08,1.0,1.0,1.0,Y,170,224,1,5.0,3.0,0.5,2.6,0.0,0.3,11.4,2.5,0.0
2,2021-11-01 01:30:05,2021-11-01 01:44:31,6.0,3.34,1.0,N,114,229,1,13.5,0.5,0.5,3.46,0.0,0.3,20.76,2.5,0.0
2,2021-11-01 01:08:54,2021-11-01 01:24:25,1.0,12.13,1.0,N,132,138,1,32.5,0.5,0.5,7.01,0.0,0.3,42.06,0.0,1.25
2,2021-11-01 01:17:03,2021-11-01 01:43:11,1.0,16.97,1.0,N,132,256,1,46.0,0.5,0.5,14.56,0.0,0.3,63.11,0.0,1.25
1,2021-11-01 01:00:33,2021-11-01 01:06:59,2.0,1.2,1.0,N,100,186,2,6.5,3.0,0.5,0.0,0.0,0.3,10.3,2.5,0.0
1,2021-11-01 01:12:11,2021-11-01 01:22:21,1.0,2.4,1.0,N,186,141,2,10.0,3.0,0.5,0.0,0.0,0.3,13.8,2.5,0.0
1,2021-11-01 01:25:15,2021-11-01 01:28:09,1.0,1.0,1.0,N,141,262,1,5.0,3.0,0.5,1.75,0.0,0.3,10.55,2.5,0.0
2,2021-11-01 01:45:44,2021-11-01 02:02:27,1.0,5.98,1.0,N,263,244,2,19.5,0.5,0.5,0.0,0.0,0.3,23.3,2.5,0.0
2,2021-11-01 01:26:53,2021-11-01 01:52:29,1.0,9.13,1.0,N,249,89,1,28.0,0.5,0.5,6.0,0.0,0.3,37.8,2.5,0.0
1,2021-11-01 01:16:51,2021-11-01 01:37:03,1.0,8.9,1.0,N,186,119,2,27.0,3.0,0.5,0.0,0.0,0.3,30.8,2.5,0.0
2,2021-11-01 00:58:00,2021-11-01 01:08:22,6.0,2.12,1.0,N,79,209,1,9.5,0.5,0.5,1.0,0.0,0.3,14.3,2.5,0.0
2,2021-11-01 01:16:30,2021-11-01 01:42:22,6.0,13.23,1.0,N,144,53,1,38.0,0.5,0.5,0.0,0.0,0.3,41.8,2.5,0.0
2,2021-11-01 01:32:59,2021-11-01 01:35:41,1.0,0.37,1.0,N,186,186,2,4.0,0.5,0.5,0.0,0.0,0.3,7.8,2.5,0.0
2,2021-11-01 01:37:46,2021-11-01 01:59:32,1.0,9.0,1.0,N,186,143,1,26.5,0.5,0.5,6.06,0.0,0.3,36.36,2.5,0.0
2,2021-11-01 01:03:46,2021-11-01 01:28:04,1.0,7.21,1.0,N,186,61,2,24.0,0.5,0.5,0.0,0.0,0.3,27.8,2.5,0.0
2,2021-11-01 01:50:38,2021-11-01 01:59:04,1.0,1.88,1.0,N,113,233,1,8.5,0.5,0.5,0.8,0.0,0.3,13.1,2.5,0.0
2,2021-11-01 01:51:10,2021-11-01 01:51:15,1.0,0.0,5.0,N,264,264,1,66.0,0.0,0.5,16.62,0.0,0.0,83.12,0.0,0.0
2,2021-11-01 01:23:26,2021-11-01 01:36:11,3.0,3.28,1.0,N,161,114,1,12.0,0.5,0.5,3.16,0.0,0.3,18.96,2.5,0.0
2,2021-11-01 01:25:18,2021-11-01 01:43:24,1.0,7.64,1.0,N,7,244,1,23.5,0.5,0.5,6.27,6.55,0.3,37.62,0.0,0.0
2,2021-11-01 01:50:21,2021-11-01 02:02:02,1.0,3.03,1.0,N,116,75,1,12.0,0.5,0.5,2.66,0.0,0.3,15.96,0.0,0.0
2,2021-11-01 01:34:03,2021-11-01 01:39:36,1.0,1.02,1.0,N,148,114,1,6.0,0.5,0.5,1.96,0.0,0.3,11.76,2.5,0.0
2,2021-11-01 01:14:00,2021-11-01 01:27:23,1.0,3.86,1.0,N,249,209,1,13.0,0.5,0.5,10.0,0.0,0.3,26.8,2.5,0.0
2,2021-11-01 01:18:28,2021-11-01 01:34:11,1.0,5.59,1.0,N,68,238,1,18.5,0.5,0.5,4.46,0.0,0.3,26.76,2.5,0.0
2,2021-11-01 01:42:35,2021-11-01 01:51:21,1.0,2.1,1.0,N,148,261,1,9.0,0.5,0.5,2.56,0.0,0.3,15.36,2.5,0.0
2,2021-11-01 01:59:01,2021-11-01 02:01:42,1.0,0.36,1.0,N,249,249,1,3.5,0.5,0.5,1.46,0.0,0.3,8.76,2.5,0.0
2,2021-11-01 01:11:36,2021-11-01 01:18:22,2.0,2.45,1.0,N,107,141,1,8.5,0.5,0.5,2.46,0.0,0.3,14.76,2.5,0.0
2,2021-11-01 01:24:55,2021-11-01 01:40:12,2.0,6.25,1.0,N,263,244,1,20.0,0.5,0.5,5.95,0.0,0.3,29.75,2.5,0.0
2,2021-11-01 01:17:24,2021-11-01 01:35:44,1.0,3.14,1.0,N,170,148,1,14.5,0.5,0.5,0.0,0.0,0.3,18.3,2.5,0.0
2,2021-11-01 01:33:56,2021-11-01 01:48:30,1.0,2.74,1.0,N,249,170,1,12.0,0.5,0.5,2.0,0.0,0.3,17.8,2.5,0.0
2,2021-11-01 01:50:33,2021-11-01 01:53:35,1.0,1.25,1.0,N,137,79,1,5.5,0.5,0.5,2.0,0.0,0.3,11.3,2.5,0.0
2,2021-11-01 01:06:01,2021-11-01 01:15:04,1.0,1.82,1.0,N,234,170,1,8.5,0.5,0.5,2.0,0.0,0.3,14.3,2.5,0.0
2,2021-11-01 01:36:00,2021-11-01 01:49:17,1.0,1.79,1.0,N,249,79,1,10.0,0.5,0.5,3.0,0.0,0.3,16.8,2.5,0.0
2,2021-11-01 01:57:49,2021-11-01 02:00:46,1.0,1.13,1.0,N,79,137,1,5.0,0.5,0.5,1.76,0.0,0.3,10.56,2.5,0.0
2,2021-11-01 01:14:00,2021-11-01 01:18:38,1.0,1.02,1.0,N,234,161,1,5.5,0.5,0.5,2.79,0.0,0.3,12.09,2.5,0.0
2,2021-11-01 01:52:38,2021-11-01 02:02:59,1.0,2.33,1.0,N,234,163,2,10.0,0.5,0.5,0.0,0.0,0.3,13.8,2.5,0.0
1,2021-11-01 01:30:30,2021-11-01 01:37:29,1.0,1.4,1.0,N,148,125,1,7.0,3.0,0.5,2.15,0.0,0.3,12.95,2.5,0.0
1,2021-11-01 01:40:11,2021-11-01 01:42:57,1.0,0.3,1.0,N,125,211,1,4.0,3.0,0.5,1.0,0.0,0.3,8.8,2.5,0.0
1,2021-11-01 01:10:47,2021-11-01 01:16:14,1.0,2.0,1.0,N,236,74,1,8.0,3.0,0.5,0.0,0.0,0.3,11.8,2.5,0.0
2,2021-11-01 01:47:58,2021-11-01 01:52:13,1.0,1.24,1.0,N,249,68,1,6.0,0.5,0.5,2.45,0.0,0.3,12.25,2.5,0.0
1,2021-11-01 01:44:51,2021-11-01 01:49:41,1.0,1.0,1.0,N,48,142,1,5.5,3.0,0.5,1.85,0.0,0.3,11.15,2.5,0.0
2,2021-11-01 01:06:10,2021-11-01 01:13:53,4.0,3.22,1.0,N,148,112,2,11.0,0.5,0.5,0.0,0.0,0.3,14.8,2.5,0.0
2,2021-11-01 01:29:00,2021-11-01 01:39:05,1.0,1.58,1.0,N,249,148,1,8.5,0.5,0.5,2.0,0.0,0.3,14.3,2.5,0.0
2,2021-11-01 01:41:31,2021-11-01 01:53:56,1.0,2.73,1.0,N,148,186,1,11.5,0.5,0.5,1.0,0.0,0.3,16.3,2.5,0.0
2,2021-11-01 01:57:18,2021-11-01 02:06:59,1.0,1.97,1.0,N,249,79,1,9.0,0.5,0.5,2.56,0.0,0.3,15.36,2.5,0.0
1,2021-11-01 01:45:15,2021-11-01 02:05:22,1.0,5.0,1.0,N,79,62,2,18.0,3.0,0.5,0.0,0.0,0.3,21.8,2.5,0.0
2,2021-11-01 01:06:26,2021-11-01 01:15:42,1.0,2.24,1.0,N,107,161,2,9.5,0.5,0.5,0.0,0.0,0.3,13.3,2.5,0.0
2,2021-11-01 01:25:12,2021-11-01 01:32:12,1.0,1.22,1.0,N,161,100,1,7.0,0.5,0.5,2.16,0.0,0.3,12.96,2.5,0.0
1,2021-11-01 01:01:32,2021-11-01 01:06:50,1.0,0.9,1.0,N,114,249,1,5.5,3.0,0.5,1.85,0.0,0.3,11.15,2.5,0.0
1,2021-11-01 01:08:33,2021-11-01 01:14:19,3.0,1.6,1.0,N,249,164,1,7.0,3.0,0.5,2.15,0.0,0.3,12.95,2.5,0.0
1,2021-11-01 01:30:33,2021-11-01 01:46:11,1.0,3.9,1.0,N,114,52,1,15.0,3.0,0.5,4.7,0.0,0.3,23.5,2.5,0.0
1,2021-11-01 01:57:59,2021-11-01 02:13:50,1.0,4.4,1.0,N,125,143,2,15.5,3.0,0.5,0.0,0.0,0.3,19.3,2.5,0.0
1,2021-11-01 01:08:33,2021-11-01 01:16:50,2.0,1.8,1.0,N,112,80,2,8.0,0.5,0.5,0.0,0.0,0.3,9.3,0.0,0.0
1,2021-11-01 01:39:09,2021-11-01 01:44:37,3.0,2.7,1.0,N,148,170,1,9.5,3.0,0.5,3.3,0.0,0.3,16.6,2.5,0.0
1,2021-11-01 01:48:07,2021-11-01 01:51:44,1.0,1.0,1.0,N,137,233,2,5.0,3.0,0.5,0.0,0.0,0.3,8.8,2.5,0.0
1,2021-11-01 01:55:31,2021-11-01 02:04:39,2.0,2.2,1.0,Y,137,148,1,9.0,3.0,0.5,2.55,0.0,0.3,15.35,2.5,0.0
2,2021-11-01 01:00:00,2021-11-01 01:18:02,1.0,4.17,1.0,N,48,42,1,16.5,0.5,0.5,4.06,0.0,0.3,24.36,2.5,0.0
2,2021-11-01 01:45:03,2021-11-01 01:52:30,1.0,2.13,1.0,N,263,41,1,8.5,0.5,0.5,1.0,0.0,0.3,13.3,2.5,0.0
2,2021-11-01 01:29:55,2021-11-01 01:38:36,1.0,2.69,1.0,N,74,42,2,9.0,0.5,0.5,0.0,0.0,0.3,10.3,0.0,0.0
1,2021-11-01 01:01:51,2021-11-01 01:06:07,1.0,0.6,1.0,N,186,246,1,4.5,3.0,0.5,1.65,0.0,0.3,9.95,2.5,0.0
2,2021-11-01 01:02:30,2021-11-01 01:08:50,1.0,1.03,1.0,N,234,249,1,6.0,0.5,0.5,1.96,0.0,0.3,11.76,2.5,0.0
2,2021-11-01 01:26:57,2021-11-01 01:41:44,1.0,6.18,1.0,N,230,112,2,19.0,0.5,0.5,0.0,6.55,0.3,29.35,2.5,0.0
2,2021-11-01 01:10:29,2021-11-01 01:22:30,1.0,3.37,1.0,N,161,238,1,12.5,0.5,0.5,3.26,0.0,0.3,19.56,2.5,0.0
2,2021-11-01 01:26:38,2021-11-01 01:56:58,1.0,22.69,1.0,N,138,55,1,59.5,0.5,0.5,5.0,0.0,0.3,67.05,0.0,1.25
2,2021-11-01 01:09:13,2021-11-01 01:14:12,2.0,0.91,1.0,N,239,143,1,5.5,0.5,0.5,0.93,0.0,0.3,10.23,2.5,0.0
2,2021-11-01 01:00:15,2021-11-01 01:05:55,5.0,0.66,1.0,N,158,125,1,5.5,0.5,0.5,1.86,0.0,0.3,11.16,2.5,0.0
2,2021-11-01 01:31:28,2021-11-01 01:45:23,5.0,5.81,1.0,N,48,74,1,18.5,0.5,0.5,3.0,0.0,0.3,25.3,2.5,0.0
2,2021-11-01 01:50:49,2021-11-01 01:54:14,5.0,0.57,1.0,N,41,42,1,4.5,0.5,0.5,0.0,0.0,0.3,5.8,0.0,0.0
2,2021-11-01 01:16:52,2021-11-01 01:24:34,1.0,1.0,1.0,N,48,162,2,6.5,0.5,0.5,0.0,0.0,0.3,10.3,2.5,0.0
2,2021-11-01 01:29:26,2021-11-01 01:30:44,1.0,0.31,1.0,N,170,161,2,3.0,0.5,0.5,0.0,0.0,0.3,6.8,2.5,0.0
2,2021-11-01 01:35:45,2021-11-01 01:49:58,1.0,7.15,1.0,N,48,116,2,21.0,0.5,0.5,0.0,0.0,0.3,24.8,2.5,0.0
2,2021-11-01 01:16:55,2021-11-01 01:27:06,1.0,1.88,1.0,N,234,50,1,9.0,0.5,0.5,0.0,0.0,0.3,12.8,2.5,0.0
2,2021-11-01 01:30:29,2021-11-01 01:41:50,1.0,2.2,1.0,N,50,107,1,10.0,0.5,0.5,0.0,0.0,0.3,13.8,2.5,0.0
1,2021-11-01 01:01:55,2021-11-01 01:07:31,1.0,1.4,1.0,N,264,264,1,6.5,0.5,0.5,1.55,0.0,0.3,9.35,0.0,0.0
1,2021-11-01 01:21:03,2021-11-01 01:35:42,2.0,2.9,1.0,N,264,264,1,12.5,0.5,0.5,2.75,0.0,0.3,16.55,0.0,0.0
1,2021-11-01 01:55:43,2021-11-01 02:01:51,2.0,1.5,1.0,N,264,264,1,7.0,0.5,0.5,1.0,0.0,0.3,9.3,0.0,0.0
2,2021-11-01 01:40:51,2021-11-01 01:52:38,1.0,3.05,1.0,N,230,114,1,11.0,0.5,0.5,2.0,0.0,0.3,16.8,2.5,0.0
2,2021-11-01 01:35:16,2021-11-01 01:45:35,1.0,6.05,1.0,N,132,197,2,18.0,0.5,0.5,0.0,0.0,0.3,20.55,0.0,1.25
2,2021-11-01 01:08:30,2021-11-01 01:13:24,1.0,0.98,1.0,N,68,246,1,5.5,0.5,0.5,1.86,0.0,0.3,11.16,2.5,0.0
2,2021-11-01 01:18:46,2021-11-01 01:35:06,1.0,8.04,1.0,N,48,243,2,24.5,0.5,0.5,0.0,0.0,0.3,28.3,2.5,0.0
1,2021-11-01 01:10:54,2021-11-01 01:21:46,1.0,1.8,1.0,N,113,170,1,8.0,3.0,0.5,2.35,0.0,0.3,14.15,2.5,0.0
1,2021-11-01 01:34:10,2021-11-01 01:52:53,1.0,4.3,1.0,N,230,179,1,15.0,8.5,0.5,4.85,0.0,0.3,29.15,2.5,0.0
2,2021-11-01 01:27:43,2021-11-01 01:59:19,1.0,6.94,5.0,N,68,265,2,60.0,0.0,0.0,0.0,0.0,0.3,60.3,0.0,0.0
2,2021-11-01 01:27:43,2021-11-01 02:07:21,1.0,0.0,5.0,N,68,265,2,25.0,0.0,0.0,0.0,0.0,0.0,25.0,0.0,0.0
2,2021-11-01 01:31:04,2021-11-01 01:37:39,1.0,1.24,1.0,N,79,249,2,7.0,0.5,0.5,0.0,0.0,0.3,10.8,2.5,0.0
2,2021-11-01 01:41:07,2021-11-01 01:52:57,1.0,2.82,1.0,N,249,170,1,11.0,0.5,0.5,2.0,0.0,0.3,16.8,2.5,0.0
1,2021-11-01 01:13:46,2021-11-01 01:42:12,1.0,5.8,1.0,N,114,225,2,23.5,3.0,0.5,0.0,0.0,0.3,27.3,2.5,0.0
2,2021-11-01 01:04:55,2021-11-01 01:11:32,1.0,1.54,1.0,N,158,48,2,7.0,0.5,0.5,0.0,0.0,0.3,10.8,2.5,0.0
2,2021-11-01 01:38:17,2021-11-01 01:46:11,2.0,1.78,1.0,N,162,79,1,8.0,0.5,0.5,1.5,0.0,0.3,13.3,2.5,0.0
1,2021-11-01 01:02:24,2021-11-01 01:13:38,2.0,4.4,1.0,N,79,236,1,13.5,3.0,0.5,3.45,0.0,0.3,20.75,2.5,0.0
2,2021-11-01 01:25:13,2021-11-01 01:48:31,2.0,17.15,2.0,N,132,141,1,52.0,0.0,0.5,11.31,0.0,0.3,67.86,2.5,1.25
2,2021-11-01 01:51:49,2021-11-01 01:58:46,1.0,2.4,1.0,N,141,107,1,8.5,0.5,0.5,2.46,0.0,0.3,14.76,2.5,0.0
2,2021-11-01 01:43:52,2021-11-01 01:59:14,1.0,4.49,1.0,N,142,74,1,15.0,0.5,0.5,3.76,0.0,0.3,22.56,2.5,0.0
2,2021-11-01 01:02:20,2021-11-01 01:26:55,2.0,4.79,1.0,N,114,236,1,20.0,0.5,0.5,1.0,0.0,0.3,24.8,2.5,0.0
2,2021-11-01 01:30:21,2021-11-01 01:36:37,2.0,2.01,1.0,N,237,164,1,8.0,0.5,0.5,1.08,0.0,0.3,12.88,2.5,0.0
2,2021-11-01 01:41:32,2021-11-01 02:01:26,2.0,5.96,1.0,N,234,24,1,19.5,0.5,0.5,4.66,0.0,0.3,27.96,2.5,0.0
1,2021-11-01 01:46:04,2021-11-01 01:50:20,2.0,0.7,1.0,N,79,144,1,5.0,3.0,0.5,2.6,0.0,0.3,11.4,2.5,0.0
1,2021-11-01 01:57:42,2021-11-01 02:02:59,1.0,0.9,1.0,N,211,148,1,6.0,3.0,0.5,2.9,0.0,0.3,12.7,2.5,0.0
1,2021-11-01 01:25:11,2021-11-01 01:32:24,1.0,1.7,1.0,N,144,107,2,7.5,3.0,0.5,0.0,0.0,0.3,11.3,2.5,0.0
2,2021-11-01 01:20:59,2021-11-01 01:28:19,1.0,1.48,1.0,N,90,48,1,7.5,0.5,0.5,2.26,0.0,0.3,13.56,2.5,0.0
2,2021-11-01 01:29:44,2021-11-01 01:51:16,1.0,3.64,1.0,N,48,148,1,16.0,0.5,0.5,1.0,0.0,0.3,20.8,2.5,0.0
2,2021-11-01 01:53:03,2021-11-01 01:59:18,1.0,1.16,1.0,N,148,125,1,6.5,0.5,0.5,2.06,0.0,0.3,12.36,2.5,0.0
2,2021-11-01 01:31:04,2021-11-01 01:49:20,1.0,5.79,1.0,N,79,179,1,18.5,0.5,0.5,4.46,0.0,0.3,26.76,2.5,0.0
2,2021-11-01 01:01:34,2021-11-01 01:06:27,1.0,1.26,1.0,N,144,88,1,6.0,0.5,0.5,1.0,0.0,0.3,10.8,2.5,0.0
2,2021-11-01 01:11:44,2021-11-01 01:18:06,1.0,1.46,1.0,N,261,125,2,7.0,0.5,0.5,0.0,0.0,0.3,10.8,2.5,0.0
2,2021-11-01 01:18:56,2021-11-01 01:25:02,1.0,0.76,1.0,N,125,144,1,6.0,0.5,0.5,1.96,0.0,0.3,11.76,2.5,0.0
2,2021-11-01 01:41:37,2021-11-01 01:56:05,1.0,7.37,1.0,N,148,82,1,22.5,0.5,0.5,5.26,0.0,0.3,31.56,2.5,0.0
2,2021-11-01 01:02:36,2021-11-01 01:11:27,1.0,1.86,1.0,N,113,45,1,8.5,0.5,0.5,0.0,0.0,0.3,12.3,2.5,0.0
2,2021-11-01 01:36:16,2021-11-01 01:49:06,1.0,3.73,1.0,N,249,52,1,13.0,0.5,0.5,4.2,0.0,0.3,21.0,2.5,0.0
1,2021-11-01 01:48:43,2021-11-01 02:16:41,1.0,6.7,1.0,N,244,229,1,24.5,3.0,0.5,3.0,0.0,0.3,31.3,2.5,0.0
1,2021-11-01 01:19:15,2021-11-01 01:34:31,1.0,3.1,1.0,N,262,166,1,13.5,3.0,0.5,3.45,0.0,0.3,20.75,2.5,0.0
2,2021-11-01 01:17:54,2021-11-01 01:32:18,1.0,3.05,1.0,N,90,261,1,12.0,0.5,0.5,3.16,0.0,0.3,18.96,2.5,0.0
1,2021-11-01 01:54:25,2021-11-01 02:03:15,2.0,2.9,1.0,N,263,146,1,10.5,3.0,0.5,2.0,0.0,0.3,16.3,2.5,0.0
2,2021-11-01 01:03:13,2021-11-01 01:15:18,5.0,3.19,1.0,N,264,264,2,12.0,0.5,0.5,0.0,0.0,0.3,15.8,2.5,0.0
2,2021-11-01 01:29:31,2021-11-01 01:34:13,5.0,1.64,1.0,N,264,264,1,6.5,0.5,0.5,2.58,0.0,0.3,12.88,2.5,0.0
2,2021-11-01 01:57:17,2021-11-01 02:12:19,5.0,4.31,1.0,N,264,264,2,15.0,0.5,0.5,0.0,0.0,0.3,16.3,0.0,0.0
2,2021-11-01 01:11:31,2021-11-01 01:30:56,1.0,5.97,1.0,N,249,166,1,19.5,0.5,0.5,4.66,0.0,0.3,27.96,2.5,0.0
2,2021-11-01 01:34:36,2021-11-01 01:48:17,1.0,2.38,1.0,N,24,75,1,10.5,0.5,0.5,2.36,0.0,0.3,14.16,0.0,0.0
2,2021-11-01 01:49:44,2021-11-01 02:04:56,1.0,8.8,1.0,N,75,261,1,25.0,0.5,0.5,5.76,0.0,0.3,34.56,2.5,0.0
2,2021-11-01 01:33:40,2021-11-01 01:40:05,1.0,1.81,1.0,N,68,163,1,7.5,0.5,0.5,2.83,0.0,0.3,14.13,2.5,0.0
2,2021-11-01 01:48:00,2021-11-01 01:56:49,1.0,2.07,1.0,N,90,148,1,9.0,0.5,0.5,3.2,0.0,0.3,16.0,2.5,0.0
2,2021-11-01 01:16:06,2021-11-01 01:23:13,1.0,2.68,1.0,N,229,113,2,9.0,0.5,0.5,0.0,0.0,0.3,12.8,2.5,0.0
2,2021-11-01 01:28:34,2021-11-01 01:38:09,1.0,2.01,1.0,N,234,48,1,9.0,0.5,0.5,2.56,0.0,0.3,15.36,2.5,0.0
2,2021-11-01 01:00:30,2021-11-01 01:13:50,1.0,3.01,1.0,N,144,246,1,12.0,0.5,0.5,1.0,0.0,0.3,16.8,2.5,0.0
2,2021-11-01 01:23:27,2021-11-01 01:25:58,1.0,0.41,1.0,N,68,246,1,4.0,0.5,0.5,1.95,0.0,0.3,9.75,2.5,0.0
2,2021-11-01 01:27:56,2021-11-01 01:35:45,1.0,1.25,1.0,N,246,100,2,7.0,0.5,0.5,0.0,0.0,0.3,10.8,2.5,0.0
2,2021-11-01 01:59:50,2021-11-01 02:16:49,1.0,3.78,1.0,N,162,246,1,14.0,0.5,0.5,1.5,0.0,0.3,19.3,2.5,0.0
1,2021-11-01 01:39:32,2021-11-01 01:44:21,3.0,0.6,1.0,N,148,79,2,5.0,3.0,0.5,0.0,0.0,0.3,8.8,2.5,0.0
2,2021-11-01 01:33:51,2021-11-01 01:41:19,6.0,1.59,1.0,N,230,229,1,7.5,0.5,0.5,3.39,0.0,0.3,14.69,2.5,0.0
1,2021-11-01 01:10:19,2021-11-01 01:26:38,2.0,4.6,1.0,N,107,239,1,16.5,3.0,0.5,4.05,0.0,0.3,24.35,2.5,0.0
1,2021-11-01 01:39:04,2021-11-01 01:46:32,2.0,1.3,1.0,N,246,107,1,7.0,3.0,0.5,2.16,0.0,0.3,12.96,2.5,0.0
1,2021-11-01 01:55:39,2021-11-01 02:00:28,1.0,1.0,1.0,N,234,90,1,5.5,3.0,0.5,2.79,0.0,0.3,12.09,2.5,0.0
2,2021-11-01 01:04:24,2021-11-01 01:16:54,2.0,3.63,1.0,N,43,112,2,13.0,0.5,0.5,0.0,0.0,0.3,16.8,2.5,0.0
2,2021-11-01 01:49:11,2021-11-01 01:53:11,2.0,0.65,1.0,N,246,48,2,5.0,0.5,0.5,0.0,0.0,0.3,8.8,2.5,0.0
2,2021-11-01 02:01:52,2021-11-01 02:15:08,2.0,2.5,1.0,N,239,163,1,11.5,0.5,0.5,3.06,0.0,0.3,18.36,2.5,0.0
2,2021-11-01 01:05:03,2021-11-01 01:25:44,2.0,6.03,1.0,N,249,166,1,20.5,0.5,0.5,4.86,0.0,0.3,29.16,2.5,0.0
2,2021-11-01 01:42:54,2021-11-01 01:49:29,2.0,1.5,1.0,N,48,164,1,7.0,0.5,0.5,2.16,0.0,0.3,12.96,2.5,0.0
2,2021-11-01 01:00:22,2021-11-01 01:18:59,1.0,4.83,1.0,N,230,179,2,17.0,0.5,0.5,0.0,0.0,0.3,20.8,2.5,0.0
2,2021-11-01 01:48:10,2021-11-01 02:01:06,1.0,2.37,1.0,N,90,79,1,10.5,0.5,0.5,0.72,0.0,0.3,15.02,2.5,0.0
2,2021-11-01 01:15:05,2021-11-01 01:24:34,2.0,2.42,1.0,N,24,142,1,10.0,0.5,0.5,2.76,0.0,0.3,16.56,2.5,0.0
2,2021-11-01 01:40:59,2021-11-01 01:47:48,3.0,1.66,1.0,N,186,43,1,7.5,0.5,0.5,0.0,0.0,0.3,11.3,2.5,0.0
2,2021-11-01 01:57:10,2021-11-01 02:07:31,1.0,2.8,1.0,N,234,87,1,10.5,0.5,0.5,2.86,0.0,0.3,17.16,2.5,0.0
2,2021-11-01 01:44:48,2021-11-01 02:23:12,2.0,14.81,1.0,N,125,60,1,43.0,0.5,0.5,11.7,0.0,0.3,58.5,2.5,0.0
2,2021-11-01 01:23:29,2021-11-01 01:32:23,1.0,2.4,1.0,N,114,230,1,9.5,0.5,0.5,2.5,0.0,0.3,15.8,2.5,0.0
2,2021-11-01 01:50:34,2021-11-01 02:02:01,1.0,2.88,1.0,N,79,13,1,11.0,0.5,0.5,2.96,0.0,0.3,17.76,2.5,0.0
2,2021-11-01 01:11:12,2021-11-01 01:30:43,2.0,5.89,1.0,N,234,166,2,19.0,0.5,0.5,0.0,0.0,0.3,22.8,2.5,0.0
2,2021-11-01 01:42:30,2021-11-01 01:58:25,2.0,3.37,1.0,N,151,230,2,14.0,0.5,0.5,0.0,0.0,0.3,17.8,2.5,0.0
2,2021-11-01 02:00:28,2021-11-01 02:22:32,2.0,5.98,1.0,N,48,83,2,21.0,0.5,0.5,0.0,0.0,0.3,24.8,2.5,0.0
1,2021-11-01 01:59:03,2021-11-01 02:18:22,1.0,16.2,1.0,N,132,256,2,44.0,1.75,0.5,0.0,0.0,0.3,46.55,0.0,1.25
2,2021-11-01 01:06:03,2021-11-01 01:14:39,1.0,2.36,1.0,N,164,211,1,9.0,0.5,0.5,3.2,0.0,0.3,16.0,2.5,0.0
2,2021-11-01 01:17:18,2021-11-01 01:24:42,1.0,1.69,1.0,N,211,13,1,7.5,0.5,0.5,1.7,0.0,0.3,13.0,2.5,0.0
2,2021-11-01 01:43:49,2021-11-01 01:47:17,1.0,0.89,1.0,N,114,234,2,5.0,0.5,0.5,0.0,0.0,0.3,8.8,2.5,0.0
2,2021-11-01 01:50:23,2021-11-01 02:09:00,1.0,7.38,1.0,N,164,42,2,23.5,0.5,0.5,0.0,0.0,0.3,27.3,2.5,0.0
2,2021-11-01 01:05:25,2021-11-01 01:29:24,1.0,7.24,1.0,N,144,74,1,23.0,0.5,0.5,5.36,0.0,0.3,32.16,2.5,0.0
2,2021-11-01 01:26:55,2021-11-01 01:35:39,2.0,1.92,1.0,N,114,13,1,9.0,0.5,0.5,2.56,0.0,0.3,15.36,2.5,0.0
2,2021-11-01 01:42:27,2021-11-01 01:52:33,1.0,2.38,1.0,N,125,164,2,9.5,0.5,0.5,0.0,0.0,0.3,13.3,2.5,0.0
1,2021-11-01 01:05:37,2021-11-01 01:15:14,1.0,2.3,1.0,N,79,88,1,9.5,3.0,0.5,2.65,0.0,0.3,15.95,2.5,0.0
1,2021-11-01 01:27:52,2021-11-01 01:37:47,2.0,1.1,1.0,N,90,230,1,8.5,3.0,0.5,2.0,0.0,0.3,14.3,2.5,0.0
1,2021-11-01 01:45:23,2021-11-01 02:15:28,1.0,7.4,1.0,N,230,225,1,26.5,3.0,0.5,3.0,0.0,0.3,33.3,2.5,0.0
2,2021-11-01 01:14:42,2021-11-01 01:25:40,1.0,2.83,1.0,N,231,186,1,11.0,0.5,0.5,4.44,0.0,0.3,19.24,2.5,0.0
2,2021-11-01 01:34:05,2021-11-01 01:43:45,1.0,2.85,1.0,N,163,114,2,10.5,0.5,0.5,0.0,0.0,0.3,14.3,2.5,0.0
2,2021-11-01 01:16:49,2021-11-01 01:31:52,1.0,3.06,1.0,N,148,100,1,13.0,0.5,0.5,3.36,0.0,0.3,20.16,2.5,0.0
2,2021-11-01 01:12:33,2021-11-01 01:12:36,1.0,0.0,5.0,N,265,264,1,126.0,0.0,0.5,0.0,0.0,0.3,126.8,0.0,0.0
2,2021-11-01 01:07:58,2021-11-01 01:34:42,1.0,11.34,1.0,N,132,61,1,33.0,0.5,0.5,6.86,0.0,0.3,42.41,0.0,1.25
2,2021-11-01 01:24:05,2021-11-01 01:29:49,2.0,1.82,1.0,N,90,50,1,7.5,0.5,0.5,1.0,0.0,0.3,12.3,2.5,0.0
2,2021-11-01 01:35:30,2021-11-01 01:54:49,2.0,8.03,1.0,N,68,244,2,24.5,0.5,0.5,0.0,0.0,0.3,28.3,2.5,0.0
2,2021-11-01 01:54:03,2021-11-01 02:03:45,6.0,1.6,1.0,N,79,186,2,8.5,0.5,0.5,0.0,0.0,0.3,12.3,2.5,0.0
2,2021-11-01 01:16:45,2021-11-01 01:27:37,1.0,2.57,1.0,N,79,186,1,10.5,0.5,0.5,2.86,0.0,0.3,17.16,2.5,0.0
2,2021-11-01 01:38:26,2021-11-01 01:42:06,1.0,0.93,1.0,N,114,234,1,5.0,0.5,0.5,1.76,0.0,0.3,10.56,2.5,0.0
2,2021-11-01 01:44:10,2021-11-01 02:05:10,1.0,4.76,1.0,N,90,236,1,18.0,0.5,0.5,2.0,0.0,0.3,23.8,2.5,0.0
2,2021-11-01 01:10:11,2021-11-01 01:13:49,1.0,0.68,1.0,N,234,164,1,4.5,0.5,0.5,1.66,0.0,0.3,9.96,2.5,0.0
2,2021-11-01 01:15:21,2021-11-01 01:21:42,1.0,0.96,1.0,N,164,48,1,6.5,0.5,0.5,1.0,0.0,0.3,11.3,2.5,0.0
2,2021-11-01 01:30:04,2021-11-01 01:34:37,2.0,1.02,1.0,N,186,68,1,5.5,0.5,0.5,2.0,0.0,0.3,11.3,2.5,0.0
2,2021-11-01 01:53:14,2021-11-01 01:59:43,3.0,0.95,1.0,N,113,79,1,6.0,0.5,0.5,1.96,0.0,0.3,11.76,2.5,0.0
1,2021-11-01 01:24:09,2021-11-01 01:50:15,1.0,18.9,1.0,N,132,97,1,51.5,1.75,0.5,8.11,0.0,0.3,62.16,0.0,1.25
2,2021-11-01 01:04:37,2021-11-01 01:09:48,1.0,1.49,1.0,N,158,68,1,6.5,0.5,0.5,2.0,0.0,0.3,12.3,2.5,0.0
2,2021-11-01 01:12:46,2021-11-01 01:21:36,1.0,2.43,1.0,N,158,48,1,9.5,0.5,0.5,2.66,0.0,0.3,15.96,2.5,0.0
2,2021-11-01 01:32:41,2021-11-01 01:44:16,1.0,2.17,1.0,N,90,125,1,10.0,0.5,0.5,2.76,0.0,0.3,16.56,2.5,0.0
2,2021-11-01 01:51:52,2021-11-01 02:17:19,1.0,6.8,1.0,N,68,61,1,24.0,0.5,0.5,5.56,0.0,0.3,33.36,2.5,0.0
2,2021-11-01 00:40:39,2021-11-01 00:48:55,1.0,1.62,1.0,N,68,79,1,8.0,0.5,0.5,2.36,0.0,0.3,14.16,2.5,0.0
2,2021-11-01 01:00:34,2021-11-01 01:20:08,1.0,4.04,1.0,N,148,246,2,15.5,0.5,0.5,0.0,0.0,0.3,19.3,2.5,0.0
2,2021-11-01 01:27:44,2021-11-01 01:27:44,1.0,0.0,5.0,N,264,264,1,19.3,0.0,0.0,0.0,0.0,0.0,19.3,0.0,0.0
2,2021-11-01 01:18:22,2021-11-01 01:25:24,1.0,1.59,1.0,N,79,107,1,7.5,0.5,0.5,2.26,0.0,0.3,13.56,2.5,0.0
2,2021-11-01 01:36:44,2021-11-01 01:43:50,1.0,1.93,1.0,N,249,246,1,8.0,0.5,0.5,1.0,0.0,0.3,12.8,2.5,0.0
2,2021-11-01 01:45:04,2021-11-01 01:53:28,1.0,1.59,1.0,N,246,161,1,7.5,0.5,0.5,10.8,0.0,0.3,22.1,2.5,0.0
2,2021-11-01 01:21:05,2021-11-01 01:40:33,1.0,5.16,1.0,N,238,7,2,17.0,0.5,0.5,0.0,0.0,0.3,20.8,2.5,0.0
1,2021-11-01 01:24:34,2021-11-01 01:35:09,1.0,2.9,1.0,N,148,25,1,11.0,3.0,0.5,2.95,0.0,0.3,17.75,2.5,0.0
1,2021-11-01 01:54:44,2021-11-01 02:17:13,4.0,7.7,1.0,N,79,166,1,25.0,3.0,0.5,5.0,0.0,0.3,33.8,2.5,0.0
2,2021-11-01 01:01:23,2021-11-01 01:08:08,1.0,1.1,1.0,N,249,79,1,6.5,0.5,0.5,2.58,0.0,0.3,12.88,2.5,0.0
2,2021-11-01 01:24:18,2021-11-01 01:37:40,1.0,3.35,1.0,N,186,263,1,12.5,0.5,0.5,1.0,0.0,0.3,17.3,2.5,0.0
2,2021-11-01 01:48:36,2021-11-01 01:57:19,1.0,2.48,1.0,N,75,237,2,9.5,0.5,0.5,0.0,0.0,0.3,13.3,2.5,0.0
2,2021-11-01 01:30:31,2021-11-01 01:34:06,1.0,0.61,1.0,N,141,141,1,4.5,0.5,0.5,1.0,0.0,0.3,9.3,2.5,0.0
1,2021-11-01 01:36:02,2021-11-01 01:37:58,1.0,0.2,1.0,N,249,125,4,3.5,3.0,0.5,0.0,0.0,0.3,7.3,2.5,0.0
1,2021-11-01 01:40:33,2021-11-01 02:00:48,1.0,5.6,1.0,N,114,37,1,20.0,3.0,0.5,5.95,0.0,0.3,29.75,2.5,0.0
2,2021-11-01 01:21:08,2021-11-01 01:31:22,1.0,2.56,1.0,N,186,141,1,10.0,0.5,0.5,2.76,0.0,0.3,16.56,2.5,0.0
2,2021-11-01 01:35:32,2021-11-01 01:40:52,1.0,1.94,1.0,N,229,79,1,7.5,0.5,0.5,2.26,0.0,0.3,13.56,2.5,0.0
2,2021-11-01 01:45:12,2021-11-01 01:53:47,2.0,2.21,1.0,N,113,48,1,9.0,0.5,0.5,2.56,0.0,0.3,15.36,2.5,0.0
2,2021-11-01 01:40:32,2021-11-01 01:49:59,1.0,1.29,1.0,N,90,230,1,8.0,0.5,0.5,2.36,0.0,0.3,14.16,2.5,0.0
2,2021-11-01 01:15:39,2021-11-01 01:32:20,1.0,3.89,1.0,N,249,143,1,15.0,0.5,0.5,3.76,0.0,0.3,22.56,2.5,0.0
2,2021-11-01 01:51:58,2021-11-01 01:55:56,1.0,0.8,1.0,N,68,246,2,5.0,0.5,0.5,0.0,0.0,0.3,8.8,2.5,0.0
1,2021-11-01 01:25:13,2021-11-01 01:29:43,1.0,0.7,1.0,N,230,68,1,5.0,3.0,0.5,0.8,0.0,0.3,9.6,2.5,0.0
1,2021-11-01 01:06:58,2021-11-01 01:16:16,2.0,2.0,1.0,N,114,170,1,9.0,3.0,0.5,2.55,0.0,0.3,15.35,2.5,0.0
2,2021-11-01 01:01:12,2021-11-01 01:32:47,1.0,9.48,1.0,N,100,188,2,30.5,0.5,0.5,0.0,0.0,0.3,34.3,2.5,0.0
2,2021-11-01 01:02:03,2021-11-01 01:10:07,1.0,1.2,1.0,N,79,107,1,7.0,0.5,0.5,1.62,0.0,0.3,12.42,2.5,0.0
2,2021-11-01 01:29:42,2021-11-01 01:33:09,1.0,1.01,1.0,N,246,50,1,5.0,0.5,0.5,1.0,0.0,0.3,9.8,2.5,0.0
2,2021-11-01 01:59:28,2021-11-01 02:19:24,1.0,5.82,1.0,N,246,7,1,19.5,0.5,0.5,3.5,0.0,0.3,26.8,2.5,0.0
2,2021-11-01 01:20:29,2021-11-01 01:42:16,1.0,13.56,1.0,N,132,223,1,37.5,0.5,0.5,10.01,0.0,0.3,50.06,0.0,1.25
2,2021-11-01 00:59:00,2021-11-01 01:15:54,2.0,2.27,1.0,N,90,233,1,12.0,0.5,0.5,1.0,0.0,0.3,16.8,2.5,0.0
2,2021-11-01 01:13:34,2021-11-01 01:32:44,1.0,8.79,1.0,N,234,82,2,26.0,0.5,0.5,0.0,0.0,0.3,29.8,2.5,0.0
2,2021-11-01 01:09:40,2021-11-01 01:27:18,2.0,2.97,1.0,N,148,261,1,13.5,0.5,0.5,3.46,0.0,0.3,20.76,2.5,0.0
2,2021-11-01 01:32:03,2021-11-01 01:46:26,1.0,3.29,1.0,N,261,137,1,13.5,0.5,0.5,3.46,0.0,0.3,20.76,2.5,0.0
2,2021-11-01 01:03:54,2021-11-01 01:17:39,5.0,4.22,1.0,N,144,112,1,15.0,0.5,0.5,3.76,0.0,0.3,22.56,2.5,0.0
2,2021-11-01 01:07:17,2021-11-01 01:23:05,1.0,5.15,1.0,N,113,75,1,16.5,0.5,0.5,2.0,0.0,0.3,22.3,2.5,0.0
2,2021-11-01 01:29:07,2021-11-01 01:37:55,1.0,3.35,1.0,N,263,107,1,11.0,0.5,0.5,1.78,0.0,0.3,16.58,2.5,0.0
2,2021-11-01 01:42:51,2021-11-01 01:49:17,1.0,1.16,1.0,N,162,163,1,6.5,0.5,0.5,2.06,0.0,0.3,12.36,2.5,0.0
2,2021-11-01 00:57:24,2021-11-01 01:01:04,1.0,1.46,1.0,N,107,229,1,6.0,0.5,0.5,2.0,0.0,0.3,11.8,2.5,0.0
2,2021-11-01 01:10:52,2021-11-01 01:17:49,1.0,1.72,1.0,N,148,87,1,8.0,0.5,0.5,2.36,0.0,0.3,14.16,2.5,0.0
1,2021-11-01 01:00:10,2021-11-01 01:10:31,1.0,2.8,1.0,N,90,87,1,10.0,3.0,0.5,3.45,0.0,0.3,17.25,2.5,0.0
1,2021-11-01 01:13:10,2021-11-01 01:42:13,1.0,17.6,1.0,N,87,210,1,48.5,3.0,0.5,15.65,0.0,0.3,67.95,2.5,0.0
2,2021-11-01 01:11:45,2021-11-01 01:16:29,1.0,1.13,1.0,N,41,24,1,6.0,0.5,0.5,1.46,0.0,0.3,8.76,0.0,0.0
2,2021-11-01 01:18:38,2021-11-01 01:24:26,1.0,1.85,1.0,N,24,239,1,7.5,0.5,0.5,2.26,0.0,0.3,13.56,2.5,0.0
2,2021-11-01 01:36:10,2021-11-01 01:56:46,1.0,4.3,1.0,N,68,256,2,17.5,0.5,0.5,0.0,0.0,0.3,21.3,2.5,0.0
2,2021-11-01 01:16:35,2021-11-01 01:33:01,1.0,12.99,1.0,N,132,157,2,35.0,0.5,0.5,0.0,0.0,0.3,37.55,0.0,1.25
1,2021-11-01 01:01:09,2021-11-01 01:32:06,1.0,18.4,2.0,N,132,236,1,52.0,3.75,0.5,8.0,0.0,0.3,64.55,2.5,1.25
1,2021-11-01 01:49:22,2021-11-01 02:01:22,1.0,3.5,1.0,N,230,166,1,12.5,3.0,0.5,3.25,0.0,0.3,19.55,2.5,0.0
1,2021-11-01 01:01:58,2021-11-01 01:16:45,1.0,5.1,1.0,N,148,262,1,17.0,3.0,0.5,2.0,0.0,0.3,22.8,2.5,0.0
1,2021-11-01 01:21:34,2021-11-01 01:30:16,1.0,2.1,1.0,N,263,142,1,9.0,3.0,0.5,1.0,0.0,0.3,13.8,2.5,0.0
1,2021-11-01 01:47:08,2021-11-01 01:55:27,1.0,1.9,1.0,N,230,137,1,8.5,3.0,0.5,1.5,0.0,0.3,13.8,2.5,0.0
1,2021-11-01 01:20:02,2021-11-01 01:30:59,3.0,2.4,1.0,N,237,90,1,11.0,3.0,0.5,1.0,0.0,0.3,15.8,2.5,0.0
1,2021-11-01 01:33:11,2021-11-01 01:37:08,1.0,1.0,1.0,N,90,161,2,5.5,3.0,0.5,0.0,0.0,0.3,9.3,2.5,0.0
1,2021-11-01 01:41:17,2021-11-01 02:01:13,1.0,4.4,1.0,N,161,232,2,18.0,3.0,0.5,0.0,0.0,0.3,21.8,2.5,0.0
2,2021-11-01 01:00:32,2021-11-01 01:05:38,1.0,1.9,1.0,N,79,233,1,7.0,0.5,0.5,5.0,0.0,0.3,15.8,2.5,0.0
2,2021-11-01 01:45:03,2021-11-01 02:13:51,1.0,6.57,1.0,N,249,225,1,23.5,0.5,0.5,5.46,0.0,0.3,32.76,2.5,0.0
2,2021-11-01 01:23:02,2021-11-01 01:40:55,1.0,5.46,1.0,N,132,205,1,18.5,0.5,0.5,0.0,0.0,0.3,21.05,0.0,1.25
2,2021-11-01 01:04:23,2021-11-01 01:04:41,3.0,0.0,3.0,N,265,265,2,20.0,0.5,0.0,0.0,0.0,0.3,20.8,0.0,0.0
2,2021-11-01 01:25:04,2021-11-01 01:39:25,1.0,3.89,1.0,N,90,263,1,13.5,0.5,0.5,3.46,0.0,0.3,20.76,2.5,0.0
2,2021-11-01 01:57:52,2021-11-01 02:08:15,2.0,1.95,1.0,N,186,79,2,9.0,0.5,0.5,0.0,0.0,0.3,12.8,2.5,0.0
1,2021-11-01 01:00:44,2021-11-01 01:15:10,4.0,3.8,1.0,N,162,125,1,13.5,3.0,0.5,1.0,0.0,0.3,18.3,2.5,0.0
1,2021-11-01 01:23:09,2021-11-01 01:40:25,1.0,4.0,1.0,N,249,239,1,15.5,3.0,0.5,3.5,0.0,0.3,22.8,2.5,0.0
1,2021-11-01 01:49:48,2021-11-01 02:05:40,1.0,7.1,1.0,N,163,116,1,21.5,3.0,0.5,5.05,0.0,0.3,30.35,2.5,0.0
2,2021-11-01 01:11:04,2021-11-01 01:20:37,1.0,2.59,1.0,N,79,162,1,10.0,0.5,0.5,3.45,0.0,0.3,17.25,2.5,0.0
2,2021-11-01 01:13:35,2021-11-01 01:40:44,1.0,6.04,1.0,N,48,7,2,22.5,0.5,0.5,0.0,0.0,0.3,26.3,2.5,0.0
2,2021-11-01 01:12:09,2021-11-01 01:30:07,1.0,4.2,1.0,N,231,237,1,15.5,0.5,0.5,2.0,0.0,0.3,21.3,2.5,0.0
2,2021-11-01 01:05:10,2021-11-01 01:26:09,3.0,8.01,1.0,N,249,152,2,25.5,0.5,0.5,0.0,0.0,0.3,29.3,2.5,0.0
2,2021-11-01 01:29:50,2021-11-01 01:36:54,3.0,1.31,1.0,N,152,24,1,7.5,0.5,0.5,2.64,0.0,0.3,11.44,0.0,0.0
2,2021-11-01 01:07:54,2021-11-01 01:20:21,1.0,4.89,1.0,N,79,87,1,16.0,0.5,0.5,3.96,0.0,0.3,23.76,2.5,0.0
2,2021-11-01 01:29:31,2021-11-01 01:35:54,1.0,0.82,5.0,N,231,125,1,20.0,0.0,0.0,0.0,0.0,0.3,22.8,2.5,0.0
2,2021-11-01 01:51:23,2021-11-01 01:58:38,1.0,1.65,1.0,N,90,48,2,7.5,0.5,0.5,0.0,0.0,0.3,11.3,2.5,0.0
2,2021-11-01 01:12:06,2021-11-01 01:20:02,1.0,2.67,1.0,N,229,79,1,9.5,0.5,0.5,2.66,0.0,0.3,15.96,2.5,0.0
2,2021-11-01 01:36:45,2021-11-01 01:47:46,1.0,3.72,1.0,N,249,142,1,12.5,0.5,0.5,2.44,0.0,0.3,18.74,2.5,0.0
2,2021-11-01 01:56:02,2021-11-01 02:03:48,1.0,2.03,1.0,N,68,100,1,8.5,0.5,0.5,2.0,0.0,0.3,14.3,2.5,0.0
2,2021-11-01 01:08:38,2021-11-01 01:21:43,1.0,4.12,1.0,N,144,237,1,14.0,0.5,0.5,1.78,0.0,0.3,19.58,2.5,0.0
2,2021-11-01 01:07:32,2021-11-01 01:11:09,1.0,1.05,1.0,N,162,164,1,5.5,0.5,0.5,1.86,0.0,0.3,11.16,2.5,0.0
2,2021-11-01 01:17:47,2021-11-01 01:29:56,1.0,3.64,1.0,N,114,229,1,13.0,0.5,0.5,0.0,0.0,0.3,16.8,2.5,0.0
1,2021-11-01 01:13:36,2021-11-01 01:22:45,1.0,2.5,1.0,N,50,237,1,10.0,3.0,0.0,3.3,0.0,0.3,16.6,2.5,0.0
1,2021-11-01 01:48:08,2021-11-01 01:54:44,1.0,1.8,1.0,N,249,144,1,7.5,3.0,0.0,1.2,0.0,0.3,12.0,2.5,0.0
1,2021-11-01 01:21:25,2021-11-01 01:33:11,2.0,3.2,1.0,N,68,229,1,12.0,3.0,0.5,3.15,0.0,0.3,18.95,2.5,0.0
1,2021-11-01 01:42:22,2021-11-01 01:47:00,1.0,1.6,1.0,N,79,170,1,6.5,3.0,0.5,2.05,0.0,0.3,12.35,2.5,0.0
1,2021-11-01 01:55:25,2021-11-01 02:05:43,0.0,2.7,1.0,N,230,262,1,11.0,3.0,0.5,1.0,0.0,0.3,15.8,2.5,0.0
1,2021-11-01 01:18:32,2021-11-01 01:27:31,1.0,1.6,1.0,N,79,232,1,8.0,3.0,0.5,2.35,0.0,0.3,14.15,2.5,0.0
1,2021-11-01 01:41:46,2021-11-01 01:49:09,1.0,1.0,1.0,N,79,186,1,7.0,3.0,0.5,1.5,0.0,0.3,12.3,2.5,0.0
1,2021-11-01 01:51:13,2021-11-01 01:59:25,1.0,1.6,1.0,N,234,79,1,8.0,3.0,0.5,0.0,0.0,0.3,11.8,2.5,0.0
2,2021-11-01 01:17:01,2021-11-01 01:23:25,1.0,1.62,1.0,N,186,163,1,7.0,0.5,0.5,1.0,0.0,0.3,11.8,2.5,0.0
2,2021-11-01 01:25:15,2021-11-01 01:34:33,1.0,3.25,1.0,N,163,166,1,11.0,0.5,0.5,2.96,0.0,0.3,17.76,2.5,0.0
2,2021-11-01 01:09:39,2021-11-01 01:17:49,2.0,0.87,1.0,N,41,42,2,7.0,0.5,0.5,0.0,0.0,0.3,8.3,0.0,0.0
2,2021-11-01 01:36:17,2021-11-01 02:12:22,3.0,10.7,1.0,N,230,243,2,35.5,0.5,0.5,0.0,0.0,0.3,39.3,2.5,0.0
2,2021-11-01 01:23:55,2021-11-01 01:32:38,1.0,6.36,1.0,N,138,252,1,18.5,0.5,0.5,2.0,0.0,0.3,23.05,0.0,1.25
2,2021-11-01 01:12:01,2021-11-01 01:20:21,1.0,1.14,1.0,N,246,164,1,7.5,0.5,0.5,1.0,0.0,0.3,12.3,2.5,0.0
2,2021-11-01 01:15:02,2021-11-01 01:27:10,1.0,9.52,2.0,N,132,196,1,52.0,0.0,0.5,15.0,6.55,0.3,78.1,2.5,1.25
2,2021-11-01 01:08:14,2021-11-01 01:08:53,5.0,0.4,1.0,N,263,141,2,3.0,0.5,0.5,0.0,0.0,0.3,6.8,2.5,0.0
2,2021-11-01 01:27:10,2021-11-01 01:43:00,2.0,5.08,1.0,N,148,145,1,18.0,0.5,0.5,4.36,0.0,0.3,26.16,2.5,0.0
2,2021-11-01 01:33:45,2021-11-01 01:41:33,1.0,1.42,1.0,N,234,230,1,7.0,0.5,0.5,2.16,0.0,0.3,12.96,2.5,0.0
2,2021-11-01 01:47:36,2021-11-01 01:54:26,1.0,1.3,1.0,N,249,234,2,7.0,0.5,0.5,0.0,0.0,0.3,10.8,2.5,0.0
2,2021-11-01 01:13:51,2021-11-01 01:28:06,1.0,4.76,1.0,N,79,239,1,15.5,0.5,0.5,3.0,0.0,0.3,22.3,2.5,0.0
2,2021-11-01 01:37:40,2021-11-01 01:43:48,1.0,1.5,1.0,N,68,48,1,7.0,0.5,0.5,2.16,0.0,0.3,12.96,2.5,0.0
2,2021-11-01 01:51:04,2021-11-01 01:54:27,1.0,1.07,1.0,N,48,164,2,5.0,0.5,0.5,0.0,0.0,0.3,8.8,2.5,0.0
2,2021-11-01 01:56:29,2021-11-01 02:04:11,1.0,1.68,1.0,N,164,230,1,7.5,0.5,0.5,1.0,0.0,0.3,12.3,2.5,0.0
2,2021-11-01 01:35:18,2021-11-01 01:47:41,1.0,6.01,1.0,N,132,139,2,18.5,0.5,0.5,0.0,0.0,0.3,21.05,0.0,1.25
1,2021-11-01 01:24:44,2021-11-01 01:32:18,1.0,2.4,1.0,N,229,79,1,9.0,3.0,0.5,0.0,0.0,0.3,12.8,2.5,0.0
1,2021-11-01 01:36:40,2021-11-01 01:49:43,1.0,2.4,1.0,N,148,13,1,11.0,3.0,0.5,3.7,0.0,0.3,18.5,2.5,0.0
2,2021-11-01 01:17:30,2021-11-01 01:17:36,1.0,0.02,5.0,N,42,42,1,25.0,0.0,0.0,6.33,0.0,0.3,31.63,0.0,0.0
2,2021-11-01 01:51:47,2021-11-01 01:57:08,1.0,0.94,1.0,N,164,90,1,5.5,0.5,0.5,1.86,0.0,0.3,11.16,2.5,0.0
2,2021-11-01 01:59:33,2021-11-01 02:31:10,1.0,12.17,1.0,N,90,123,1,36.0,0.5,0.5,0.0,0.0,0.3,39.8,2.5,0.0
2,2021-11-01 01:21:03,2021-11-01 01:38:15,1.0,13.83,1.0,N,70,81,1,37.0,0.5,0.5,9.33,8.35,0.3,55.98,0.0,0.0
2,2021-11-01 01:09:25,2021-11-01 01:35:50,2.0,20.11,2.0,N,132,231,1,52.0,0.0,0.5,11.31,0.0,0.3,67.86,2.5,1.25
2,2021-11-01 01:38:44,2021-11-01 01:53:25,1.0,6.36,1.0,N,231,141,2,20.0,0.5,0.5,0.0,0.0,0.3,23.8,2.5,0.0
2,2021-11-01 01:36:46,2021-11-01 01:39:08,1.0,0.97,1.0,N,137,79,1,4.5,0.5,0.5,1.0,0.0,0.3,9.3,2.5,0.0
2,2021-11-01 01:40:01,2021-11-01 01:50:17,1.0,2.96,1.0,N,79,161,1,10.5,0.5,0.5,2.86,0.0,0.3,17.16,2.5,0.0
2,2021-11-01 01:17:24,2021-11-01 01:26:53,2.0,1.52,1.0,N,186,100,1,8.5,0.5,0.5,2.46,0.0,0.3,14.76,2.5,0.0
2,2021-11-01 01:07:08,2021-11-01 01:14:14,1.0,1.05,1.0,N,234,137,1,6.5,0.5,0.5,1.54,0.0,0.3,11.84,2.5,0.0
2,2021-11-01 01:45:56,2021-11-01 01:57:09,1.0,1.16,1.0,N,74,75,2,7.0,0.5,0.5,0.0,0.0,0.3,8.3,0.0,0.0
1,2021-11-01 01:34:45,2021-11-01 01:36:00,1.0,0.0,1.0,N,74,74,3,3.0,0.5,0.5,0.0,0.0,0.3,4.3,0.0,0.0
2,2021-11-01 01:23:34,2021-11-01 01:41:33,1.0,4.62,1.0,N,164,226,2,16.5,0.5,0.5,0.0,0.0,0.3,20.3,2.5,0.0
1,2021-11-01 01:28:49,2021-11-01 01:49:07,2.0,8.0,1.0,N,132,134,2,24.5,1.75,0.5,0.0,0.0,0.3,27.05,0.0,1.25
2,2021-11-01 01:37:50,2021-11-01 02:03:10,1.0,18.59,2.0,N,132,75,2,52.0,0.0,0.5,0.0,6.55,0.3,60.6,0.0,1.25
2,2021-11-01 01:28:45,2021-11-01 01:40:11,1.0,2.47,1.0,N,137,230,1,10.5,0.5,0.5,2.86,0.0,0.3,17.16,2.5,0.0
2,2021-11-01 01:44:29,2021-11-01 01:58:05,1.0,4.38,1.0,N,230,7,1,15.0,0.5,0.5,4.7,0.0,0.3,23.5,2.5,0.0
1,2021-11-01 01:04:57,2021-11-01 01:20:13,0.0,3.2,1.0,N,48,41,1,13.5,3.0,0.5,2.0,0.0,0.3,19.3,2.5,0.0
2,2021-11-01 01:05:44,2021-11-01 01:23:29,1.0,4.61,1.0,N,186,41,1,16.5,0.5,0.5,4.0,0.0,0.3,24.3,2.5,0.0
2,2021-11-01 01:41:21,2021-11-01 01:53:25,1.0,2.92,1.0,N,48,113,1,11.5,0.5,0.5,3.83,0.0,0.3,19.13,2.5,0.0
2,2021-11-01 01:03:18,2021-11-01 01:05:35,1.0,0.18,1.0,N,141,229,1,3.5,0.5,0.5,1.46,0.0,0.3,8.76,2.5,0.0
1,2021-11-01 01:06:10,2021-11-01 01:21:45,1.0,5.8,1.0,N,48,116,1,19.0,3.0,0.5,4.55,0.0,0.3,27.35,2.5,0.0
1,2021-11-01 01:23:42,2021-11-01 01:28:22,1.0,2.0,1.0,N,263,229,1,7.5,3.0,0.5,2.8,0.0,0.3,14.1,2.5,0.0
1,2021-11-01 01:36:18,2021-11-01 01:52:11,2.0,5.3,1.0,N,79,238,1,17.0,3.0,0.5,4.15,0.0,0.3,24.95,2.5,0.0
2,2021-11-01 01:06:26,2021-11-01 01:09:22,1.0,0.88,1.0,N,164,162,1,4.5,0.5,0.5,1.66,0.0,0.3,9.96,2.5,0.0
2,2021-11-01 01:02:33,2021-11-01 01:31:04,1.0,18.26,2.0,N,132,229,1,52.0,0.0,0.5,10.0,6.55,0.3,73.1,2.5,1.25
1,2021-11-01 01:18:54,2021-11-01 01:25:02,2.0,1.3,1.0,N,7,145,1,7.0,0.5,0.5,0.0,0.0,0.3,8.3,0.0,0.0
1,2021-11-01 01:36:38,2021-11-01 01:41:27,3.0,2.0,1.0,N,229,107,1,7.0,3.0,0.5,3.0,0.0,0.3,13.8,2.5,0.0
1,2021-11-01 01:53:05,2021-11-01 02:07:05,0.0,4.6,1.0,N,170,179,2,15.5,3.0,0.5,0.0,0.0,0.3,19.3,2.5,0.0
2,2021-11-01 01:34:19,2021-11-01 02:03:27,1.0,18.65,5.0,N,132,246,1,65.0,0.0,0.0,13.81,0.0,0.3,82.86,2.5,1.25
2,2021-11-01 01:02:16,2021-11-01 01:11:13,2.0,1.64,1.0,N,107,68,2,8.5,0.5,0.5,0.0,0.0,0.3,12.3,2.5,0.0
2,2021-11-01 01:15:38,2021-11-01 01:31:26,1.0,5.45,1.0,N,90,166,1,17.0,0.5,0.5,4.16,0.0,0.3,24.96,2.5,0.0
2,2021-11-01 01:54:29,2021-11-01 02:04:09,1.0,2.52,1.0,N,68,48,1,10.0,0.5,0.5,2.76,0.0,0.3,16.56,2.5,0.0
1,2021-11-01 02:50:29,2021-11-01 03:12:02,1.0,5.4,1.0,N,114,75,2,19.0,3.0,0.5,0.0,0.0,0.3,22.8,2.5,0.0
2,2021-11-01 02:00:12,2021-11-01 02:30:12,1.0,4.73,1.0,N,249,255,1,21.5,0.5,0.5,6.32,0.0,0.3,31.62,2.5,0.0
2,2021-11-01 02:08:58,2021-11-01 02:19:06,1.0,2.18,1.0,N,144,68,2,9.5,0.5,0.5,0.0,0.0,0.3,13.3,2.5,0.0
2,2021-11-01 02:22:44,2021-11-01 02:39:05,1.0,4.6,1.0,N,68,97,1,15.5,0.5,0.5,0.0,0.0,0.3,19.3,2.5,0.0
2,2021-11-01 02:52:35,2021-11-01 03:04:00,1.0,2.56,1.0,N,148,90,2,10.5,0.5,0.5,0.0,0.0,0.3,14.3,2.5,0.0
1,2021-11-01 02:09:15,2021-11-01 02:10:54,1.0,0.2,1.0,N,95,95,2,3.5,0.5,0.5,0.0,0.0,0.3,4.8,0.0,0.0
2,2021-11-01 19:56:01,2021-11-01 20:14:49,1.0,5.02,1.0,N,226,61,1,18.0,0.5,0.5,11.0,0.0,0.3,31.55,0.0,1.25
2,2021-11-01 02:01:22,2021-11-01 02:10:55,1.0,2.16,1.0,N,148,148,2,9.5,0.5,0.5,0.0,0.0,0.3,13.3,2.5,0.0
2,2021-11-01 02:08:21,2021-11-01 02:20:46,1.0,3.46,1.0,N,230,148,1,12.0,0.5,0.5,1.5,0.0,0.3,17.3,2.5,0.0
2,2021-11-01 02:32:28,2021-11-01 03:00:05,1.0,6.08,1.0,N,79,7,2,19.0,0.5,0.5,0.0,0.0,0.3,22.8,2.5,0.0
1,2021-11-01 02:02:14,2021-11-01 02:06:47,1.0,0.9,1.0,N,48,143,1,5.5,3.0,0.5,1.5,0.0,0.3,10.8,2.5,0.0
1,2021-11-01 02:16:23,2021-11-01 02:34:28,1.0,5.7,1.0,N,100,116,1,19.0,3.0,0.5,4.55,0.0,0.3,27.35,2.5,0.0
1,2021-11-01 02:44:19,2021-11-01 02:49:35,1.0,1.4,1.0,N,166,152,1,6.5,0.5,0.5,0.0,0.0,0.3,7.8,0.0,0.0
1,2021-11-01 02:12:35,2021-11-01 02:18:15,0.0,1.4,1.0,N,114,137,1,6.5,3.0,0.5,0.0,0.0,0.3,10.3,2.5,0.0
1,2021-11-01 02:38:41,2021-11-01 02:41:26,0.0,0.6,1.0,N,189,189,1,4.0,0.5,0.5,0.0,0.0,0.3,5.3,0.0,0.0
1,2021-11-01 02:16:48,2021-11-01 02:47:02,2.0,6.6,1.0,N,79,89,2,24.0,3.0,0.5,0.0,0.0,0.3,27.8,2.5,0.0
1,2021-11-01 02:04:03,2021-11-01 02:16:24,1.0,3.9,1.0,N,161,74,1,13.5,3.0,0.5,3.45,0.0,0.3,20.75,2.5,0.0
1,2021-11-01 02:26:57,2021-11-01 02:30:44,1.0,1.2,1.0,N,75,236,2,5.5,3.0,0.5,0.0,0.0,0.3,9.3,2.5,0.0
1,2021-11-01 02:45:41,2021-11-01 02:59:40,1.0,7.7,1.0,Y,48,244,2,22.0,3.0,0.5,0.0,0.0,0.3,25.8,2.5,0.0
2,2021-11-01 02:17:36,2021-11-01 02:22:07,1.0,1.03,1.0,N,79,125,1,5.5,0.5,0.5,1.86,0.0,0.3,11.16,2.5,0.0
2,2021-11-01 02:19:27,2021-11-01 02:34:20,1.0,5.07,1.0,N,249,236,1,16.0,0.5,0.5,1.0,0.0,0.3,20.8,2.5,0.0
2,2021-11-01 02:47:35,2021-11-01 03:22:07,1.0,17.2,1.0,N,79,21,1,49.0,0.5,0.5,10.0,0.0,0.3,62.8,2.5,0.0
2,2021-11-01 02:24:48,2021-11-01 02:29:14,1.0,1.23,1.0,N,137,79,2,5.5,0.5,0.5,0.0,0.0,0.3,9.3,2.5,0.0
1,2021-11-01 02:40:59,2021-11-01 02:52:07,2.0,5.3,1.0,N,132,10,1,16.5,1.75,0.5,3.8,0.0,0.3,22.85,0.0,1.25
2,2021-11-01 02:03:12,2021-11-01 02:11:56,1.0,1.18,1.0,N,249,144,1,7.0,0.5,0.5,2.16,0.0,0.3,12.96,2.5,0.0
2,2021-11-01 02:43:09,2021-11-01 03:04:20,2.0,5.8,1.0,N,249,36,1,20.5,0.5,0.5,4.86,0.0,0.3,29.16,2.5,0.0
2,2021-11-01 02:07:07,2021-11-01 02:16:51,2.0,2.58,1.0,N,249,232,1,10.0,0.5,0.5,2.76,0.0,0.3,16.56,2.5,0.0
2,2021-11-01 02:26:40,2021-11-01 02:37:59,2.0,6.24,1.0,N,144,140,1,18.5,0.5,0.5,4.46,0.0,0.3,26.76,2.5,0.0
2,2021-11-01 02:22:39,2021-11-01 02:34:04,4.0,2.55,1.0,N,162,68,1,10.5,0.5,0.5,2.86,0.0,0.3,17.16,2.5,0.0
2,2021-11-01 02:59:48,2021-11-01 03:08:53,3.0,2.44,1.0,N,143,41,2,9.5,0.5,0.5,0.0,0.0,0.3,13.3,2.5,0.0
2,2021-11-01 02:03:37,2021-11-01 02:16:42,1.0,1.81,1.0,N,79,68,1,10.5,0.5,0.5,3.58,0.0,0.3,17.88,2.5,0.0
2,2021-11-01 02:20:20,2021-11-01 02:28:23,1.0,1.46,1.0,N,249,114,1,7.5,0.5,0.5,2.26,0.0,0.3,13.56,2.5,0.0
2,2021-11-01 02:36:57,2021-11-01 03:20:42,2.0,10.03,1.0,N,68,35,2,34.5,0.5,0.5,0.0,0.0,0.3,38.3,2.5,0.0
2,2021-11-01 02:09:49,2021-11-01 02:20:03,1.0,2.12,1.0,N,249,170,2,9.5,0.5,0.5,0.0,0.0,0.3,13.3,2.5,0.0
2,2021-11-01 02:37:28,2021-11-01 02:42:55,1.0,0.45,1.0,N,116,152,2,5.5,0.5,0.5,0.0,0.0,0.3,6.8,0.0,0.0
2,2021-11-01 02:14:45,2021-11-01 02:30:15,1.0,4.7,1.0,N,79,142,2,15.5,0.5,0.5,0.0,0.0,0.3,19.3,2.5,0.0
2,2021-11-01 02:43:43,2021-11-01 03:23:48,1.0,5.13,1.0,N,48,116,1,19.0,0.5,0.5,0.0,0.0,0.3,22.8,2.5,0.0
2,2021-11-01 02:21:28,2021-11-01 02:45:41,1.0,5.38,1.0,N,114,225,1,20.5,0.5,0.5,4.86,0.0,0.3,29.16,2.5,0.0
1,2021-11-01 02:01:53,2021-11-01 02:13:07,1.0,2.1,1.0,N,163,246,1,10.0,3.5,0.5,2.85,0.0,0.3,17.15,2.5,0.0
1,2021-11-01 02:16:24,2021-11-01 02:17:52,1.0,0.5,1.0,N,50,48,1,3.5,3.5,0.5,2.3,0.0,0.3,10.1,2.5,0.0
1,2021-11-01 02:26:53,2021-11-01 02:36:01,2.0,2.0,1.0,N,163,239,1,9.0,3.5,0.5,2.65,0.0,0.3,15.95,2.5,0.0
1,2021-11-01 02:45:46,2021-11-01 02:54:19,1.0,2.3,1.0,Y,163,145,1,9.5,3.5,0.5,2.75,0.0,0.3,16.55,2.5,0.0
2,2021-11-01 02:15:09,2021-11-01 02:47:07,1.0,10.32,1.0,N,48,56,2,33.5,0.5,0.5,0.0,0.0,0.3,37.3,2.5,0.0
2,2021-11-01 02:38:11,2021-11-01 02:49:09,6.0,2.84,1.0,N,239,100,1,11.0,0.5,0.5,2.96,0.0,0.3,17.76,2.5,0.0
2,2021-11-01 02:05:38,2021-11-01 02:21:20,3.0,4.63,1.0,N,186,145,1,16.0,0.5,0.5,2.97,0.0,0.3,22.77,2.5,0.0
1,2021-11-01 02:17:18,2021-11-01 02:19:59,1.0,0.6,1.0,N,163,230,1,4.0,3.0,0.5,1.0,0.0,0.3,8.8,2.5,0.0
1,2021-11-01 02:34:14,2021-11-01 02:49:36,1.0,5.0,1.0,N,249,151,2,16.0,3.0,0.5,0.0,0.0,0.3,19.8,2.5,0.0
2,2021-11-01 02:06:58,2021-11-01 02:12:48,2.0,1.19,1.0,N,125,79,1,6.5,0.5,0.5,2.06,0.0,0.3,12.36,2.5,0.0
2,2021-11-01 02:16:48,2021-11-01 02:24:39,2.0,1.23,1.0,N,79,144,1,7.5,0.5,0.5,2.26,0.0,0.3,13.56,2.5,0.0
1,2021-11-01 02:51:23,2021-11-01 03:12:31,3.0,7.3,1.0,N,211,75,2,24.5,3.0,0.5,0.0,0.0,0.3,28.3,2.5,0.0
1,2021-11-01 02:08:34,2021-11-01 02:26:12,2.0,4.9,1.0,N,148,263,1,16.5,3.0,0.5,4.05,0.0,0.3,24.35,2.5,0.0
1,2021-11-01 02:27:26,2021-11-01 02:39:38,2.0,2.5,1.0,N,263,143,1,11.0,3.0,0.5,2.95,0.0,0.3,17.75,2.5,0.0
1,2021-11-01 02:51:28,2021-11-01 02:59:11,1.0,1.8,1.0,N,142,68,1,8.0,3.0,0.5,2.95,0.0,0.3,14.75,2.5,0.0
1,2021-11-01 02:33:39,2021-11-01 02:39:45,1.0,1.4,1.0,N,230,90,2,7.0,3.0,0.5,0.0,0.0,0.3,10.8,2.5,0.0
1,2021-11-01 02:41:13,2021-11-01 02:54:28,4.0,3.0,1.0,N,90,141,1,12.5,3.0,0.5,3.25,0.0,0.3,19.55,2.5,0.0
2,2021-11-01 02:46:30,2021-11-01 02:50:18,1.0,0.65,1.0,N,249,90,1,4.5,0.5,0.5,1.66,0.0,0.3,9.96,2.5,0.0
2,2021-11-01 02:08:58,2021-11-01 02:31:36,1.0,4.73,1.0,N,148,37,2,18.0,0.5,0.5,0.0,0.0,0.3,21.8,2.5,0.0
2,2021-11-01 02:56:52,2021-11-01 03:07:58,1.0,3.81,1.0,N,137,145,1,12.5,0.5,0.5,3.26,0.0,0.3,19.56,2.5,0.0
1,2021-11-01 02:29:26,2021-11-01 02:40:13,1.0,3.4,1.0,N,48,79,2,11.5,3.0,0.5,0.0,0.0,0.3,15.3,2.5,0.0
1,2021-11-01 02:45:01,2021-11-01 02:58:46,3.0,4.7,1.0,N,79,236,1,15.0,3.0,0.5,0.0,0.0,0.3,18.8,2.5,0.0
2,2021-11-01 01:58:37,2021-11-01 02:02:41,1.0,1.27,1.0,N,211,261,1,6.0,0.5,0.5,1.96,0.0,0.3,11.76,2.5,0.0
2,2021-11-01 02:08:33,2021-11-01 02:20:58,1.0,3.75,1.0,N,231,50,2,13.5,0.5,0.5,0.0,0.0,0.3,17.3,2.5,0.0
2,2021-11-01 02:34:53,2021-11-01 02:49:00,1.0,3.57,1.0,N,48,41,1,14.0,0.5,0.5,3.56,0.0,0.3,21.36,2.5,0.0
2,2021-11-01 02:53:01,2021-11-01 02:56:43,1.0,0.8,1.0,N,24,151,2,5.0,0.5,0.5,0.0,0.0,0.3,6.3,0.0,0.0
2,2021-11-01 02:22:04,2021-11-01 02:31:05,1.0,1.17,1.0,N,79,249,2,7.5,0.5,0.5,0.0,0.0,0.3,11.3,2.5,0.0
2,2021-11-01 02:35:57,2021-11-01 02:55:47,1.0,10.04,1.0,N,249,14,1,29.0,0.5,0.5,6.56,0.0,0.3,39.36,2.5,0.0
2,2021-11-01 02:29:01,2021-11-01 02:33:40,1.0,0.94,1.0,N,48,142,1,5.5,0.5,0.5,1.86,0.0,0.3,11.16,2.5,0.0
2,2021-11-01 02:48:46,2021-11-01 03:09:34,1.0,9.78,1.0,N,230,127,1,29.0,0.5,0.5,6.56,0.0,0.3,39.36,2.5,0.0
2,2021-11-01 02:06:25,2021-11-01 02:19:35,1.0,1.46,1.0,N,48,163,1,10.0,0.5,0.5,2.76,0.0,0.3,16.56,2.5,0.0
2,2021-11-01 02:32:21,2021-11-01 02:38:52,1.0,1.41,1.0,N,90,79,1,7.0,0.5,0.5,1.0,0.0,0.3,11.8,2.5,0.0
2,2021-11-01 02:42:09,2021-11-01 03:03:02,1.0,5.84,1.0,N,79,198,2,20.0,0.5,0.5,0.0,0.0,0.3,23.8,2.5,0.0
1,2021-11-01 02:11:23,2021-11-01 02:24:50,1.0,3.1,1.0,N,90,143,1,12.5,3.0,0.5,4.85,0.0,0.3,21.15,2.5,0.0
1,2021-11-01 02:38:05,2021-11-01 02:48:26,1.0,2.5,1.0,N,68,162,2,10.0,3.0,0.5,0.0,0.0,0.3,13.8,2.5,0.0
2,2021-11-01 02:16:21,2021-11-01 02:25:26,2.0,2.16,1.0,N,107,48,2,9.0,0.5,0.5,0.0,0.0,0.3,12.8,2.5,0.0
2,2021-11-01 02:31:43,2021-11-01 02:49:36,1.0,5.52,1.0,N,48,261,1,18.0,0.5,0.5,2.0,0.0,0.3,23.8,2.5,0.0
2,2021-11-01 02:41:37,2021-11-01 02:47:45,2.0,1.3,1.0,N,246,164,1,6.5,0.5,0.5,1.7,0.0,0.3,12.0,2.5,0.0
2,2021-11-01 02:57:10,2021-11-01 03:22:39,1.0,12.66,1.0,N,249,134,1,36.5,0.5,0.5,12.09,0.0,0.3,52.39,2.5,0.0
2,2021-11-01 02:29:28,2021-11-01 02:44:51,5.0,3.36,1.0,N,230,148,1,13.5,0.5,0.5,3.46,0.0,0.3,20.76,2.5,0.0
2,2021-11-01 02:49:56,2021-11-01 03:14:03,4.0,5.96,1.0,N,79,112,1,21.5,0.5,0.5,0.8,0.0,0.3,26.1,2.5,0.0
2,2021-11-01 02:33:41,2021-11-01 02:44:48,1.0,1.8,1.0,N,48,233,2,8.5,0.5,0.5,0.0,0.0,0.3,12.3,2.5,0.0
2,2021-11-01 02:48:11,2021-11-01 02:57:59,1.0,2.03,1.0,N,140,48,1,9.0,0.5,0.5,1.28,0.0,0.3,14.08,2.5,0.0
2,2021-11-01 02:59:56,2021-11-01 03:05:30,1.0,1.36,1.0,N,48,143,1,6.5,0.5,0.5,1.75,0.0,0.3,12.05,2.5,0.0
2,2021-11-01 02:05:46,2021-11-01 02:07:50,1.0,0.48,1.0,N,90,68,2,4.0,0.5,0.5,0.0,0.0,0.3,7.8,2.5,0.0
2,2021-11-01 02:09:59,2021-11-01 02:13:16,1.0,0.64,1.0,N,186,170,1,4.5,0.5,0.5,1.66,0.0,0.3,9.96,2.5,0.0
2,2021-11-01 02:22:08,2021-11-01 02:41:17,1.0,8.59,1.0,N,186,244,1,26.5,0.5,0.5,0.0,0.0,0.3,30.3,2.5,0.0
1,2021-11-01 02:30:34,2021-11-01 02:42:38,1.0,3.1,1.0,N,79,181,1,12.0,3.0,0.5,2.0,0.0,0.3,17.8,2.5,0.0
2,2021-11-01 02:01:35,2021-11-01 02:11:18,1.0,2.17,1.0,N,249,246,1,9.5,0.5,0.5,2.66,0.0,0.3,15.96,2.5,0.0
2,2021-11-01 02:13:02,2021-11-01 02:18:33,1.0,1.17,1.0,N,246,90,1,6.0,0.5,0.5,1.0,0.0,0.3,10.8,2.5,0.0
2,2021-11-01 02:24:48,2021-11-01 02:29:49,1.0,1.51,1.0,N,114,186,1,6.5,0.5,0.5,2.06,0.0,0.3,12.36,2.5,0.0
2,2021-11-01 02:35:09,2021-11-01 03:00:52,1.0,6.88,1.0,N,249,226,1,23.0,0.5,0.5,5.36,0.0,0.3,32.16,2.5,0.0
1,2021-11-01 02:36:43,2021-11-01 02:45:42,1.0,3.3,1.0,N,79,141,1,11.0,3.0,0.5,3.7,0.0,0.3,18.5,2.5,0.0
2,2021-11-01 02:26:23,2021-11-01 02:40:08,1.0,3.96,1.0,N,261,181,2,14.5,0.5,0.5,0.0,0.0,0.3,18.3,2.5,0.0
2,2021-11-01 02:18:10,2021-11-01 02:22:53,1.0,0.66,1.0,N,233,162,1,5.0,0.5,0.5,1.76,0.0,0.3,10.56,2.5,0.0
2,2021-11-01 02:24:40,2021-11-01 02:36:18,1.0,2.84,1.0,N,162,79,1,11.0,0.5,0.5,4.44,0.0,0.3,19.24,2.5,0.0
2,2021-11-01 02:45:55,2021-11-01 02:50:16,1.0,0.55,1.0,N,148,148,2,5.0,0.5,0.5,0.0,0.0,0.3,8.8,2.5,0.0
2,2021-11-01 02:51:13,2021-11-01 03:04:22,1.0,3.04,1.0,N,148,162,1,12.5,0.5,0.5,3.26,0.0,0.3,19.56,2.5,0.0
2,2021-11-01 02:04:58,2021-11-01 02:16:01,1.0,2.1,1.0,N,114,170,1,10.0,0.5,0.5,2.76,0.0,0.3,16.56,2.5,0.0
2,2021-11-01 02:24:28,2021-11-01 02:32:31,1.0,2.01,1.0,N,114,88,1,8.5,0.5,0.5,2.0,0.0,0.3,14.3,2.5,0.0
2,2021-11-01 02:46:39,2021-11-01 02:55:39,1.0,2.75,1.0,N,249,246,1,10.0,0.5,0.5,2.76,0.0,0.3,16.56,2.5,0.0
2,2021-11-01 02:42:34,2021-11-01 02:48:29,1.0,1.11,1.0,N,234,107,1,6.5,0.5,0.5,2.06,0.0,0.3,12.36,2.5,0.0
2,2021-11-01 02:58:51,2021-11-01 03:02:13,1.0,1.44,1.0,N,141,75,2,6.0,0.5,0.5,0.0,0.0,0.3,9.8,2.5,0.0
1,2021-11-01 02:08:24,2021-11-01 02:13:22,1.0,0.8,1.0,N,48,100,4,5.5,3.0,0.5,0.0,0.0,0.3,9.3,2.5,0.0
1,2021-11-01 02:15:55,2021-11-01 02:22:07,1.0,1.3,1.0,Y,48,90,1,7.0,3.0,0.5,2.15,0.0,0.3,12.95,2.5,0.0
1,2021-11-01 02:23:49,2021-11-01 02:33:39,1.0,3.6,1.0,N,90,239,1,12.0,3.0,0.5,2.5,0.0,0.3,18.3,2.5,0.0
1,2021-11-01 02:52:00,2021-11-01 03:18:26,1.0,7.9,1.0,N,234,36,4,26.0,3.0,0.5,0.0,0.0,0.3,29.8,2.5,0.0
1,2021-11-01 02:13:01,2021-11-01 02:19:57,3.0,1.5,1.0,N,125,87,1,7.0,3.0,0.5,2.15,0.0,0.3,12.95,2.5,0.0
1,2021-11-01 02:24:41,2021-11-01 02:36:37,2.0,3.2,1.0,N,261,68,1,12.0,3.0,0.5,2.0,0.0,0.3,17.8,2.5,0.0
1,2021-11-01 02:19:29,2021-11-01 02:23:52,3.0,1.0,1.0,N,249,144,2,5.5,3.0,0.5,0.0,0.0,0.3,9.3,2.5,0.0
1,2021-11-01 02:41:20,2021-11-01 02:45:23,3.0,0.6,1.0,N,113,114,2,4.5,3.0,0.5,0.0,0.0,0.3,8.3,2.5,0.0
1,2021-11-01 02:46:30,2021-11-01 03:21:42,1.0,13.1,1.0,N,114,180,1,39.5,3.0,0.5,0.0,6.55,0.3,49.85,2.5,0.0
1,2021-11-01 02:08:52,2021-11-01 02:30:51,1.0,6.8,1.0,N,68,223,1,22.5,3.0,0.5,6.55,0.0,0.3,32.85,2.5,0.0
1,2021-11-01 02:46:42,2021-11-01 02:50:22,1.0,1.0,1.0,N,141,262,1,5.5,3.0,0.5,1.85,0.0,0.3,11.15,2.5,0.0
2,2021-11-01 02:18:19,2021-11-01 02:27:11,2.0,2.43,1.0,N,249,50,1,9.5,0.5,0.5,2.0,0.0,0.3,15.3,2.5,0.0
2,2021-11-01 02:34:34,2021-11-01 02:37:43,1.0,0.62,1.0,N,68,90,1,4.5,0.5,0.5,2.49,0.0,0.3,10.79,2.5,0.0
2,2021-11-01 02:32:55,2021-11-01 02:37:18,2.0,1.23,1.0,N,68,68,1,6.0,0.5,0.5,1.96,0.0,0.3,11.76,2.5,0.0
2,2021-11-01 02:50:39,2021-11-01 03:26:46,2.0,14.52,1.0,N,143,123,2,42.0,0.5,0.5,0.0,0.0,0.3,45.8,2.5,0.0
2,2021-11-01 02:17:32,2021-11-01 02:36:17,3.0,6.12,1.0,N,249,226,1,20.0,0.5,0.5,2.0,0.0,0.3,25.8,2.5,0.0
2,2021-11-01 02:37:49,2021-11-01 02:46:48,2.0,3.04,1.0,N,226,260,1,11.5,0.5,0.5,2.56,0.0,0.3,15.36,0.0,0.0
2,2021-11-01 02:07:02,2021-11-01 02:10:58,2.0,0.78,1.0,N,90,68,1,5.0,0.5,0.5,0.0,0.0,0.3,8.8,2.5,0.0
2,2021-11-01 02:02:12,2021-11-01 02:19:17,1.0,5.89,1.0,N,74,119,2,19.5,0.5,0.5,0.0,0.0,0.3,20.8,0.0,0.0
2,2021-11-01 02:48:06,2021-11-01 02:54:23,1.0,1.22,1.0,N,234,79,2,6.5,0.5,0.5,0.0,0.0,0.3,10.3,2.5,0.0
1,2021-11-01 02:21:07,2021-11-01 02:28:36,2.0,1.8,1.0,N,50,162,1,8.0,3.0,0.5,0.0,0.0,0.3,11.8,2.5,0.0
1,2021-11-01 02:57:44,2021-11-01 03:07:25,1.0,2.4,1.0,Y,246,79,1,9.5,3.0,0.5,2.65,0.0,0.3,15.95,2.5,0.0
2,2021-11-01 02:10:15,2021-11-01 02:29:39,1.0,5.19,1.0,N,148,142,1,18.0,0.5,0.5,4.36,0.0,0.3,26.16,2.5,0.0
1,2021-11-01 02:13:22,2021-11-01 02:24:03,1.0,2.4,1.0,N,230,79,1,10.0,3.0,0.5,2.75,0.0,0.3,16.55,2.5,0.0
2,2021-11-01 02:06:10,2021-11-01 02:23:45,1.0,8.75,1.0,N,141,40,1,25.0,0.5,0.5,5.76,0.0,0.3,34.56,2.5,0.0
2,2021-11-01 02:40:06,2021-11-01 02:52:17,1.0,3.17,1.0,N,249,229,1,12.0,0.5,0.5,3.16,0.0,0.3,18.96,2.5,0.0
2,2021-11-01 02:35:38,2021-11-01 02:36:02,3.0,0.04,1.0,N,234,234,3,-2.5,-0.5,-0.5,0.0,0.0,-0.3,-6.3,-2.5,0.0
2,2021-11-01 02:35:38,2021-11-01 02:36:02,3.0,0.04,1.0,N,234,234,2,2.5,0.5,0.5,0.0,0.0,0.3,6.3,2.5,0.0
2,2021-11-01 02:42:16,2021-11-01 02:49:14,4.0,1.67,1.0,N,90,125,1,7.5,0.5,0.5,2.26,0.0,0.3,13.56,2.5,0.0
1,2021-11-01 02:44:45,2021-11-01 02:48:31,1.0,1.2,1.0,N,50,246,2,5.5,3.0,0.5,0.0,0.0,0.3,9.3,2.5,0.0
2,2021-11-01 02:57:51,2021-11-01 03:10:49,1.0,2.54,1.0,N,246,107,1,11.0,0.5,0.5,2.96,0.0,0.3,17.76,2.5,0.0
2,2021-11-01 02:12:48,2021-11-01 02:17:57,1.0,1.19,1.0,N,114,79,1,6.0,0.5,0.5,1.96,0.0,0.3,11.76,2.5,0.0
2,2021-11-01 02:12:00,2021-11-01 02:15:09,1.0,1.11,1.0,N,237,170,1,5.0,0.5,0.5,1.0,0.0,0.3,9.8,2.5,0.0
1,2021-11-01 02:04:24,2021-11-01 02:11:09,1.0,2.2,1.0,N,107,48,1,8.0,3.0,0.5,2.36,0.0,0.3,14.16,2.5,0.0
1,2021-11-01 02:50:37,2021-11-01 02:57:28,1.0,1.2,1.0,N,74,75,2,6.5,0.5,0.5,0.0,0.0,0.3,7.8,0.0,0.0
1,2021-11-01 02:53:24,2021-11-01 03:05:33,1.0,2.3,1.0,N,79,88,2,10.5,3.0,0.5,0.0,0.0,0.3,14.3,2.5,0.0
1,2021-11-01 02:09:30,2021-11-01 02:22:51,1.0,3.4,1.0,N,75,42,2,12.5,0.5,0.5,0.0,0.0,0.3,13.8,0.0,0.0
1,2021-11-01 02:01:00,2021-11-01 02:48:48,2.0,13.9,1.0,N,90,145,1,44.0,3.0,0.0,2.7,0.0,0.3,50.0,2.5,0.0
1,2021-11-01 02:03:23,2021-11-01 02:06:23,1.0,1.0,1.0,N,263,141,1,5.0,3.0,0.5,1.0,0.0,0.3,9.8,2.5,0.0
1,2021-11-01 02:30:08,2021-11-01 02:38:17,2.0,1.2,1.0,N,246,158,1,7.5,3.0,0.5,2.25,0.0,0.3,13.55,2.5,0.0
1,2021-11-01 02:39:05,2021-11-01 02:47:35,1.0,2.0,1.0,N,158,246,2,9.0,3.0,0.5,0.0,0.0,0.3,12.8,2.5,0.0
1,2021-11-01 02:54:03,2021-11-01 03:01:09,1.0,1.3,1.0,N,246,48,1,7.0,3.0,0.5,2.15,0.0,0.3,12.95,2.5,0.0
1,2021-11-01 02:16:52,2021-11-01 02:19:09,1.0,0.9,1.0,N,264,107,1,4.5,3.0,0.5,1.0,0.0,0.3,9.3,2.5,0.0
1,2021-11-01 02:31:37,2021-11-01 02:36:45,2.0,0.9,1.0,Y,249,113,2,5.5,3.0,0.5,0.0,0.0,0.3,9.3,2.5,0.0
1,2021-11-01 02:48:28,2021-11-01 03:18:45,3.0,13.2,1.0,N,113,127,3,38.0,3.0,0.5,0.0,0.0,0.3,41.8,2.5,0.0
2,2021-11-01 02:04:21,2021-11-01 02:08:07,2.0,0.93,1.0,N,249,68,2,5.0,0.5,0.5,0.0,0.0,0.3,8.8,2.5,0.0
2,2021-11-01 02:09:18,2021-11-01 02:42:42,2.0,7.71,1.0,N,249,260,2,29.0,0.5,0.5,0.0,0.0,0.3,32.8,2.5,0.0
2,2021-11-01 02:00:47,2021-11-01 02:09:09,1.0,1.31,1.0,N,246,164,1,7.5,0.5,0.5,2.26,0.0,0.3,13.56,2.5,0.0
2,2021-11-01 02:17:54,2021-11-01 02:23:33,1.0,1.07,1.0,N,68,265,1,5.5,0.5,0.5,1.7,0.0,0.3,8.5,0.0,0.0
2,2021-11-01 02:38:32,2021-11-01 03:06:51,1.0,10.32,1.0,N,90,89,1,31.5,0.5,0.5,10.46,6.55,0.3,52.31,2.5,0.0
2,2021-11-01 02:42:39,2021-11-01 03:19:35,1.0,7.0,1.0,N,144,41,1,27.0,0.5,0.5,6.16,0.0,0.3,36.96,2.5,0.0
1,2021-11-01 02:40:57,2021-11-01 02:45:14,1.0,1.2,1.0,N,230,164,1,5.5,3.0,0.5,1.85,0.0,0.3,11.15,2.5,0.0
1,2021-11-01 02:46:44,2021-11-01 02:51:13,1.0,0.6,1.0,N,164,164,2,5.0,3.0,0.5,0.0,0.0,0.3,8.8,2.5,0.0
2,2021-11-01 02:02:53,2021-11-01 02:09:29,1.0,2.01,1.0,N,148,256,1,8.5,0.5,0.5,2.46,0.0,0.3,14.76,2.5,0.0
2,2021-11-01 02:11:29,2021-11-01 02:35:14,1.0,9.21,1.0,N,256,151,1,29.0,0.5,0.5,6.56,0.0,0.3,39.36,2.5,0.0
2,2021-11-01 02:49:09,2021-11-01 03:26:24,1.0,8.76,1.0,N,48,225,1,30.0,0.5,0.5,0.0,0.0,0.3,33.8,2.5,0.0
2,2021-11-01 02:21:17,2021-11-01 02:31:32,1.0,2.58,1.0,N,233,211,1,10.0,0.5,0.5,2.76,0.0,0.3,16.56,2.5,0.0
1,2021-11-01 02:13:22,2021-11-01 02:24:58,1.0,2.7,1.0,N,186,231,4,10.0,3.0,0.5,0.0,0.0,0.3,13.8,2.5,0.0
1,2021-11-01 02:37:37,2021-11-01 03:02:32,1.0,5.6,1.0,N,249,17,1,21.0,3.0,0.5,4.96,0.0,0.3,29.76,2.5,0.0
2,2021-11-01 02:07:07,2021-11-01 02:13:21,1.0,1.81,1.0,N,68,50,1,7.5,0.5,0.5,2.26,0.0,0.3,13.56,2.5,0.0
2,2021-11-01 02:18:20,2021-11-01 02:30:36,1.0,7.35,1.0,N,48,244,1,21.5,0.5,0.5,6.32,0.0,0.3,31.62,2.5,0.0
2,2021-11-01 02:17:45,2021-11-01 02:33:00,1.0,2.68,1.0,N,249,87,2,12.0,0.5,0.5,0.0,0.0,0.3,15.8,2.5,0.0
2,2021-11-01 02:45:02,2021-11-01 02:49:29,1.0,1.36,1.0,N,249,68,1,6.0,0.5,0.5,1.96,0.0,0.3,11.76,2.5,0.0
2,2021-11-01 02:56:54,2021-11-01 03:11:52,1.0,4.75,1.0,N,90,43,2,16.0,0.5,0.5,0.0,0.0,0.3,19.8,2.5,0.0
2,2021-11-01 02:51:46,2021-11-01 03:20:05,1.0,22.91,1.0,N,132,241,2,60.5,0.5,0.5,0.0,6.55,0.3,69.6,0.0,1.25
2,2021-11-01 02:24:28,2021-11-01 02:45:20,1.0,7.75,1.0,N,230,80,1,24.5,0.5,0.5,5.66,0.0,0.3,33.96,2.5,0.0
1,2021-11-01 02:01:26,2021-11-01 02:24:30,1.0,11.5,1.0,N,246,167,4,33.5,3.0,0.5,0.0,0.0,0.3,37.3,2.5,0.0
2,2021-11-01 02:19:47,2021-11-01 02:25:12,2.0,2.2,1.0,N,148,80,1,8.5,0.5,0.5,1.0,0.0,0.3,13.3,2.5,0.0
1,2021-11-01 02:44:29,2021-11-01 02:51:18,1.0,1.0,1.0,N,143,239,3,6.5,3.0,0.5,0.0,0.0,0.3,10.3,2.5,0.0
1,2021-11-01 02:20:36,2021-11-01 02:27:48,1.0,1.6,1.0,N,238,41,2,7.5,0.5,0.5,0.0,0.0,0.3,8.8,0.0,0.0
1,2021-11-01 02:43:44,2021-11-01 02:51:01,3.0,0.9,1.0,N,48,230,1,6.5,3.0,0.5,0.08,0.0,0.3,10.38,2.5,0.0
2,2021-11-01 02:36:20,2021-11-01 02:39:51,1.0,0.78,1.0,N,68,246,1,5.0,0.5,0.5,1.76,0.0,0.3,10.56,2.5,0.0
2,2021-11-01 02:49:04,2021-11-01 02:57:25,1.0,3.48,1.0,N,246,238,1,11.0,0.5,0.5,2.96,0.0,0.3,17.76,2.5,0.0
1,2021-11-01 02:31:20,2021-11-01 02:40:13,1.0,2.3,1.0,N,68,79,1,9.5,3.0,0.5,3.3,0.0,0.3,16.6,2.5,0.0
1,2021-11-01 02:46:23,2021-11-01 03:13:09,1.0,7.7,1.0,N,79,129,1,25.5,3.0,0.5,7.3,0.0,0.3,36.6,2.5,0.0
1,2021-11-01 02:01:17,2021-11-01 02:09:23,3.0,1.5,1.0,N,186,170,1,7.5,3.0,0.5,2.25,0.0,0.3,13.55,2.5,0.0
1,2021-11-01 02:33:26,2021-11-01 02:46:28,1.0,3.6,1.0,N,234,87,1,12.5,3.0,0.5,3.25,0.0,0.3,19.55,2.5,0.0
2,2021-11-01 02:04:26,2021-11-01 02:07:27,2.0,1.05,1.0,N,48,143,1,5.0,0.5,0.5,1.76,0.0,0.3,10.56,2.5,0.0
2,2021-11-01 02:20:59,2021-11-01 03:05:32,2.0,5.05,1.0,N,48,74,2,17.5,0.5,0.5,0.0,0.0,0.3,21.3,2.5,0.0
2,2021-11-01 02:07:28,2021-11-01 02:19:27,4.0,3.43,1.0,N,144,48,1,12.0,0.5,0.5,1.0,0.0,0.3,16.8,2.5,0.0
2,2021-11-01 02:29:49,2021-11-01 02:36:55,1.0,2.17,1.0,N,90,48,1,8.0,0.5,0.5,2.36,0.0,0.3,14.16,2.5,0.0
2,2021-11-01 02:41:29,2021-11-01 02:46:47,3.0,0.76,1.0,N,48,142,2,5.5,0.5,0.5,0.0,0.0,0.3,9.3,2.5,0.0
2,2021-11-01 02:41:03,2021-11-01 03:05:42,1.0,7.6,1.0,N,114,33,1,25.5,0.5,0.5,5.86,0.0,0.3,35.16,2.5,0.0
2,2021-11-01 01:58:23,2021-11-01 02:27:31,1.0,7.87,1.0,N,87,37,1,26.5,0.5,0.5,6.06,0.0,0.3,36.36,2.5,0.0
2,2021-11-01 02:04:11,2021-11-01 02:16:51,1.0,3.54,1.0,N,186,263,1,13.0,0.5,0.5,3.36,0.0,0.3,20.16,2.5,0.0
2,2021-11-01 02:20:05,2021-11-01 02:22:49,1.0,0.96,1.0,N,263,140,1,4.5,0.5,0.5,1.66,0.0,0.3,9.96,2.5,0.0
2,2021-11-01 02:04:21,2021-11-01 02:15:37,1.0,3.05,1.0,N,161,4,1,11.0,0.5,0.5,4.44,0.0,0.3,19.24,2.5,0.0
1,2021-11-01 02:20:10,2021-11-01 02:25:24,2.0,1.4,1.0,N,48,143,1,6.5,3.0,0.5,2.05,0.0,0.3,12.35,2.5,0.0
1,2021-11-01 02:42:35,2021-11-01 02:55:56,1.0,2.7,1.0,N,68,148,2,11.5,3.0,0.5,0.0,0.0,0.3,15.3,2.5,0.0
2,2021-11-01 02:25:53,2021-11-01 02:30:15,1.0,1.17,1.0,N,90,113,2,6.0,0.5,0.5,0.0,0.0,0.3,9.8,2.5,0.0
2,2021-11-01 02:31:34,2021-11-01 02:39:42,1.0,1.13,1.0,N,113,249,2,7.0,0.5,0.5,0.0,0.0,0.3,10.8,2.5,0.0
2,2021-11-01 02:48:19,2021-11-01 02:55:45,1.0,1.65,1.0,N,68,100,1,8.0,0.5,0.5,2.36,0.0,0.3,14.16,2.5,0.0
1,2021-11-01 02:11:54,2021-11-01 02:17:28,1.0,2.3,1.0,N,79,229,1,8.0,3.0,0.5,2.0,0.0,0.3,13.8,2.5,0.0
1,2021-11-01 02:35:06,2021-11-01 02:46:20,2.0,1.9,1.0,N,249,249,2,9.5,3.0,0.5,0.0,0.0,0.3,13.3,2.5,0.0
1,2021-11-01 02:55:39,2021-11-01 03:08:57,3.0,4.6,1.0,N,249,263,1,15.0,3.0,0.5,4.7,0.0,0.3,23.5,2.5,0.0
2,2021-11-01 02:25:47,2021-11-01 02:30:46,1.0,1.58,1.0,N,186,50,1,7.0,0.5,0.5,2.16,0.0,0.3,12.96,2.5,0.0
2,2021-11-01 02:40:42,2021-11-01 03:01:19,1.0,12.01,1.0,N,230,138,1,34.0,0.5,0.5,5.0,6.55,0.3,49.35,2.5,0.0
1,2021-11-01 02:17:45,2021-11-01 02:21:31,1.0,1.3,1.0,N,90,161,2,6.0,3.0,0.5,0.0,0.0,0.3,9.8,2.5,0.0
1,2021-11-01 02:38:12,2021-11-01 02:45:11,1.0,1.6,1.0,N,166,116,2,8.0,0.5,0.5,0.0,0.0,0.3,9.3,0.0,0.0
2,2021-11-01 02:06:43,2021-11-01 02:18:12,1.0,3.34,1.0,N,249,65,1,12.5,0.5,0.5,3.26,0.0,0.3,19.56,2.5,0.0
2,2021-11-01 02:31:51,2021-11-01 02:42:35,1.0,3.24,1.0,N,249,48,1,11.5,0.5,0.5,3.06,0.0,0.3,18.36,2.5,0.0
2,2021-11-01 02:59:00,2021-11-01 03:23:48,1.0,11.29,1.0,N,230,138,1,33.0,0.5,0.5,7.36,0.0,0.3,44.16,2.5,0.0
1,2021-11-01 02:19:19,2021-11-01 02:20:53,2.0,0.7,1.0,N,48,142,1,4.0,3.0,0.5,1.55,0.0,0.3,9.35,2.5,0.0
1,2021-11-01 02:23:00,2021-11-01 02:27:52,2.0,1.6,1.0,N,143,151,1,7.0,3.0,0.5,2.15,0.0,0.3,12.95,2.5,0.0
1,2021-11-01 02:57:14,2021-11-01 03:26:21,1.0,13.7,1.0,N,48,22,1,40.0,3.0,0.5,10.05,6.55,0.3,60.4,2.5,0.0
2,2021-11-01 02:08:37,2021-11-01 02:13:20,1.0,1.29,1.0,N,107,233,1,6.0,0.5,0.5,0.0,0.0,0.3,9.8,2.5,0.0
2,2021-11-01 02:21:09,2021-11-01 02:45:02,1.0,12.19,1.0,N,170,241,1,35.0,0.5,0.5,7.76,0.0,0.3,46.56,2.5,0.0
2,2021-11-01 02:34:51,2021-11-01 03:08:32,1.0,12.99,1.0,N,249,258,2,39.0,0.5,0.5,0.0,0.0,0.3,42.8,2.5,0.0
2,2021-11-01 02:09:18,2021-11-01 02:17:04,1.0,2.39,1.0,N,246,143,1,9.0,0.5,0.5,0.0,0.0,0.3,12.8,2.5,0.0
2,2021-11-01 02:47:46,2021-11-01 03:27:53,1.0,17.41,3.0,N,48,1,2,65.0,0.5,0.0,0.0,11.75,0.3,77.55,0.0,0.0
2,2021-11-01 02:07:56,2021-11-01 02:14:09,1.0,0.78,1.0,N,249,114,1,6.0,0.5,0.5,1.96,0.0,0.3,11.76,2.5,0.0
1,2021-11-01 02:08:37,2021-11-01 02:38:42,1.0,6.8,1.0,Y,186,225,2,24.5,3.0,0.5,0.0,0.0,0.3,28.3,2.5,0.0
2,2021-11-01 02:05:26,2021-11-01 02:16:58,1.0,3.89,1.0,N,48,41,1,13.0,0.5,0.5,3.36,0.0,0.3,20.16,2.5,0.0
2,2021-11-01 02:23:02,2021-11-01 02:35:09,1.0,4.2,1.0,N,186,33,1,13.5,0.5,0.5,3.46,0.0,0.3,20.76,2.5,0.0
2,2021-11-01 02:44:18,2021-11-01 02:54:22,3.0,1.63,1.0,N,88,45,1,8.5,0.5,0.5,2.46,0.0,0.3,14.76,2.5,0.0
2,2021-11-01 02:57:24,2021-11-01 03:15:59,2.0,9.18,1.0,N,45,74,2,27.5,0.5,0.5,0.0,0.0,0.3,31.3,2.5,0.0
1,2021-11-01 02:16:01,2021-11-01 02:24:53,1.0,2.2,1.0,N,148,164,1,9.0,3.0,0.5,2.2,0.0,0.3,15.0,2.5,0.0
1,2021-11-01 02:39:50,2021-11-01 02:48:31,2.0,3.0,1.0,N,148,80,1,11.0,3.0,0.5,2.95,0.0,0.3,17.75,2.5,0.0
2,2021-11-01 02:25:29,2021-11-01 02:27:22,1.0,0.3,1.0,N,234,113,2,3.5,0.5,0.5,0.0,0.0,0.3,7.3,2.5,0.0
2,2021-11-01 02:30:22,2021-11-01 02:38:52,1.0,1.14,1.0,N,79,158,1,7.0,0.5,0.5,1.2,0.0,0.3,12.0,2.5,0.0
2,2021-11-01 02:46:07,2021-11-01 03:12:30,1.0,6.44,1.0,N,68,40,2,22.5,0.5,0.5,0.0,0.0,0.3,26.3,2.5,0.0
2,2021-11-01 02:06:14,2021-11-01 02:18:58,1.0,3.62,1.0,N,68,4,1,14.0,0.5,0.5,1.5,0.0,0.3,19.3,2.5,0.0
2,2021-11-01 02:35:30,2021-11-01 02:55:50,1.0,6.53,1.0,N,100,129,4,-21.5,-0.5,-0.5,0.0,0.0,-0.3,-25.3,-2.5,0.0
2,2021-11-01 02:35:30,2021-11-01 02:55:50,1.0,6.53,1.0,N,100,82,2,21.5,0.5,0.5,0.0,0.0,0.3,25.3,2.5,0.0
2,2021-11-01 01:52:30,2021-11-01 02:00:09,1.0,1.1,1.0,N,148,211,2,6.5,0.5,0.5,0.0,0.0,0.3,10.3,2.5,0.0
2,2021-11-01 02:02:51,2021-11-01 02:12:09,1.0,2.0,1.0,N,249,68,1,9.0,0.5,0.5,3.84,0.0,0.3,16.64,2.5,0.0
2,2021-11-01 02:49:19,2021-11-01 02:59:30,1.0,2.7,1.0,N,249,50,1,10.5,0.5,0.5,2.86,0.0,0.3,17.16,2.5,0.0
1,2021-11-01 02:05:04,2021-11-01 02:15:02,1.0,1.9,1.0,N,249,232,1,9.0,3.0,0.5,2.55,0.0,0.3,15.35,2.5,0.0
1,2021-11-01 02:23:08,2021-11-01 02:43:56,1.0,7.3,1.0,N,79,166,1,22.0,3.0,0.5,5.15,0.0,0.3,30.95,2.5,0.0
2,2021-11-01 02:07:25,2021-11-01 02:10:48,1.0,0.7,1.0,N,41,166,1,4.5,0.5,0.5,3.0,0.0,0.3,8.8,0.0,0.0
2,2021-11-01 02:54:35,2021-11-01 03:08:10,1.0,7.05,1.0,N,50,116,1,21.0,0.5,0.5,2.0,0.0,0.3,26.8,2.5,0.0
2,2021-11-01 02:00:02,2021-11-01 02:19:23,3.0,6.44,1.0,N,249,228,1,21.0,0.5,0.5,7.44,0.0,0.3,32.24,2.5,0.0
2,2021-11-01 02:30:21,2021-11-01 02:36:52,2.0,1.36,1.0,N,181,33,1,7.0,0.5,0.5,2.08,0.0,0.3,10.38,0.0,0.0
2,2021-11-01 02:56:34,2021-11-01 03:07:28,2.0,2.57,1.0,N,234,141,1,10.5,0.5,0.5,1.0,0.0,0.3,15.3,2.5,0.0
1,2021-11-01 02:08:34,2021-11-01 02:15:57,1.0,1.1,1.0,N,234,107,3,7.0,3.0,0.5,0.0,0.0,0.3,10.8,2.5,0.0
2,2021-11-01 02:24:35,2021-11-01 02:29:13,1.0,1.08,1.0,N,107,186,2,5.5,0.5,0.5,0.0,0.0,0.3,9.3,2.5,0.0
2,2021-11-01 02:35:25,2021-11-01 02:58:06,1.0,14.48,2.0,N,164,10,4,-52.0,0.0,-0.5,0.0,-6.55,-0.3,-61.85,-2.5,0.0
2,2021-11-01 02:35:25,2021-11-01 02:58:06,1.0,14.48,2.0,N,164,10,2,52.0,0.0,0.5,0.0,6.55,0.3,61.85,2.5,0.0
2,2021-11-01 02:12:40,2021-11-01 02:19:19,1.0,2.59,1.0,N,48,238,1,9.0,0.5,0.5,2.56,0.0,0.3,15.36,2.5,0.0
2,2021-11-01 02:49:51,2021-11-01 03:01:09,1.0,1.86,1.0,N,41,75,2,10.0,0.5,0.5,0.0,0.0,0.3,11.3,0.0,0.0
1,2021-11-01 02:41:28,2021-11-01 02:48:50,0.0,2.0,1.0,N,114,137,2,8.5,3.0,0.5,0.0,0.0,0.3,12.3,2.5,0.0
2,2021-11-01 02:01:20,2021-11-01 02:15:06,1.0,3.13,1.0,N,148,246,1,12.5,0.5,0.5,1.0,0.0,0.3,17.3,2.5,0.0
2,2021-11-01 02:16:58,2021-11-01 02:26:37,2.0,2.62,1.0,N,246,142,2,10.5,0.5,0.5,0.0,0.0,0.3,14.3,2.5,0.0
2,2021-11-01 02:41:20,2021-11-01 02:47:04,2.0,1.59,1.0,N,246,230,1,7.0,0.5,0.5,0.0,0.0,0.3,10.8,2.5,0.0
2,2021-11-01 02:52:41,2021-11-01 02:57:50,1.0,1.29,1.0,N,186,161,2,6.0,0.5,0.5,0.0,0.0,0.3,9.8,2.5,0.0
2,2021-11-01 02:48:40,2021-11-01 03:03:11,2.0,3.26,1.0,N,79,233,1,13.0,0.5,0.5,1.5,0.0,0.3,18.3,2.5,0.0
2,2021-11-01 02:00:21,2021-11-01 02:11:30,1.0,3.26,1.0,N,79,255,1,12.0,0.5,0.5,4.74,0.0,0.3,20.54,2.5,0.0
2,2021-11-01 02:47:51,2021-11-01 02:59:58,2.0,2.67,1.0,N,249,68,2,11.5,0.5,0.5,0.0,0.0,0.3,15.3,2.5,0.0
2,2021-11-01 02:52:20,2021-11-01 03:32:58,1.0,11.43,1.0,N,141,36,1,36.5,0.5,0.5,10.08,0.0,0.3,50.38,2.5,0.0
2,2021-11-01 02:04:18,2021-11-01 02:11:13,1.0,1.32,1.0,N,107,144,1,7.0,0.5,0.5,0.0,0.0,0.3,10.8,2.5,0.0
2,2021-11-01 02:53:09,2021-11-01 02:57:01,1.0,0.55,1.0,N,4,4,2,4.5,0.5,0.5,0.0,0.0,0.3,8.3,2.5,0.0
1,2021-11-01 02:15:42,2021-11-01 02:38:22,1.0,9.6,1.0,N,158,244,2,29.5,3.0,0.5,0.0,0.0,0.3,33.3,2.5,0.0
1,2021-11-01 02:25:26,2021-11-01 02:35:13,1.0,3.7,1.0,N,68,24,1,12.0,3.0,0.5,3.15,0.0,0.3,18.95,2.5,0.0
2,2021-11-01 02:05:34,2021-11-01 02:21:12,1.0,3.9,1.0,N,48,263,1,14.5,0.5,0.5,3.66,0.0,0.3,21.96,2.5,0.0
2,2021-11-01 02:26:12,2021-11-01 02:33:33,1.0,3.52,1.0,N,141,260,2,11.5,0.5,0.5,0.0,0.0,0.3,15.3,2.5,0.0
2,2021-11-01 02:32:30,2021-11-01 02:44:19,1.0,2.66,1.0,N,113,230,2,11.0,0.5,0.5,0.0,0.0,0.3,14.8,2.5,0.0
2,2021-11-01 02:48:10,2021-11-01 03:03:04,1.0,4.41,1.0,N,230,179,1,15.5,0.5,0.5,3.86,0.0,0.3,23.16,2.5,0.0
1,2021-11-01 02:26:27,2021-11-01 02:37:54,2.0,1.7,1.0,N,246,137,1,9.5,3.0,0.5,2.65,0.0,0.3,15.95,2.5,0.0
1,2021-11-01 02:45:18,2021-11-01 03:08:14,1.0,7.0,1.0,N,186,7,1,22.5,3.0,0.5,5.25,0.0,0.3,31.55,2.5,0.0
2,2021-11-01 02:24:07,2021-11-01 02:38:58,1.0,3.74,1.0,N,148,48,2,14.0,0.5,0.5,0.0,0.0,0.3,17.8,2.5,0.0
2,2021-11-01 02:40:14,2021-11-01 02:55:41,1.0,4.51,1.0,N,48,7,1,16.5,0.5,0.5,2.5,0.0,0.3,22.8,2.5,0.0
2,2021-11-01 02:09:35,2021-11-01 02:13:18,1.0,1.28,1.0,N,234,137,1,5.5,0.5,0.5,1.86,0.0,0.3,11.16,2.5,0.0
2,2021-11-01 02:45:50,2021-11-01 02:58:12,1.0,4.95,1.0,N,79,75,1,15.0,0.5,0.5,3.76,0.0,0.3,22.56,2.5,0.0
1,2021-11-01 02:07:21,2021-11-01 02:11:48,3.0,0.8,1.0,Y,186,100,1,5.5,3.0,0.5,1.0,0.0,0.3,10.3,2.5,0.0
2,2021-11-01 02:03:00,2021-11-01 02:10:01,1.0,2.42,1.0,N,90,13,1,8.5,0.5,0.5,3.69,0.0,0.3,15.99,2.5,0.0
2,2021-11-01 02:19:25,2021-11-01 02:40:40,1.0,6.78,1.0,N,90,181,1,22.0,0.5,0.5,5.16,0.0,0.3,30.96,2.5,0.0
2,2021-11-01 02:49:07,2021-11-01 03:03:12,1.0,3.1,1.0,N,181,232,1,13.5,0.5,0.5,3.46,0.0,0.3,20.76,2.5,0.0
2,2021-11-01 02:10:17,2021-11-01 02:24:24,1.0,3.79,1.0,N,148,100,1,13.5,0.5,0.5,5.19,0.0,0.3,22.49,2.5,0.0
2,2021-11-01 02:28:25,2021-11-01 02:31:16,4.0,1.0,1.0,N,90,100,1,5.0,0.5,0.5,2.2,0.0,0.3,11.0,2.5,0.0
2,2021-11-01 02:37:13,2021-11-01 03:10:29,1.0,10.2,1.0,N,234,37,1,32.5,0.5,0.5,0.0,0.0,0.3,36.3,2.5,0.0
1,2021-11-01 02:26:32,2021-11-01 02:33:43,1.0,1.8,1.0,N,164,229,1,8.0,3.0,0.5,2.35,0.0,0.3,14.15,2.5,0.0
1,2021-11-01 02:44:32,2021-11-01 02:50:19,4.0,1.3,1.0,N,140,75,1,6.5,3.0,0.5,2.05,0.0,0.3,12.35,2.5,0.0
1,2021-11-01 02:55:07,2021-11-01 02:58:03,0.0,0.6,1.0,N,263,75,2,4.0,3.0,0.5,0.0,0.0,0.3,7.8,2.5,0.0
1,2021-11-01 02:41:44,2021-11-01 02:53:26,0.0,5.6,1.0,N,132,180,2,17.0,1.75,0.5,0.0,0.0,0.3,19.55,0.0,1.25
2,2021-11-01 02:32:14,2021-11-01 02:43:56,3.0,2.09,1.0,N,148,234,1,10.5,0.5,0.5,2.86,0.0,0.3,17.16,2.5,0.0
2,2021-11-01 02:49:10,2021-11-01 02:57:40,3.0,2.28,1.0,N,234,48,1,9.0,0.5,0.5,0.0,0.0,0.3,12.8,2.5,0.0
2,2021-11-01 02:10:27,2021-11-01 02:12:19,1.0,0.41,1.0,N,48,48,1,3.5,0.5,0.5,2.19,0.0,0.3,9.49,2.5,0.0
2,2021-11-01 02:22:59,2021-11-01 02:26:54,1.0,1.23,1.0,N,186,163,1,6.0,0.5,0.5,1.96,0.0,0.3,11.76,2.5,0.0
2,2021-11-01 02:35:45,2021-11-01 02:50:23,1.0,7.77,1.0,N,48,244,1,23.5,0.5,0.5,8.19,0.0,0.3,35.49,2.5,0.0
2,2021-11-01 02:00:51,2021-11-01 02:04:15,2.0,0.58,1.0,N,162,163,1,4.5,0.5,0.5,0.26,0.0,0.3,8.56,2.5,0.0
2,2021-11-01 02:12:01,2021-11-01 02:16:38,2.0,1.17,1.0,N,230,163,1,5.5,0.5,0.5,1.86,0.0,0.3,11.16,2.5,0.0
2,2021-11-01 02:21:33,2021-11-01 02:42:41,2.0,5.25,1.0,N,163,7,1,20.0,0.5,0.5,4.76,0.0,0.3,28.56,2.5,0.0
1,2021-11-01 02:18:45,2021-11-01 02:26:10,3.0,1.2,1.0,N,79,144,1,6.5,3.0,0.5,1.5,0.0,0.3,11.8,2.5,0.0
1,2021-11-01 02:40:27,2021-11-01 02:43:25,1.0,1.1,1.0,N,186,50,1,5.0,3.0,0.5,1.75,0.0,0.3,10.55,2.5,0.0
2,2021-11-01 02:08:15,2021-11-01 02:19:50,1.0,4.52,1.0,N,263,226,2,14.0,0.5,0.5,0.0,0.0,0.3,17.8,2.5,0.0
1,2021-11-01 02:25:16,2021-11-01 02:32:14,3.0,1.8,1.0,N,234,230,2,8.0,3.0,0.5,0.0,0.0,0.3,11.8,2.5,0.0
1,2021-11-01 02:44:14,2021-11-01 02:59:31,3.0,4.9,1.0,N,68,97,1,16.0,3.0,0.5,1.0,0.0,0.3,20.8,2.5,0.0
2,2021-11-01 02:36:54,2021-11-01 02:54:26,4.0,4.46,1.0,N,125,161,2,14.5,0.5,0.5,0.0,0.0,0.3,18.3,2.5,0.0
2,2021-11-01 02:02:58,2021-11-01 02:08:13,2.0,0.94,1.0,N,230,230,2,5.5,0.5,0.5,0.0,0.0,0.3,9.3,2.5,0.0
2,2021-11-01 02:10:01,2021-11-01 02:17:13,1.0,1.66,1.0,N,230,137,1,7.5,0.5,0.5,2.26,0.0,0.3,13.56,2.5,0.0
2,2021-11-01 02:22:45,2021-11-01 02:32:24,1.0,2.67,1.0,N,137,232,2,10.5,0.5,0.5,0.0,0.0,0.3,14.3,2.5,0.0
1,2021-11-01 02:28:48,2021-11-01 02:32:22,4.0,1.1,1.0,N,68,90,2,5.5,2.5,0.5,0.0,0.0,0.3,8.8,2.5,0.0
1,2021-11-01 02:44:27,2021-11-01 02:58:26,1.0,4.5,1.0,N,234,112,1,15.5,2.5,0.5,0.0,6.55,0.3,25.35,2.5,0.0
2,2021-11-01 02:02:57,2021-11-01 02:13:57,1.0,2.15,1.0,N,114,45,4,-10.0,-0.5,-0.5,0.0,0.0,-0.3,-13.8,-2.5,0.0
2,2021-11-01 02:02:57,2021-11-01 02:13:57,1.0,2.15,1.0,N,114,45,2,10.0,0.5,0.5,0.0,0.0,0.3,13.8,2.5,0.0
1,2021-11-01 02:41:30,2021-11-01 02:47:42,1.0,2.5,1.0,N,132,10,2,9.0,1.75,0.5,0.0,0.0,0.3,11.55,0.0,1.25
2,2021-11-01 02:41:00,2021-11-01 02:55:09,1.0,2.93,1.0,N,68,4,1,12.0,0.5,0.5,1.0,0.0,0.3,16.8,2.5,0.0
1,2021-11-01 02:35:41,2021-11-01 02:48:02,1.0,3.0,1.0,N,48,75,1,12.0,3.0,0.5,3.95,0.0,0.3,19.75,2.5,0.0
2,2021-11-01 02:19:57,2021-11-01 02:27:32,1.0,1.61,1.0,N,113,100,1,7.5,0.5,0.5,2.0,0.0,0.3,13.3,2.5,0.0
2,2021-11-01 02:29:53,2021-11-01 03:02:44,1.0,14.97,1.0,N,100,67,2,44.5,0.5,0.5,0.0,0.0,0.3,48.3,2.5,0.0
1,2021-11-01 02:04:27,2021-11-01 02:04:47,1.0,0.8,5.0,N,114,114,3,0.0,0.0,0.0,0.0,0.0,0.3,0.3,0.0,0.0
1,2021-11-01 02:05:44,2021-11-01 02:20:47,2.0,4.6,5.0,N,249,265,1,0.0,0.0,0.0,60.0,11.75,0.3,72.05,0.0,0.0
1,2021-11-01 02:42:11,2021-11-01 02:45:03,1.0,1.3,1.0,N,48,68,2,5.5,3.0,0.5,0.0,0.0,0.3,9.3,2.5,0.0
1,2021-11-01 02:46:58,2021-11-01 02:51:50,3.0,0.7,1.0,N,68,249,1,5.0,3.0,0.5,1.75,0.0,0.3,10.55,2.5,0.0
2,2021-11-01 02:11:28,2021-11-01 02:24:15,1.0,3.68,1.0,N,186,263,1,13.0,0.5,0.5,2.0,0.0,0.3,18.8,2.5,0.0
2,2021-11-01 02:39:59,2021-11-01 02:47:12,1.0,1.94,1.0,N,90,233,1,8.0,0.5,0.5,2.36,0.0,0.3,14.16,2.5,0.0
2,2021-11-01 02:56:24,2021-11-01 03:18:03,1.0,6.75,1.0,N,90,49,1,22.0,0.5,0.5,5.16,0.0,0.3,30.96,2.5,0.0
2,2021-11-01 02:55:00,2021-11-01 03:01:51,1.0,2.76,1.0,N,114,163,1,9.5,0.5,0.5,1.4,0.0,0.3,14.7,2.5,0.0
2,2021-11-01 02:40:49,2021-11-01 02:45:57,1.0,1.01,1.0,N,68,234,1,5.5,0.5,0.5,0.0,0.0,0.3,9.3,2.5,0.0
2,2021-11-01 02:47:43,2021-11-01 02:56:11,1.0,2.02,1.0,N,234,231,2,8.5,0.5,0.5,0.0,0.0,0.3,12.3,2.5,0.0
2,2021-11-01 02:36:01,2021-11-01 03:07:32,1.0,11.68,1.0,N,48,14,1,35.5,0.5,0.5,9.82,0.0,0.3,49.12,2.5,0.0
1,2021-11-01 02:34:11,2021-11-01 02:44:44,1.0,3.7,1.0,N,148,140,1,12.5,3.0,0.5,0.0,0.0,0.3,16.3,2.5,0.0
1,2021-11-01 02:59:31,2021-11-01 03:05:14,1.0,0.5,1.0,N,148,148,1,5.5,3.0,0.5,1.85,0.0,0.3,11.15,2.5,0.0
2,2021-11-01 01:53:16,2021-11-01 01:58:39,1.0,1.77,1.0,N,90,246,1,7.0,0.5,0.5,1.0,0.0,0.3,11.8,2.5,0.0
2,2021-11-01 02:13:26,2021-11-01 02:22:59,1.0,2.18,1.0,N,249,87,1,9.5,0.5,0.5,3.32,0.0,0.3,16.62,2.5,0.0
2,2021-11-01 02:39:05,2021-11-01 02:51:13,1.0,3.55,1.0,N,249,33,1,13.0,0.5,0.5,3.36,0.0,0.3,20.16,2.5,0.0
2,2021-11-01 02:38:34,2021-11-01 02:52:20,1.0,8.1,1.0,N,230,243,1,23.5,0.5,0.5,2.0,0.0,0.3,29.3,2.5,0.0
1,2021-11-01 02:04:04,2021-11-01 02:31:55,1.0,6.8,1.0,N,249,17,1,24.5,3.0,0.5,8.45,0.0,0.3,36.75,2.5,0.0
1,2021-11-01 02:59:51,2021-11-01 03:29:04,1.0,7.4,1.0,N,114,7,1,26.0,3.0,0.5,5.95,0.0,0.3,35.75,2.5,0.0
2,2021-11-01 02:05:23,2021-11-01 02:12:55,1.0,1.13,1.0,N,90,164,2,7.0,0.5,0.5,0.0,0.0,0.3,10.8,2.5,0.0
2,2021-11-01 02:24:31,2021-11-01 02:29:46,1.0,1.29,1.0,N,90,224,1,6.0,0.5,0.5,2.45,0.0,0.3,12.25,2.5,0.0
2,2021-11-01 02:33:42,2021-11-01 02:39:32,1.0,1.5,1.0,N,79,137,1,6.5,0.5,0.5,1.0,0.0,0.3,11.3,2.5,0.0
2,2021-11-01 02:40:39,2021-11-01 02:54:18,1.0,2.72,1.0,N,170,125,1,11.5,0.5,0.5,3.06,0.0,0.3,18.36,2.5,0.0
2,2021-11-01 02:57:08,2021-11-01 03:03:05,1.0,2.12,1.0,N,249,48,1,8.0,0.5,0.5,2.36,0.0,0.3,14.16,2.5,0.0
2,2021-11-01 02:06:07,2021-11-01 02:14:30,1.0,2.09,1.0,N,230,239,1,9.0,0.5,0.5,2.56,0.0,0.3,15.36,2.5,0.0
1,2021-11-01 02:25:25,2021-11-01 02:30:06,2.0,0.9,1.0,N,79,4,2,5.5,3.0,0.5,0.0,0.0,0.3,9.3,2.5,0.0
1,2021-11-01 02:42:59,2021-11-01 02:53:06,1.0,1.3,1.0,N,158,114,2,8.5,3.0,0.5,0.0,0.0,0.3,12.3,2.5,0.0
1,2021-11-01 02:07:52,2021-11-01 02:19:27,2.0,2.2,1.0,N,163,68,1,10.5,3.0,0.5,2.85,0.0,0.3,17.15,2.5,0.0
1,2021-11-01 02:28:27,2021-11-01 02:36:58,3.0,2.0,1.0,N,246,230,1,9.0,3.0,0.5,2.55,0.0,0.3,15.35,2.5,0.0
1,2021-11-01 02:40:02,2021-11-01 02:49:36,2.0,2.3,1.0,N,163,68,1,10.0,3.0,0.5,2.75,0.0,0.3,16.55,2.5,0.0
1,2021-11-01 02:38:22,2021-11-01 02:47:05,1.0,1.9,1.0,Y,249,246,1,8.5,3.0,0.5,2.45,0.0,0.3,14.75,2.5,0.0
1,2021-11-01 02:50:04,2021-11-01 03:20:30,1.0,7.6,1.0,N,246,129,1,26.0,3.0,0.5,5.95,0.0,0.3,35.75,2.5,0.0
2,2021-11-01 02:04:50,2021-11-01 02:19:10,1.0,3.58,1.0,N,246,261,1,13.5,0.5,0.5,3.46,0.0,0.3,20.76,2.5,0.0
2,2021-11-01 02:24:59,2021-11-01 02:40:21,1.0,4.27,1.0,N,261,170,1,15.0,0.5,0.5,3.76,0.0,0.3,22.56,2.5,0.0
2,2021-11-01 02:45:55,2021-11-01 03:03:00,1.0,5.48,1.0,N,107,238,1,17.5,0.5,0.5,4.26,0.0,0.3,25.56,2.5,0.0
2,2021-11-01 02:06:28,2021-11-01 02:25:28,4.0,4.26,1.0,N,48,41,1,16.5,0.5,0.5,3.04,0.0,0.3,23.34,2.5,0.0
1,2021-11-01 02:07:36,2021-11-01 02:25:20,1.0,3.9,1.0,N,48,41,1,16.0,3.0,0.5,2.0,0.0,0.3,21.8,2.5,0.0
1,2021-11-01 02:38:48,2021-11-01 02:52:16,1.0,3.8,1.0,Y,163,148,1,13.5,3.0,0.5,3.45,0.0,0.3,20.75,2.5,0.0
1,2021-11-01 02:56:40,2021-11-01 03:03:00,3.0,1.1,1.0,N,79,137,2,7.0,3.0,0.5,0.0,0.0,0.3,10.8,2.5,0.0
2,2021-11-01 02:51:15,2021-11-01 02:57:51,1.0,1.19,1.0,N,90,246,1,6.5,0.5,0.5,2.06,0.0,0.3,12.36,2.5,0.0
2,2021-11-01 02:31:42,2021-11-01 02:40:57,2.0,1.62,1.0,N,230,170,1,8.5,0.5,0.5,2.46,0.0,0.3,14.76,2.5,0.0
2,2021-11-01 02:54:37,2021-11-01 02:59:31,1.0,1.04,1.0,N,230,48,2,5.5,0.5,0.5,0.0,0.0,0.3,9.3,2.5,0.0
2,2021-11-01 02:03:08,2021-11-01 02:10:25,1.0,1.3,1.0,N,79,125,1,7.5,0.5,0.5,2.26,0.0,0.3,13.56,2.5,0.0
2,2021-11-01 02:49:33,2021-11-01 03:06:41,1.0,4.43,1.0,N,148,225,1,16.5,0.5,0.5,0.0,0.0,0.3,20.3,2.5,0.0
2,2021-11-01 02:08:51,2021-11-01 02:12:13,1.0,0.61,1.0,N,246,68,1,4.5,0.5,0.5,1.0,0.0,0.3,9.3,2.5,0.0
2,2021-11-01 02:16:40,2021-11-01 02:23:06,2.0,1.85,1.0,N,246,230,2,7.5,0.5,0.5,0.0,0.0,0.3,11.3,2.5,0.0
2,2021-11-01 02:05:28,2021-11-01 02:13:40,2.0,1.27,1.0,N,158,113,1,7.0,0.5,0.5,2.0,0.0,0.3,12.8,2.5,0.0
2,2021-11-01 02:30:45,2021-11-01 02:44:18,1.0,3.71,1.0,N,158,45,1,13.5,0.5,0.5,1.0,0.0,0.3,18.3,2.5,0.0
2,2021-11-01 02:03:58,2021-11-01 02:09:55,3.0,1.84,1.0,N,249,48,1,7.5,0.5,0.5,2.82,0.0,0.3,14.12,2.5,0.0
2,2021-11-01 02:14:57,2021-11-01 02:16:11,3.0,0.44,1.0,N,186,186,2,3.5,0.5,0.5,0.0,0.0,0.3,7.3,2.5,0.0
2,2021-11-01 02:26:27,2021-11-01 02:34:06,3.0,2.58,1.0,N,249,230,1,9.0,0.5,0.5,2.56,0.0,0.3,15.36,2.5,0.0
2,2021-11-01 02:42:31,2021-11-01 03:02:59,3.0,9.24,1.0,N,90,244,1,28.0,0.5,0.5,5.7,0.0,0.3,37.5,2.5,0.0
2,2021-11-01 02:01:25,2021-11-01 02:12:22,3.0,4.13,1.0,N,90,238,1,13.5,0.5,0.5,3.46,0.0,0.3,20.76,2.5,0.0
2,2021-11-01 02:17:39,2021-11-01 02:32:39,2.0,3.35,1.0,N,239,74,2,14.0,0.5,0.5,0.0,0.0,0.3,17.8,2.5,0.0
1,2021-11-01 02:26:15,2021-11-01 02:33:10,2.0,1.7,1.0,N,164,163,1,7.5,3.0,0.5,2.25,0.0,0.3,13.55,2.5,0.0
2,2021-11-01 02:09:56,2021-11-01 02:14:14,4.0,0.42,1.0,N,79,79,1,4.5,0.5,0.5,3.0,0.0,0.3,11.3,2.5,0.0
2,2021-11-01 02:19:06,2021-11-01 02:23:26,1.0,0.5,1.0,N,79,232,1,5.0,0.5,0.5,2.2,0.0,0.3,11.0,2.5,0.0
2,2021-11-01 02:24:36,2021-11-01 02:37:14,1.0,1.87,1.0,N,232,125,2,10.5,0.5,0.5,0.0,0.0,0.3,14.3,2.5,0.0
2,2021-11-01 02:37:33,2021-11-01 02:52:44,1.0,3.3,1.0,N,125,233,1,13.5,0.5,0.5,0.0,0.0,0.3,17.3,2.5,0.0
2,2021-11-01 02:11:21,2021-11-01 02:40:06,1.0,12.19,1.0,N,186,227,1,36.0,0.5,0.5,8.0,0.0,0.3,47.8,2.5,0.0
2,2021-11-01 02:10:35,2021-11-01 02:15:02,1.0,1.87,1.0,N,68,163,1,7.0,0.5,0.5,2.7,0.0,0.3,13.5,2.5,0.0
2,2021-11-01 02:22:20,2021-11-01 02:35:42,1.0,3.77,1.0,N,48,75,1,13.0,0.5,0.5,2.52,0.0,0.3,19.32,2.5,0.0
2,2021-11-01 02:21:00,2021-11-01 02:38:53,1.0,7.52,1.0,N,79,129,2,23.5,0.5,0.5,0.0,6.55,0.3,33.85,2.5,0.0
2,2021-11-01 02:04:03,2021-11-01 02:19:46,1.0,5.79,1.0,N,264,264,1,19.0,0.5,0.5,4.06,0.0,0.3,24.36,0.0,0.0
2,2021-11-01 02:48:44,2021-11-01 02:55:09,1.0,1.31,1.0,N,211,13,1,7.0,0.5,0.5,2.16,0.0,0.3,12.96,2.5,0.0
1,2021-11-01 02:42:33,2021-11-01 02:49:49,2.0,1.1,1.0,N,246,186,1,6.5,3.0,0.5,2.05,0.0,0.3,12.35,2.5,0.0
1,2021-11-01 02:14:46,2021-11-01 02:31:31,0.0,5.6,1.0,N,79,238,1,18.0,3.0,0.5,4.35,0.0,0.3,26.15,2.5,0.0
1,2021-11-01 02:53:21,2021-11-01 03:14:01,0.0,8.3,1.0,N,249,42,1,26.0,3.0,0.5,5.95,0.0,0.3,35.75,2.5,0.0
2,2021-11-01 02:01:09,2021-11-01 02:24:29,2.0,8.65,1.0,N,68,133,1,26.5,0.5,0.5,6.67,0.0,0.3,36.97,2.5,0.0
2,2021-11-01 02:25:02,2021-11-01 02:25:17,2.0,0.04,2.0,N,133,133,4,-52.0,0.0,-0.5,0.0,0.0,-0.3,-52.8,0.0,0.0
2,2021-11-01 02:25:02,2021-11-01 02:25:17,2.0,0.04,2.0,N,133,133,2,52.0,0.0,0.5,0.0,0.0,0.3,52.8,0.0,0.0
2,2021-11-01 02:26:50,2021-11-01 02:26:53,2.0,0.0,5.0,N,133,133,1,50.0,0.0,0.0,15.09,0.0,0.3,65.39,0.0,0.0
2,2021-11-01 02:28:15,2021-11-01 02:31:32,1.0,0.73,1.0,N,238,166,1,4.5,0.5,0.5,5.0,0.0,0.3,10.8,0.0,0.0
2,2021-11-01 02:57:23,2021-11-01 03:47:09,1.0,24.64,1.0,N,68,117,1,69.0,0.5,0.5,0.0,9.0,0.3,81.8,2.5,0.0
1,2021-11-01 02:53:12,2021-11-01 03:23:37,2.0,15.1,1.0,N,132,165,1,42.0,1.75,0.5,0.01,0.0,0.3,44.56,0.0,1.25
2,2021-11-01 02:25:41,2021-11-01 02:40:03,1.0,3.37,1.0,N,246,13,1,13.5,0.5,0.5,3.46,0.0,0.3,20.76,2.5,0.0
2,2021-11-01 02:46:18,2021-11-01 03:11:44,1.0,6.01,1.0,N,246,189,2,22.5,0.5,0.5,0.0,0.0,0.3,26.3,2.5,0.0
2,2021-11-01 02:16:09,2021-11-01 02:47:34,1.0,9.84,1.0,N,90,62,1,32.0,0.5,0.5,7.16,0.0,0.3,42.96,2.5,0.0
1,2021-11-01 02:42:17,2021-11-01 02:50:38,1.0,3.4,1.0,N,74,162,2,11.0,3.0,0.5,0.0,0.0,0.3,14.8,2.5,0.0
1,2021-11-01 02:59:02,2021-11-01 03:04:36,1.0,2.3,1.0,N,137,141,1,8.0,3.0,0.5,2.95,0.0,0.3,14.75,2.5,0.0
2,2021-11-01 02:05:26,2021-11-01 02:13:48,1.0,2.01,1.0,N,90,162,1,8.5,0.5,0.5,2.46,0.0,0.3,14.76,2.5,0.0
2,2021-11-01 02:21:52,2021-11-01 02:41:39,3.0,6.72,1.0,N,234,129,2,21.0,0.5,0.5,0.0,0.0,0.3,24.8,2.5,0.0
2,2021-11-01 02:45:41,2021-11-01 02:53:36,1.0,1.82,1.0,N,129,226,2,8.0,0.5,0.5,0.0,0.0,0.3,9.3,0.0,0.0
2,2021-11-01 02:23:04,2021-11-01 02:38:12,2.0,5.53,1.0,N,79,74,2,17.0,0.5,0.5,0.0,0.0,0.3,20.8,2.5,0.0
2,2021-11-01 02:27:25,2021-11-01 02:48:44,1.0,6.76,1.0,N,148,238,1,22.5,0.5,0.5,0.0,0.0,0.3,26.3,2.5,0.0
2,2021-11-01 02:02:59,2021-11-01 02:05:44,1.0,0.94,1.0,N,186,107,1,4.5,0.5,0.5,1.66,0.0,0.3,9.96,2.5,0.0
2,2021-11-01 02:09:02,2021-11-01 02:17:19,1.0,3.1,1.0,N,137,236,1,10.5,0.5,0.5,2.86,0.0,0.3,17.16,2.5,0.0
2,2021-11-01 02:23:35,2021-11-01 02:27:28,1.0,0.83,1.0,N,74,75,2,5.0,0.5,0.5,0.0,0.0,0.3,6.3,0.0,0.0
2,2021-11-01 02:59:53,2021-11-01 03:15:23,1.0,4.51,1.0,N,249,262,1,15.0,0.5,0.5,3.76,0.0,0.3,22.56,2.5,0.0
2,2021-11-01 02:20:11,2021-11-01 02:35:55,1.0,4.07,1.0,N,79,189,1,15.5,0.5,0.5,3.86,0.0,0.3,23.16,2.5,0.0
2,2021-11-01 02:51:29,2021-11-01 02:57:26,1.0,1.59,1.0,N,148,107,2,7.5,0.5,0.5,0.0,0.0,0.3,11.3,2.5,0.0
2,2021-11-01 02:59:59,2021-11-01 03:10:18,1.0,3.81,1.0,N,107,263,1,12.5,0.5,0.5,2.2,0.0,0.3,18.5,2.5,0.0
2,2021-11-01 02:45:53,2021-11-01 02:48:33,1.0,0.69,1.0,N,116,152,1,4.5,0.5,0.5,1.16,0.0,0.3,6.96,0.0,0.0
1,2021-11-01 02:04:02,2021-11-01 02:10:03,0.0,0.9,1.0,N,90,113,2,6.0,3.0,0.5,0.0,0.0,0.3,9.8,2.5,0.0
1,2021-11-01 02:37:38,2021-11-01 02:50:13,0.0,5.1,1.0,N,148,262,2,16.5,3.0,0.5,0.0,0.0,0.3,20.3,2.5,0.0
2,2021-11-01 02:23:35,2021-11-01 02:33:30,2.0,2.57,1.0,N,79,170,1,10.5,0.5,0.5,2.86,0.0,0.3,17.16,2.5,0.0
2,2021-11-01 02:23:22,2021-11-01 02:23:27,2.0,0.0,2.0,N,230,230,2,52.0,0.0,0.5,0.0,0.0,0.3,55.3,2.5,0.0
2,2021-11-01 02:24:40,2021-11-01 02:35:38,2.0,5.61,1.0,N,230,116,2,17.0,0.5,0.5,0.0,0.0,0.3,20.8,2.5,0.0
1,2021-11-01 02:52:34,2021-11-01 03:04:36,1.0,2.8,1.0,N,249,163,1,11.5,3.0,0.5,3.05,0.0,0.3,18.35,2.5,0.0
2,2021-11-01 02:09:41,2021-11-01 02:17:55,2.0,1.79,1.0,N,48,239,1,8.5,0.5,0.5,2.46,0.0,0.3,14.76,2.5,0.0
2,2021-11-01 02:27:47,2021-11-01 02:36:33,2.0,2.43,1.0,N,68,231,1,9.0,0.5,0.5,2.56,0.0,0.3,15.36,2.5,0.0
2,2021-11-01 02:17:04,2021-11-01 02:21:08,1.0,1.15,1.0,N,236,161,1,6.0,0.5,0.5,1.96,0.0,0.3,11.76,2.5,0.0
2,2021-11-01 02:37:50,2021-11-01 02:41:15,1.0,1.29,1.0,N,237,263,2,5.5,0.5,0.5,0.0,0.0,0.3,9.3,2.5,0.0
2,2021-11-01 02:07:10,2021-11-01 02:11:57,1.0,0.93,1.0,N,148,79,1,5.0,0.5,0.5,1.76,0.0,0.3,10.56,2.5,0.0
2,2021-11-01 02:16:36,2021-11-01 02:34:59,1.0,4.89,1.0,N,79,143,1,17.5,0.5,0.5,6.39,0.0,0.3,27.69,2.5,0.0
2,2021-11-01 02:43:22,2021-11-01 02:59:49,1.0,3.87,1.0,N,230,226,4,-15.0,-0.5,-0.5,0.0,0.0,-0.3,-18.8,-2.5,0.0
2,2021-11-01 02:43:22,2021-11-01 02:59:49,1.0,3.87,1.0,N,230,226,2,15.0,0.5,0.5,0.0,0.0,0.3,18.8,2.5,0.0
2,2021-11-01 02:34:36,2021-11-01 02:45:28,3.0,2.42,1.0,N,90,68,1,10.0,0.5,0.5,2.76,0.0,0.3,16.56,2.5,0.0
2,2021-11-01 02:09:38,2021-11-01 02:17:31,1.0,1.95,1.0,N,249,230,1,8.0,0.5,0.5,3.54,0.0,0.3,15.34,2.5,0.0
2,2021-11-01 02:43:08,2021-11-01 02:49:51,1.0,1.14,1.0,N,249,79,1,6.5,0.5,0.5,2.06,0.0,0.3,12.36,2.5,0.0
2,2021-11-01 02:51:44,2021-11-01 03:08:23,2.0,3.14,1.0,N,79,48,1,14.0,0.5,0.5,4.45,0.0,0.3,22.25,2.5,0.0
2,2021-11-01 02:03:53,2021-11-01 02:32:22,1.0,7.16,1.0,N,50,17,2,24.5,0.5,0.5,0.0,0.0,0.3,28.3,2.5,0.0
2,2021-11-01 02:09:26,2021-11-01 02:20:03,1.0,3.26,1.0,N,100,263,1,11.5,0.5,0.5,3.06,0.0,0.3,18.36,2.5,0.0
2,2021-11-01 02:29:52,2021-11-01 02:33:20,2.0,0.61,1.0,N,263,263,2,4.5,0.5,0.5,0.0,0.0,0.3,8.3,2.5,0.0
1,2021-11-01 02:16:45,2021-11-01 02:29:18,1.0,3.5,1.0,N,231,48,1,12.5,3.0,0.5,0.0,0.0,0.3,16.3,2.5,0.0
1,2021-11-01 02:40:54,2021-11-01 02:44:44,1.0,1.3,1.0,N,48,68,1,5.5,3.0,0.5,1.85,0.0,0.3,11.15,2.5,0.0
1,2021-11-01 02:46:00,2021-11-01 02:53:51,1.0,1.9,1.0,N,186,48,1,8.0,3.0,0.5,2.35,0.0,0.3,14.15,2.5,0.0
1,2021-11-01 02:16:23,2021-11-01 02:21:38,1.0,1.3,1.0,N,264,264,1,6.5,0.5,0.5,1.55,0.0,0.3,9.35,0.0,0.0
1,2021-11-01 02:27:43,2021-11-01 02:38:59,1.0,3.1,1.0,N,164,4,2,12.0,3.0,0.5,0.0,0.0,0.3,15.8,2.5,0.0
1,2021-11-01 02:56:45,2021-11-01 03:13:32,1.0,5.5,1.0,N,186,179,1,18.0,3.0,0.5,5.45,0.0,0.3,27.25,2.5,0.0
1,2021-11-01 02:07:32,2021-11-01 02:16:03,1.0,2.2,1.0,N,238,74,1,9.0,0.5,0.5,3.05,0.0,0.3,13.35,0.0,0.0
1,2021-11-01 02:40:37,2021-11-01 02:52:43,1.0,3.5,1.0,N,79,163,1,12.0,3.0,0.5,2.0,0.0,0.3,17.8,2.5,0.0
1,2021-11-01 02:07:02,2021-11-01 02:12:57,3.0,0.7,1.0,Y,79,148,1,6.0,3.0,0.5,1.95,0.0,0.3,11.75,2.5,0.0
1,2021-11-01 02:15:48,2021-11-01 02:25:25,1.0,2.0,1.0,N,148,137,1,9.0,3.0,0.5,1.0,0.0,0.3,13.8,2.5,0.0
2,2021-11-01 02:34:37,2021-11-01 02:49:59,1.0,4.75,1.0,N,114,142,1,16.0,0.5,0.5,2.0,0.0,0.3,21.8,2.5,0.0
2,2021-11-01 02:08:34,2021-11-01 02:21:47,1.0,3.41,1.0,N,48,41,1,13.5,0.5,0.5,3.46,0.0,0.3,20.76,2.5,0.0
2,2021-11-01 02:40:09,2021-11-01 02:51:07,1.0,2.29,1.0,N,142,164,1,10.0,0.5,0.5,2.76,0.0,0.3,16.56,2.5,0.0
2,2021-11-01 02:55:21,2021-11-01 03:03:16,1.0,1.56,1.0,N,186,50,2,7.5,0.5,0.5,0.0,0.0,0.3,11.3,2.5,0.0
2,2021-11-01 02:11:48,2021-11-01 02:14:59,6.0,0.76,1.0,N,48,142,1,4.5,0.5,0.5,2.49,0.0,0.3,10.79,2.5,0.0
2,2021-11-01 02:29:55,2021-11-01 02:51:14,6.0,7.1,1.0,N,100,42,1,23.5,0.5,0.5,5.46,0.0,0.3,32.76,2.5,0.0
2,2021-11-01 02:38:23,2021-11-01 02:38:53,2.0,0.63,5.0,N,265,265,1,70.0,0.0,0.0,0.0,0.0,0.3,70.3,0.0,0.0
2,2021-11-01 02:51:34,2021-11-01 03:26:20,1.0,15.18,1.0,N,132,30,2,42.5,0.5,0.5,0.0,2.45,0.3,47.5,0.0,1.25
1,2021-11-01 02:02:51,2021-11-01 02:09:01,1.0,1.2,1.0,N,90,137,2,6.5,3.0,0.5,0.0,0.0,0.3,10.3,2.5,0.0
1,2021-11-01 02:21:48,2021-11-01 02:33:04,1.0,2.0,1.0,N,107,100,1,10.0,3.0,0.5,2.75,0.0,0.3,16.55,2.5,0.0
1,2021-11-01 02:45:38,2021-11-01 02:49:31,1.0,1.2,1.0,N,100,68,1,5.5,3.0,0.5,1.85,0.0,0.3,11.15,2.5,0.0
1,2021-11-01 02:51:12,2021-11-01 03:10:11,1.0,5.2,1.0,N,186,41,1,18.5,3.0,0.5,4.45,0.0,0.3,26.75,2.5,0.0
1,2021-11-01 02:26:30,2021-11-01 02:43:29,1.0,5.1,1.0,N,107,239,1,17.0,3.0,0.5,0.0,0.0,0.3,20.8,2.5,0.0
1,2021-11-01 02:07:19,2021-11-01 02:23:37,2.0,4.4,1.0,N,48,75,1,15.5,3.0,0.5,3.85,0.0,0.3,23.15,2.5,0.0
1,2021-11-01 02:41:05,2021-11-01 02:50:25,3.0,2.4,1.0,N,249,164,1,9.5,3.0,0.5,3.95,0.0,0.3,17.25,2.5,0.0
2,2021-11-01 02:25:18,2021-11-01 02:42:29,1.0,8.52,1.0,N,238,18,1,25.0,0.5,0.5,7.2,0.0,0.3,36.0,2.5,0.0
2,2021-11-01 02:34:16,2021-11-01 02:59:07,1.0,6.81,1.0,N,249,61,1,24.0,0.5,0.5,5.56,0.0,0.3,33.36,2.5,0.0
2,2021-11-01 02:05:16,2021-11-01 02:10:19,1.0,0.85,1.0,N,114,90,2,5.5,0.5,0.5,0.0,0.0,0.3,9.3,2.5,0.0
2,2021-11-01 02:32:52,2021-11-01 02:41:31,2.0,1.71,1.0,N,114,68,2,8.0,0.5,0.5,0.0,0.0,0.3,11.8,2.5,0.0
2,2021-11-01 02:42:15,2021-11-01 03:10:06,2.0,9.65,1.0,N,68,102,1,30.0,0.5,0.5,0.0,6.55,0.3,40.35,2.5,0.0
1,2021-11-01 02:07:17,2021-11-01 02:14:28,1.0,1.8,1.0,N,249,100,1,8.0,3.0,0.5,2.0,0.0,0.3,13.8,2.5,0.0
1,2021-11-01 02:19:56,2021-11-01 02:35:12,1.0,3.6,1.0,N,230,263,1,14.5,3.0,0.5,3.66,0.0,0.3,21.96,2.5,0.0
1,2021-11-01 02:36:46,2021-11-01 02:50:09,1.0,5.3,1.0,N,263,125,1,16.0,3.0,0.5,3.56,0.0,0.3,23.36,2.5,0.0
1,2021-11-01 02:53:16,2021-11-01 02:57:10,1.0,1.4,1.0,N,158,68,1,6.0,3.0,0.5,1.95,0.0,0.3,11.75,2.5,0.0
2,2021-11-01 02:53:05,2021-11-01 02:56:11,1.0,0.94,1.0,N,79,170,1,4.5,0.5,0.5,2.08,0.0,0.3,10.38,2.5,0.0
2,2021-11-01 02:19:13,2021-11-01 02:46:42,1.0,5.77,1.0,N,48,223,1,22.5,0.5,0.5,0.01,0.0,0.3,26.31,2.5,0.0
1,2021-11-01 02:36:40,2021-11-01 02:58:49,2.0,8.7,1.0,N,114,116,1,27.0,3.0,0.5,6.15,0.0,0.3,36.95,2.5,0.0
2,2021-11-01 02:05:33,2021-11-01 02:26:58,1.0,4.38,1.0,N,249,181,2,15.5,0.5,0.5,0.0,0.0,0.3,19.3,2.5,0.0
2,2021-11-01 02:29:39,2021-11-01 02:37:38,1.0,2.08,1.0,N,48,249,2,8.5,0.5,0.5,0.0,0.0,0.3,12.3,2.5,0.0
2,2021-11-01 02:51:21,2021-11-01 03:08:51,2.0,5.22,1.0,N,68,236,1,17.5,0.5,0.5,1.5,0.0,0.3,22.8,2.5,0.0
2,2021-11-01 02:06:51,2021-11-01 02:09:11,1.0,0.68,1.0,N,249,234,2,4.0,0.5,0.5,0.0,0.0,0.3,7.8,2.5,0.0
2,2021-11-01 02:25:04,2021-11-01 02:52:21,1.0,6.21,1.0,N,249,262,1,22.5,0.5,0.5,3.0,0.0,0.3,29.3,2.5,0.0
2,2021-11-01 02:17:14,2021-11-01 02:31:18,4.0,5.92,1.0,N,48,42,1,18.5,0.5,0.5,2.0,0.0,0.3,24.3,2.5,0.0
2,2021-11-01 02:41:21,2021-11-01 02:42:57,1.0,0.0,5.0,N,69,69,3,-20.0,0.0,0.0,0.0,0.0,-0.3,-20.3,0.0,0.0
2,2021-11-01 02:41:21,2021-11-01 02:42:57,1.0,0.0,5.0,N,69,69,2,20.0,0.0,0.0,0.0,0.0,0.3,20.3,0.0,0.0
2,2021-11-01 02:44:44,2021-11-01 02:48:50,1.0,0.0,5.0,N,69,69,3,-15.0,0.0,0.0,0.0,0.0,-0.3,-15.3,0.0,0.0
2,2021-11-01 02:44:44,2021-11-01 02:48:50,1.0,0.0,5.0,N,69,69,2,15.0,0.0,0.0,0.0,0.0,0.3,15.3,0.0,0.0
1,2021-11-01 02:18:36,2021-11-01 02:18:36,1.0,0.0,1.0,Y,234,264,2,9.5,3.0,0.5,0.0,0.0,0.3,13.3,2.5,0.0
1,2021-11-01 02:42:02,2021-11-01 03:00:13,1.0,4.8,1.0,N,113,239,2,16.0,3.0,0.5,0.0,0.0,0.3,19.8,2.5,0.0
2,2021-11-01 02:04:35,2021-11-01 02:10:47,1.0,1.96,1.0,N,48,90,1,7.5,0.5,0.5,1.0,0.0,0.3,12.3,2.5,0.0
2,2021-11-01 02:03:21,2021-11-02 01:58:01,1.0,5.76,1.0,N,90,166,1,19.0,0.5,0.5,3.42,0.0,0.3,26.22,2.5,0.0
2,2021-11-01 02:35:39,2021-11-01 02:37:51,1.0,0.64,1.0,N,48,48,2,4.0,0.5,0.5,0.0,0.0,0.3,7.8,2.5,0.0
2,2021-11-01 02:42:41,2021-11-01 03:00:46,1.0,5.3,1.0,N,68,75,1,17.5,0.5,0.5,0.0,0.0,0.3,21.3,2.5,0.0
2,2021-11-01 02:31:51,2021-11-01 02:38:23,6.0,2.33,1.0,N,211,100,2,8.5,0.5,0.5,0.0,0.0,0.3,12.3,2.5,0.0
2,2021-11-01 02:45:27,2021-11-01 03:02:47,6.0,8.25,1.0,N,249,133,1,24.5,0.5,0.5,6.97,6.55,0.3,41.82,2.5,0.0
2,2021-11-01 01:58:06,2021-11-01 02:00:26,1.0,0.69,1.0,N,186,90,1,4.0,0.5,0.5,1.56,0.0,0.3,9.36,2.5,0.0
2,2021-11-01 02:09:37,2021-11-01 02:38:26,1.0,5.88,1.0,N,68,41,1,21.5,0.5,0.5,5.06,0.0,0.3,30.36,2.5,0.0
1,2021-11-01 02:09:14,2021-11-01 02:25:52,3.0,4.7,1.0,N,68,141,1,16.0,3.0,0.5,0.0,0.0,0.3,19.8,2.5,0.0
1,2021-11-01 02:41:36,2021-11-01 02:51:28,3.0,1.6,1.0,N,90,114,1,8.5,3.0,0.5,2.0,0.0,0.3,14.3,2.5,0.0
2,2021-11-01 02:08:11,2021-11-01 02:12:00,1.0,0.97,1.0,N,114,231,1,5.5,0.5,0.5,2.32,0.0,0.3,11.62,2.5,0.0
2,2021-11-01 02:25:00,2021-11-01 02:33:33,1.0,1.82,1.0,N,249,148,2,8.0,0.5,0.5,0.0,0.0,0.3,11.8,2.5,0.0
1,2021-11-01 02:01:21,2021-11-01 02:05:37,1.0,1.0,1.0,N,163,230,2,5.5,3.0,0.5,0.0,0.0,0.3,9.3,2.5,0.0
1,2021-11-01 02:20:37,2021-11-01 02:38:12,1.0,4.4,1.0,N,230,87,1,15.5,3.0,0.5,3.85,0.0,0.3,23.15,2.5,0.0
2,2021-11-01 02:16:54,2021-11-01 02:27:22,1.0,3.62,5.0,N,246,265,2,50.0,0.0,0.0,0.0,0.0,0.3,50.3,0.0,0.0
2,2021-11-01 02:53:35,2021-11-01 02:53:50,2.0,0.0,5.0,N,262,262,1,20.0,0.0,0.0,3.0,0.0,0.3,25.8,2.5,0.0
1,2021-11-01 02:09:03,2021-11-01 02:21:11,3.0,3.0,1.0,N,261,4,1,12.0,3.0,0.5,3.15,0.0,0.3,18.95,2.5,0.0
2,2021-11-01 02:52:11,2021-11-01 03:03:32,5.0,0.54,1.0,N,79,107,1,4.5,0.5,0.5,0.0,0.0,0.3,8.3,2.5,0.0
1,2021-11-01 02:17:14,2021-11-01 02:42:36,1.0,8.1,1.0,N,249,42,1,26.5,3.0,0.5,6.05,0.0,0.3,36.35,2.5,0.0
2,2021-11-01 02:20:48,2021-11-01 02:33:39,1.0,3.4,1.0,N,90,141,1,13.0,0.5,0.5,1.0,0.0,0.3,17.8,2.5,0.0
2,2021-11-01 02:26:41,2021-11-01 02:38:27,2.0,2.14,1.0,N,125,4,1,10.0,0.5,0.5,2.0,0.0,0.3,15.8,2.5,0.0
2,2021-11-01 02:44:03,2021-11-01 02:52:48,1.0,1.24,1.0,N,79,148,2,7.5,0.5,0.5,0.0,0.0,0.3,11.3,2.5,0.0
1,2021-11-01 02:15:31,2021-11-01 02:31:17,1.0,4.3,1.0,N,246,88,1,16.0,3.0,0.5,0.02,0.0,0.3,19.82,2.5,0.0
1,2021-11-01 02:45:21,2021-11-01 03:06:30,1.0,6.2,1.0,N,249,7,2,21.0,3.0,0.5,0.0,0.0,0.3,24.8,2.5,0.0
2,2021-11-01 02:07:54,2021-11-01 02:15:01,1.0,2.38,1.0,N,186,143,1,8.5,0.5,0.5,2.46,0.0,0.3,14.76,2.5,0.0
2,2021-11-01 02:20:22,2021-11-01 02:31:24,1.0,2.09,1.0,N,142,229,1,10.0,0.5,0.5,2.76,0.0,0.3,16.56,2.5,0.0
2,2021-11-01 02:42:12,2021-11-01 02:53:18,1.0,2.85,1.0,N,230,263,1,11.0,0.5,0.5,2.96,0.0,0.3,17.76,2.5,0.0
2,2021-11-01 02:06:31,2021-11-01 02:14:03,2.0,1.35,1.0,N,230,164,1,7.5,0.5,0.5,2.26,0.0,0.3,13.56,2.5,0.0
2,2021-11-01 02:25:15,2021-11-01 02:35:28,1.0,2.4,1.0,N,249,87,1,9.5,0.5,0.5,1.0,0.0,0.3,14.3,2.5,0.0
2,2021-11-01 02:34:26,2021-11-01 02:37:09,2.0,0.57,1.0,N,142,143,1,4.0,0.5,0.5,1.56,0.0,0.3,9.36,2.5,0.0
2,2021-11-01 02:31:12,2021-11-01 02:38:51,3.0,2.65,1.0,N,107,141,1,9.5,0.5,0.5,2.66,0.0,0.3,15.96,2.5,0.0
2,2021-11-01 02:49:13,2021-11-01 03:02:57,1.0,4.69,1.0,N,79,90,1,15.0,0.5,0.5,3.76,0.0,0.3,22.56,2.5,0.0
1,2021-11-01 02:05:19,2021-11-01 02:19:15,0.0,3.1,1.0,Y,79,48,2,12.5,3.0,0.5,0.0,0.0,0.3,16.3,2.5,0.0
1,2021-11-01 02:29:15,2021-11-01 02:38:26,1.0,2.5,1.0,Y,113,233,1,9.5,3.0,0.5,1.0,0.0,0.3,14.3,2.5,0.0
1,2021-11-01 02:46:31,2021-11-01 03:05:10,3.0,4.3,1.0,N,79,142,1,16.5,3.0,0.5,0.0,0.0,0.3,20.3,2.5,0.0
2,2021-11-01 02:18:13,2021-11-01 02:21:53,2.0,1.11,1.0,N,186,161,1,5.5,0.5,0.5,2.33,0.0,0.3,11.63,2.5,0.0
2,2021-11-01 02:54:19,2021-11-01 03:09:05,1.0,8.84,1.0,N,142,220,1,26.0,0.5,0.5,6.0,3.0,0.3,38.8,2.5,0.0
1,2021-11-01 02:39:22,2021-11-01 02:45:16,2.0,1.3,1.0,N,113,186,2,6.5,3.0,0.5,0.0,0.0,0.3,10.3,2.5,0.0
1,2021-11-01 02:47:25,2021-11-01 03:03:35,1.0,4.3,1.0,N,186,24,1,15.0,3.0,0.5,0.0,0.0,0.3,18.8,2.5,0.0
2,2021-11-01 02:39:03,2021-11-01 03:04:45,1.0,7.29,1.0,N,148,177,1,24.0,0.5,0.5,5.56,0.0,0.3,33.36,2.5,0.0
2,2021-11-01 02:02:28,2021-11-01 02:06:24,1.0,0.74,1.0,N,239,238,2,5.0,0.5,0.5,0.0,0.0,0.3,8.8,2.5,0.0
2,2021-11-01 02:15:54,2021-11-01 02:32:36,1.0,5.05,1.0,N,48,232,1,17.5,0.5,0.5,0.03,0.0,0.3,21.33,2.5,0.0
2,2021-11-01 02:39:33,2021-11-01 02:43:11,1.0,0.98,1.0,N,148,107,2,5.0,0.5,0.5,0.0,0.0,0.3,8.8,2.5,0.0
2,2021-11-01 02:14:08,2021-11-01 02:36:27,1.0,4.65,1.0,N,114,189,1,19.0,0.5,0.5,4.56,0.0,0.3,27.36,2.5,0.0
2,2021-11-01 02:53:54,2021-11-01 03:07:31,1.0,4.72,1.0,N,144,236,1,15.0,0.5,0.5,3.76,0.0,0.3,22.56,2.5,0.0
1,2021-11-01 02:08:49,2021-11-01 02:28:44,3.0,3.2,1.0,N,263,48,1,15.5,3.0,0.5,2.0,0.0,0.3,21.3,2.5,0.0
1,2021-11-01 02:49:57,2021-11-01 02:55:21,2.0,1.7,1.0,N,237,263,1,7.0,3.0,0.5,3.2,0.0,0.3,14.0,2.5,0.0
2,2021-11-01 02:08:53,2021-11-01 02:20:59,1.0,2.85,1.0,N,107,48,1,11.5,0.5,0.5,2.3,0.0,0.3,17.6,2.5,0.0
2,2021-11-01 02:26:45,2021-11-01 02:29:31,1.0,0.16,1.0,N,48,48,3,-3.5,-0.5,-0.5,0.0,0.0,-0.3,-7.3,-2.5,0.0
2,2021-11-01 02:26:45,2021-11-01 02:29:31,1.0,0.16,1.0,N,48,48,2,3.5,0.5,0.5,0.0,0.0,0.3,7.3,2.5,0.0
2,2021-11-01 02:38:02,2021-11-01 02:40:03,1.0,0.25,1.0,N,68,68,2,3.5,0.5,0.5,0.0,0.0,0.3,7.3,2.5,0.0
2,2021-11-01 02:51:34,2021-11-01 02:58:55,1.0,1.2,1.0,N,114,211,2,7.0,0.5,0.5,0.0,0.0,0.3,10.8,2.5,0.0
2,2021-11-01 02:22:10,2021-11-01 02:32:46,3.0,2.76,1.0,N,114,48,1,10.5,0.5,0.5,2.86,0.0,0.3,17.16,2.5,0.0
2,2021-11-01 02:37:38,2021-11-01 02:52:10,3.0,3.33,1.0,N,48,263,1,13.0,0.5,0.5,3.36,0.0,0.3,20.16,2.5,0.0
1,2021-11-01 02:30:09,2021-11-01 02:40:36,3.0,2.4,1.0,Y,68,230,1,10.5,3.0,0.5,0.0,0.0,0.3,14.3,2.5,0.0
1,2021-11-01 02:46:29,2021-11-01 02:51:43,1.0,1.0,1.0,Y,68,48,1,6.0,3.0,0.5,1.95,0.0,0.3,11.75,2.5,0.0
2,2021-11-01 02:20:08,2021-11-01 02:25:24,1.0,0.87,1.0,N,148,4,1,5.5,0.5,0.5,1.86,0.0,0.3,11.16,2.5,0.0
2,2021-11-01 02:45:10,2021-11-01 02:47:31,1.0,0.45,1.0,N,79,79,1,4.0,0.5,0.5,1.56,0.0,0.3,9.36,2.5,0.0
2,2021-11-01 02:48:42,2021-11-01 02:55:58,1.0,0.9,1.0,N,79,113,1,6.5,0.5,0.5,2.06,0.0,0.3,12.36,2.5,0.0
2,2021-11-01 02:13:17,2021-11-01 02:15:23,3.0,0.49,1.0,N,68,68,1,3.5,0.5,0.5,1.46,0.0,0.3,8.76,2.5,0.0
2,2021-11-01 02:19:33,2021-11-01 02:33:02,1.0,2.73,1.0,N,68,141,2,11.5,0.5,0.5,0.0,0.0,0.3,15.3,2.5,0.0
2,2021-11-01 02:34:19,2021-11-01 02:46:44,1.0,2.61,1.0,N,141,186,1,10.5,0.5,0.5,4.29,0.0,0.3,18.59,2.5,0.0
2,2021-11-01 02:49:01,2021-11-01 02:57:33,2.0,1.41,1.0,N,186,161,1,7.5,0.5,0.5,2.83,0.0,0.3,14.13,2.5,0.0
2,2021-11-01 02:32:03,2021-11-01 02:44:42,1.0,6.41,1.0,N,48,244,1,20.0,0.5,0.5,1.0,0.0,0.3,24.8,2.5,0.0
2,2021-11-01 02:18:58,2021-11-01 02:26:34,1.0,2.51,1.0,N,141,137,1,9.0,0.5,0.5,2.56,0.0,0.3,15.36,2.5,0.0
2,2021-11-01 02:38:34,2021-11-01 03:04:24,1.0,8.87,1.0,N,234,244,1,27.0,0.5,0.5,7.7,0.0,0.3,38.5,2.5,0.0
2,2021-11-01 03:00:17,2021-11-01 03:04:06,1.0,1.28,1.0,N,249,68,1,5.5,0.5,0.5,1.86,0.0,0.3,11.16,2.5,0.0
1,2021-11-01 02:17:45,2021-11-01 02:32:14,0.0,0.0,1.0,N,263,246,1,13.0,3.0,0.5,2.0,0.0,0.3,18.8,2.5,0.0
1,2021-11-01 02:38:32,2021-11-01 02:47:05,0.0,0.0,1.0,N,230,238,1,8.0,3.0,0.5,2.95,0.0,0.3,14.75,2.5,0.0
2,2021-11-01 02:16:01,2021-11-01 02:30:16,2.0,3.48,1.0,N,48,231,1,13.5,0.5,0.5,3.46,0.0,0.3,20.76,2.5,0.0
2,2021-11-01 02:31:50,2021-11-01 02:38:40,2.0,1.2,1.0,N,231,261,1,7.0,0.5,0.5,2.16,0.0,0.3,12.96,2.5,0.0
2,2021-11-01 02:48:37,2021-11-01 03:11:15,2.0,7.36,1.0,N,90,42,1,22.5,0.5,0.5,3.0,0.0,0.3,29.3,2.5,0.0
1,2021-11-01 02:11:31,2021-11-01 02:17:07,2.0,1.2,1.0,N,164,230,1,6.5,3.0,0.5,2.05,0.0,0.3,12.35,2.5,0.0
1,2021-11-01 02:24:08,2021-11-01 02:30:53,1.0,1.5,1.0,N,90,137,1,7.5,3.0,0.5,2.25,0.0,0.3,13.55,2.5,0.0
1,2021-11-01 02:50:09,2021-11-01 03:01:44,2.0,3.6,1.0,N,48,43,1,12.5,3.0,0.5,3.25,0.0,0.3,19.55,2.5,0.0
1,2021-11-01 02:15:46,2021-11-01 02:27:44,1.0,5.9,1.0,N,74,78,1,18.0,0.5,0.5,3.85,0.0,0.3,23.15,0.0,0.0
2,2021-11-01 02:12:46,2021-11-01 02:23:01,1.0,2.91,1.0,N,186,239,1,10.5,0.5,0.5,2.86,0.0,0.3,17.16,2.5,0.0
2,2021-11-01 02:28:34,2021-11-01 03:01:33,2.0,14.46,1.0,N,143,227,2,41.0,0.5,0.5,0.0,0.0,0.3,44.8,2.5,0.0
1,2021-11-01 02:12:09,2021-11-01 02:18:15,1.0,0.9,1.0,N,144,231,1,6.0,3.0,0.5,2.0,0.0,0.3,11.8,2.5,0.0
1,2021-11-01 02:26:37,2021-11-01 02:33:23,1.0,2.5,1.0,N,125,230,2,9.0,3.0,0.5,0.0,0.0,0.3,12.8,2.5,0.0
1,2021-11-01 02:38:05,2021-11-01 02:44:35,2.0,1.4,1.0,N,230,246,1,7.0,3.0,0.5,2.15,0.0,0.3,12.95,2.5,0.0
1,2021-11-01 02:45:36,2021-11-01 02:56:55,2.0,2.6,1.0,N,246,79,2,10.5,3.0,0.5,0.0,0.0,0.3,14.3,2.5,0.0
2,2021-11-01 02:56:42,2021-11-01 03:03:10,5.0,1.81,1.0,N,140,233,1,7.5,0.5,0.5,1.0,0.0,0.3,12.3,2.5,0.0
1,2021-11-01 02:16:42,2021-11-01 02:24:20,1.0,2.8,1.0,N,158,48,2,9.5,3.0,0.5,0.0,0.0,0.3,13.3,2.5,0.0
2,2021-11-01 02:28:09,2021-11-01 02:41:12,1.0,2.79,1.0,N,79,186,2,12.0,0.5,0.5,0.0,0.0,0.3,15.8,2.5,0.0
2,2021-11-01 02:42:07,2021-11-01 02:58:56,1.0,4.89,1.0,N,186,256,1,16.5,0.5,0.5,1.5,0.0,0.3,21.8,2.5,0.0
2,2021-11-01 02:14:08,2021-11-01 02:19:32,1.0,1.1,1.0,N,186,68,2,6.0,0.5,0.5,0.0,0.0,0.3,9.8,2.5,0.0
2,2021-11-01 02:26:30,2021-11-01 03:02:45,1.0,13.29,1.0,N,68,95,1,40.5,0.5,0.5,0.0,0.0,0.3,44.3,2.5,0.0
2,2021-11-01 02:14:12,2021-11-01 02:20:48,1.0,1.44,1.0,N,234,48,1,7.0,0.5,0.5,2.16,0.0,0.3,12.96,2.5,0.0
2,2021-11-01 02:02:13,2021-11-01 02:08:06,1.0,1.73,1.0,N,246,48,1,7.5,0.5,0.5,1.5,0.0,0.3,12.8,2.5,0.0
2,2021-11-01 02:31:11,2021-11-01 02:45:19,1.0,6.75,1.0,N,48,116,1,21.0,0.5,0.5,4.96,0.0,0.3,29.76,2.5,0.0
1,2021-11-01 02:44:49,2021-11-01 02:58:33,2.0,4.2,1.0,N,148,48,1,14.5,3.0,0.5,3.65,0.0,0.3,21.95,2.5,0.0
1,2021-11-01 02:42:32,2021-11-01 02:51:26,1.0,2.6,1.0,N,249,87,1,9.5,3.0,0.5,5.0,0.0,0.3,18.3,2.5,0.0
2,2021-11-01 02:01:35,2021-11-01 02:09:01,1.0,1.51,1.0,N,148,87,1,7.0,0.5,0.5,2.16,0.0,0.3,12.96,2.5,0.0
2,2021-11-01 02:16:05,2021-11-01 02:46:02,1.0,9.66,1.0,N,88,226,1,28.5,0.5,0.5,3.5,0.0,0.3,35.8,2.5,0.0
2,2021-11-01 02:15:43,2021-11-01 02:18:47,1.0,0.58,1.0,N,239,142,1,4.5,0.5,0.5,2.49,0.0,0.3,10.79,2.5,0.0
1,2021-11-01 02:16:21,2021-11-01 02:21:37,1.0,1.3,1.0,N,90,137,2,6.5,3.0,0.5,0.0,0.0,0.3,10.3,2.5,0.0
1,2021-11-01 02:43:09,2021-11-01 02:58:22,1.0,5.2,1.0,N,186,7,1,17.0,3.0,0.5,4.15,0.0,0.3,24.95,2.5,0.0
2,2021-11-01 02:23:49,2021-11-01 02:52:03,2.0,8.97,1.0,N,144,152,2,29.0,0.5,0.5,0.0,0.0,0.3,32.8,2.5,0.0
2,2021-11-01 02:03:11,2021-11-01 02:06:55,1.0,0.71,1.0,N,68,186,1,4.5,0.5,0.5,2.49,0.0,0.3,10.79,2.5,0.0
2,2021-11-01 02:16:10,2021-11-01 02:44:26,1.0,8.26,1.0,N,68,188,1,27.5,0.5,0.5,6.26,0.0,0.3,37.56,2.5,0.0
2,2021-11-01 02:32:39,2021-11-01 02:39:26,3.0,1.9,1.0,N,141,164,1,7.5,0.5,0.5,2.26,0.0,0.3,13.56,2.5,0.0
2,2021-11-01 02:42:24,2021-11-01 02:48:05,1.0,0.67,1.0,N,186,170,2,5.5,0.5,0.5,0.0,0.0,0.3,9.3,2.5,0.0
2,2021-11-01 02:36:48,2021-11-01 02:49:14,1.0,2.43,1.0,N,79,246,2,11.0,0.5,0.5,0.0,0.0,0.3,14.8,2.5,0.0
2,2021-11-01 02:40:28,2021-11-01 03:08:04,1.0,18.85,1.0,N,132,147,1,51.0,0.5,0.5,0.0,6.55,0.3,60.1,0.0,1.25
2,2021-11-01 02:09:48,2021-11-01 02:31:04,1.0,5.03,1.0,N,249,236,1,18.5,0.5,0.5,4.46,0.0,0.3,26.76,2.5,0.0
2,2021-11-01 02:39:37,2021-11-01 03:01:28,1.0,13.99,1.0,N,141,252,2,38.0,0.5,0.5,0.0,6.55,0.3,48.35,2.5,0.0
1,2021-11-01 02:04:28,2021-11-01 02:10:38,2.0,1.0,1.0,N,114,158,2,6.0,3.0,0.5,0.0,0.0,0.3,9.8,2.5,0.0
1,2021-11-01 02:14:27,2021-11-01 02:23:54,2.0,2.3,1.0,N,158,170,1,10.0,3.0,0.5,2.75,0.0,0.3,16.55,2.5,0.0
1,2021-11-01 02:34:23,2021-11-01 02:46:38,1.0,3.4,1.0,N,90,140,1,12.5,3.0,0.5,1.0,0.0,0.3,17.3,2.5,0.0
2,2021-11-01 02:18:20,2021-11-01 02:22:12,1.0,0.91,1.0,N,79,114,1,5.0,0.5,0.5,1.76,0.0,0.3,10.56,2.5,0.0
2,2021-11-01 02:41:32,2021-11-01 02:59:52,1.0,4.96,1.0,N,79,17,1,17.5,0.5,0.5,4.26,0.0,0.3,25.56,2.5,0.0
2,2021-10-31 22:29:58,2021-10-31 22:56:12,2.0,6.18,1.0,N,48,223,2,22.0,0.5,0.5,0.0,0.0,0.3,25.8,2.5,0.0
2,2021-11-01 02:26:54,2021-11-01 02:38:00,1.0,3.63,1.0,N,261,48,1,12.5,0.5,0.5,3.26,0.0,0.3,19.56,2.5,0.0
2,2021-11-01 02:16:23,2021-11-01 02:32:40,1.0,5.04,1.0,N,211,188,1,17.0,0.5,0.5,4.16,0.0,0.3,24.96,2.5,0.0
2,2021-11-01 02:07:04,2021-11-01 02:09:03,1.0,0.46,1.0,N,79,148,1,3.5,0.5,0.5,2.19,0.0,0.3,9.49,2.5,0.0
2,2021-11-01 02:15:01,2021-11-01 02:37:45,1.0,5.1,1.0,N,148,225,1,19.0,0.5,0.5,4.56,0.0,0.3,27.36,2.5,0.0
2,2021-11-01 02:42:18,2021-11-01 02:54:20,1.0,2.84,1.0,N,114,230,1,11.0,0.5,0.5,2.96,0.0,0.3,17.76,2.5,0.0
2,2021-11-01 02:59:33,2021-11-01 03:07:17,1.0,1.48,1.0,N,48,164,1,7.5,0.5,0.5,0.0,0.0,0.3,11.3,2.5,0.0
2,2021-11-01 02:57:22,2021-11-01 03:07:00,1.0,3.29,1.0,N,148,229,1,11.0,0.5,0.5,0.0,0.0,0.3,14.8,2.5,0.0
1,2021-11-01 02:11:15,2021-11-01 02:23:14,1.0,3.9,1.0,N,144,49,1,13.0,2.5,0.5,0.0,0.0,0.3,16.3,2.5,0.0
1,2021-11-01 02:34:09,2021-11-01 02:57:51,1.0,2.9,1.0,N,97,49,2,12.5,0.0,0.5,0.0,0.0,0.3,13.3,0.0,0.0
2,2021-11-01 02:03:03,2021-11-01 02:14:56,1.0,2.9,1.0,N,88,246,1,11.5,0.5,0.5,3.06,0.0,0.3,18.36,2.5,0.0
2,2021-11-01 02:16:03,2021-11-01 02:27:25,1.0,2.37,1.0,N,246,231,2,10.5,0.5,0.5,0.0,0.0,0.3,14.3,2.5,0.0
2,2021-11-01 01:54:16,2021-11-01 02:08:06,6.0,5.4,1.0,N,151,246,1,17.5,0.5,0.5,5.32,0.0,0.3,26.62,2.5,0.0
1,2021-11-01 02:09:02,2021-11-01 02:19:47,2.0,2.2,1.0,N,114,68,1,10.0,3.0,0.5,2.75,0.0,0.3,16.55,2.5,0.0
1,2021-11-01 02:23:40,2021-11-01 02:25:00,1.0,0.4,1.0,N,186,90,1,3.5,3.0,0.5,1.45,0.0,0.3,8.75,2.5,0.0
1,2021-11-01 02:01:57,2021-11-01 02:10:02,1.0,2.3,1.0,N,48,238,1,9.0,3.0,0.5,2.55,0.0,0.3,15.35,2.5,0.0
1,2021-11-01 02:22:10,2021-11-01 02:27:42,4.0,1.8,1.0,N,142,151,2,7.0,3.0,0.5,0.0,0.0,0.3,10.8,2.5,0.0
2,2021-11-01 02:34:41,2021-11-01 03:05:04,1.0,9.77,1.0,N,148,42,1,31.5,0.5,0.5,7.06,0.0,0.3,42.36,2.5,0.0
2,2021-11-01 02:16:18,2021-11-01 02:21:57,1.0,1.76,1.0,N,48,68,1,7.0,0.5,0.5,2.7,0.0,0.3,13.5,2.5,0.0
2,2021-11-01 02:24:04,2021-11-01 02:40:31,1.0,5.45,1.0,N,68,166,1,18.0,0.5,0.5,4.36,0.0,0.3,26.16,2.5,0.0
2,2021-11-01 02:54:59,2021-11-01 03:01:16,2.0,1.41,1.0,N,142,230,2,7.0,0.5,0.5,0.0,0.0,0.3,10.8,2.5,0.0
1,2021-11-01 02:59:19,2021-11-01 03:09:35,1.0,4.6,5.0,N,132,205,1,25.0,1.25,0.0,0.0,0.0,0.3,26.55,0.0,1.25
1,2021-11-01 02:06:40,2021-11-01 02:06:40,1.0,0.0,1.0,Y,234,264,2,20.5,3.0,0.5,0.0,6.55,0.3,30.85,2.5,0.0
1,2021-11-01 02:56:03,2021-11-01 03:03:34,3.0,1.7,1.0,N,114,246,1,8.0,3.0,0.5,2.35,0.0,0.3,14.15,2.5,0.0
2,2021-11-01 02:42:39,2021-11-01 03:04:09,1.0,9.29,1.0,N,229,181,1,27.5,0.5,0.5,7.83,0.0,0.3,39.13,2.5,0.0
2,2021-11-01 02:50:10,2021-11-01 03:11:18,1.0,13.68,1.0,N,132,91,2,37.0,0.5,0.5,0.0,0.0,0.3,39.55,0.0,1.25
2,2021-11-01 02:54:51,2021-11-01 02:58:59,1.0,1.29,1.0,N,236,74,1,6.0,0.5,0.5,10.0,0.0,0.3,19.8,2.5,0.0
2,2021-11-01 01:54:49,2021-11-01 01:58:45,1.0,1.31,1.0,N,158,90,1,5.5,0.5,0.5,0.0,0.0,0.3,9.3,2.5,0.0
2,2021-11-01 02:08:42,2021-11-01 02:18:02,1.0,1.98,1.0,N,164,50,1,9.5,0.5,0.5,0.0,0.0,0.3,13.3,2.5,0.0
2,2021-11-01 02:30:49,2021-11-01 02:46:37,1.0,6.25,1.0,N,48,116,1,20.0,0.5,0.5,4.76,0.0,0.3,28.56,2.5,0.0
2,2021-11-01 02:02:14,2021-11-01 02:17:19,1.0,6.9,1.0,N,148,75,1,21.0,0.5,0.5,1.2,0.0,0.3,26.0,2.5,0.0
2,2021-11-01 02:33:15,2021-11-01 02:45:24,1.0,3.81,1.0,N,263,68,1,13.0,0.5,0.5,4.2,0.0,0.3,21.0,2.5,0.0
2,2021-11-01 02:50:32,2021-11-01 02:54:12,1.0,1.38,1.0,N,68,50,1,6.0,0.5,0.5,1.96,0.0,0.3,11.76,2.5,0.0
2,2021-11-01 02:19:53,2021-11-01 02:42:53,1.0,6.48,1.0,N,79,75,2,21.0,0.5,0.5,0.0,0.0,0.3,24.8,2.5,0.0
2,2021-11-01 02:43:53,2021-11-01 02:44:01,1.0,0.0,1.0,N,75,75,1,2.5,0.5,0.5,22.0,0.0,0.3,25.8,0.0,0.0
2,2021-11-01 02:19:59,2021-11-01 02:41:08,1.0,5.18,1.0,N,114,263,1,18.0,0.5,0.5,4.36,0.0,0.3,26.16,2.5,0.0
2,2021-11-01 02:49:53,2021-11-01 02:54:21,1.0,1.08,1.0,N,163,233,1,5.5,0.5,0.5,1.86,0.0,0.3,11.16,2.5,0.0
2,2021-11-01 02:59:26,2021-11-01 03:27:18,1.0,15.33,3.0,N,137,1,1,59.5,0.5,0.0,10.0,11.75,0.3,82.05,0.0,0.0
2,2021-11-01 02:20:28,2021-11-01 02:38:08,1.0,4.2,1.0,N,186,75,2,14.5,0.5,0.5,0.0,0.0,0.3,18.3,2.5,0.0
2,2021-11-01 02:58:31,2021-11-01 03:04:36,1.0,1.14,1.0,N,230,229,1,6.0,0.5,0.5,2.45,0.0,0.3,12.25,2.5,0.0
2,2021-11-01 02:30:09,2021-11-01 02:34:27,2.0,0.79,1.0,N,97,65,1,5.0,0.5,0.5,200.0,0.0,0.3,206.3,0.0,0.0
2,2021-11-01 02:09:51,2021-11-01 02:10:46,1.0,0.17,1.0,N,114,113,2,2.5,0.5,0.5,0.0,0.0,0.3,6.3,2.5,0.0
2,2021-11-01 02:29:17,2021-11-01 02:33:45,1.0,1.08,1.0,N,114,90,2,5.5,0.5,0.5,0.0,0.0,0.3,9.3,2.5,0.0
2,2021-11-01 02:58:21,2021-11-01 03:11:00,1.0,3.29,1.0,N,79,230,1,12.5,0.5,0.5,4.08,0.0,0.3,20.38,2.5,0.0
2,2021-11-01 02:52:23,2021-11-01 02:57:23,1.0,0.86,1.0,N,48,100,2,5.5,0.5,0.5,0.0,0.0,0.3,9.3,2.5,0.0
2,2021-11-01 02:36:51,2021-11-01 02:49:08,5.0,3.42,1.0,N,246,141,1,12.5,0.5,0.5,2.0,0.0,0.3,18.3,2.5,0.0
2,2021-11-01 02:22:05,2021-11-01 02:41:56,1.0,5.67,1.0,N,90,43,1,20.0,0.5,0.5,4.76,0.0,0.3,28.56,2.5,0.0
2,2021-11-01 02:03:46,2021-11-01 02:17:21,3.0,2.84,1.0,N,158,48,1,12.0,0.5,0.5,3.16,0.0,0.3,18.96,2.5,0.0
2,2021-11-01 02:33:57,2021-11-01 02:59:19,2.0,21.07,5.0,N,168,265,1,85.0,0.0,0.0,17.76,3.5,0.3,106.56,0.0,0.0
2,2021-11-01 02:39:57,2021-11-01 02:48:45,1.0,3.17,1.0,N,50,249,1,10.5,0.5,0.5,0.0,0.0,0.3,14.3,2.5,0.0
2,2021-11-01 02:52:34,2021-11-01 02:56:43,1.0,0.98,1.0,N,158,90,2,5.5,0.5,0.5,0.0,0.0,0.3,9.3,2.5,0.0
2,2021-11-01 03:02:41,2021-11-01 03:10:42,1.0,1.93,1.0,N,186,162,2,8.5,0.5,0.5,0.0,0.0,0.3,12.3,2.5,0.0
2,2021-11-01 02:07:31,2021-11-01 02:16:44,5.0,2.72,1.0,N,249,48,1,10.0,0.5,0.5,2.76,0.0,0.3,16.56,2.5,0.0
2,2021-11-01 02:18:32,2021-11-01 02:25:51,5.0,1.52,1.0,N,48,237,1,7.5,0.5,0.5,2.26,0.0,0.3,13.56,2.5,0.0
2,2021-11-01 02:39:41,2021-11-01 02:55:33,5.0,4.96,1.0,N,107,112,2,17.5,0.5,0.5,0.0,0.0,0.3,21.3,2.5,0.0
1,2021-11-01 02:08:09,2021-11-01 02:30:46,2.0,8.2,1.0,N,114,152,1,26.5,3.0,0.5,0.0,0.0,0.3,30.3,2.5,0.0
1,2021-11-01 02:11:32,2021-11-01 02:31:28,4.0,5.6,1.0,N,249,43,1,19.0,3.0,0.5,2.0,0.0,0.3,24.8,2.5,0.0
1,2021-11-01 02:19:54,2021-11-01 02:29:27,2.0,2.6,1.0,N,114,161,1,10.0,3.0,0.5,1.38,0.0,0.3,15.18,2.5,0.0
2,2021-11-01 02:08:10,2021-11-01 02:08:44,1.0,0.0,5.0,N,148,148,1,8.0,0.0,0.0,6.0,0.0,0.3,16.8,2.5,0.0
2,2021-11-01 02:14:46,2021-11-01 02:21:05,1.0,2.54,1.0,N,79,229,1,8.5,0.5,0.5,3.69,0.0,0.3,15.99,2.5,0.0
2,2021-11-01 02:38:04,2021-11-01 02:50:15,1.0,4.38,1.0,N,79,112,1,15.0,0.5,0.5,3.76,0.0,0.3,22.56,2.5,0.0
2,2021-11-01 02:02:02,2021-11-01 02:20:17,1.0,8.14,1.0,N,186,244,1,25.0,0.5,0.5,5.0,0.0,0.3,33.8,2.5,0.0
2,2021-11-01 02:03:50,2021-11-01 02:10:50,1.0,0.9,1.0,N,148,45,1,6.5,0.5,0.5,2.06,0.0,0.3,12.36,2.5,0.0
2,2021-11-01 02:17:31,2021-11-01 02:24:21,1.0,1.54,1.0,N,231,90,2,7.5,0.5,0.5,0.0,0.0,0.3,11.3,2.5,0.0
2,2021-11-01 02:30:38,2021-11-01 02:42:42,1.0,2.03,1.0,N,90,148,1,10.0,0.5,0.5,2.48,0.0,0.3,16.28,2.5,0.0
1,2021-11-01 02:31:40,2021-11-01 02:37:52,2.0,0.9,1.0,N,230,186,1,6.0,3.0,0.5,2.45,0.0,0.3,12.25,2.5,0.0
1,2021-11-01 02:43:33,2021-11-01 02:49:08,1.0,1.5,1.0,N,186,50,2,6.5,3.0,0.5,0.0,0.0,0.3,10.3,2.5,0.0
1,2021-11-01 02:20:28,2021-11-01 02:25:46,1.0,1.0,1.0,N,68,170,1,6.0,3.0,0.5,2.5,0.0,0.3,12.3,2.5,0.0
1,2021-11-01 02:45:13,2021-11-01 02:53:31,1.0,1.6,1.0,N,264,224,1,8.0,3.0,0.5,2.35,0.0,0.3,14.15,2.5,0.0
2,2021-11-01 02:41:10,2021-11-01 02:49:48,1.0,1.91,1.0,N,68,50,2,9.0,0.5,0.5,0.0,0.0,0.3,12.8,2.5,0.0
2,2021-11-01 02:50:53,2021-11-01 02:50:58,1.0,0.0,5.0,N,50,50,1,12.3,0.0,0.0,0.0,0.0,0.3,15.1,2.5,0.0
2,2021-11-01 02:22:02,2021-11-01 02:39:25,4.0,9.92,1.0,N,137,257,1,28.0,0.5,0.5,3.0,0.0,0.3,34.8,2.5,0.0
2,2021-11-01 02:05:34,2021-11-01 02:17:37,5.0,2.27,1.0,N,246,79,1,9.5,0.5,0.5,2.66,0.0,0.3,15.96,2.5,0.0
2,2021-11-01 02:20:37,2021-11-01 02:42:38,5.0,5.58,1.0,N,79,225,2,20.5,0.5,0.5,0.0,0.0,0.3,24.3,2.5,0.0
2,2021-11-01 02:32:28,2021-11-01 02:40:00,1.0,1.54,1.0,N,186,230,2,7.5,0.5,0.5,0.0,0.0,0.3,11.3,2.5,0.0
2,2021-11-01 02:36:12,2021-11-01 02:57:10,1.0,5.5,1.0,N,49,193,2,20.0,0.5,0.5,0.0,0.0,0.3,21.3,0.0,0.0
1,2021-11-01 02:13:38,2021-11-01 02:19:49,1.0,1.5,1.0,N,68,50,1,7.5,3.0,0.5,2.8,0.0,0.3,14.1,2.5,0.0
1,2021-11-01 02:31:48,2021-11-01 02:45:14,2.0,6.4,1.0,N,48,116,1,19.5,3.0,0.5,4.65,0.0,0.3,27.95,2.5,0.0
1,2021-11-01 02:49:23,2021-11-01 03:00:36,1.0,5.2,1.0,N,116,50,1,17.0,3.0,0.5,0.0,0.0,0.3,20.8,2.5,0.0
1,2021-11-01 02:34:38,2021-11-01 02:39:39,1.0,1.1,1.0,N,230,68,1,6.0,3.0,0.5,2.45,0.0,0.3,12.25,2.5,0.0
2,2021-11-01 02:16:53,2021-11-01 02:23:04,2.0,1.19,1.0,N,186,48,1,6.5,0.5,0.5,1.1,0.0,0.3,11.4,2.5,0.0
2,2021-11-01 02:30:40,2021-11-01 02:33:08,1.0,0.82,1.0,N,230,186,1,4.5,0.5,0.5,1.66,0.0,0.3,9.96,2.5,0.0
1,2021-11-01 02:32:36,2021-11-01 02:51:17,1.0,7.8,1.0,N,48,244,1,24.0,3.0,0.5,5.55,0.0,0.3,33.35,2.5,0.0
2,2021-11-01 02:29:26,2021-11-01 02:29:31,1.0,0.0,5.0,N,82,82,1,15.0,0.0,0.5,3.16,0.0,0.3,18.96,0.0,0.0
1,2021-11-01 02:42:09,2021-11-01 02:47:13,1.0,1.5,1.0,N,246,48,1,6.5,3.0,0.5,2.05,0.0,0.3,12.35,2.5,0.0
2,2021-11-01 02:45:01,2021-11-01 03:02:06,2.0,3.31,1.0,N,113,142,1,14.5,0.5,0.5,2.74,0.0,0.3,21.04,2.5,0.0
2,2021-11-01 01:49:36,2021-11-01 02:19:25,1.0,15.41,1.0,N,113,18,2,43.5,0.5,0.5,0.0,0.0,0.3,47.3,2.5,0.0
2,2021-11-01 02:29:13,2021-11-02 01:44:38,1.0,2.61,1.0,N,114,107,1,11.5,0.5,0.5,3.06,0.0,0.3,18.36,2.5,0.0
1,2021-11-01 02:33:15,2021-11-01 02:50:36,1.0,5.7,1.0,N,114,140,1,19.5,3.0,0.5,3.0,0.0,0.3,26.3,2.5,0.0
1,2021-11-01 02:10:48,2021-11-01 02:20:43,1.0,3.3,1.0,N,237,74,2,11.5,3.0,0.5,0.0,0.0,0.3,15.3,2.5,0.0
2,2021-11-01 02:00:09,2021-11-01 02:07:25,1.0,1.86,1.0,N,100,143,2,8.0,0.5,0.5,0.0,0.0,0.3,11.8,2.5,0.0
2,2021-11-01 02:18:37,2021-11-01 02:27:44,1.0,2.57,1.0,N,230,79,1,9.5,0.5,0.5,2.66,0.0,0.3,15.96,2.5,0.0
2,2021-11-01 02:29:54,2021-11-01 02:34:28,1.0,1.3,1.0,N,79,137,1,6.0,0.5,0.5,2.45,0.0,0.3,12.25,2.5,0.0
2,2021-11-01 02:36:14,2021-11-01 02:54:13,1.0,5.88,1.0,N,170,223,2,19.0,0.5,0.5,0.0,0.0,0.3,22.8,2.5,0.0
2,2021-11-01 02:05:14,2021-11-01 02:09:14,1.0,0.63,1.0,N,114,211,1,4.5,0.5,0.5,1.0,0.0,0.3,9.3,2.5,0.0
2,2021-11-01 02:13:27,2021-11-01 02:22:41,1.0,2.18,1.0,N,211,224,1,9.0,0.5,0.5,2.56,0.0,0.3,15.36,2.5,0.0
2,2021-11-01 02:37:53,2021-11-01 03:01:16,1.0,6.38,1.0,N,114,226,1,22.0,0.5,0.5,2.0,0.0,0.3,27.8,2.5,0.0
2,2021-11-01 02:06:20,2021-11-01 02:33:30,1.0,12.05,1.0,N,100,92,2,35.0,0.5,0.5,0.0,0.0,0.3,38.8,2.5,0.0
2,2021-11-01 02:40:53,2021-11-01 03:10:37,1.0,18.22,2.0,N,132,143,1,52.0,0.0,0.5,8.0,0.0,0.3,64.55,2.5,1.25
2,2021-11-01 02:19:40,2021-11-01 02:29:30,1.0,3.24,1.0,N,97,88,2,12.0,0.5,0.5,0.0,0.0,0.3,15.8,2.5,0.0
1,2021-11-01 02:05:37,2021-11-01 02:14:08,1.0,1.6,1.0,N,170,246,1,8.0,3.0,0.5,5.0,0.0,0.3,16.8,2.5,0.0
1,2021-11-01 02:30:34,2021-11-01 02:34:30,1.0,0.6,1.0,N,170,230,2,5.0,3.0,0.5,0.0,0.0,0.3,8.8,2.5,0.0
1,2021-11-01 02:53:10,2021-11-01 03:29:47,2.0,15.3,1.0,N,107,32,2,46.0,3.0,0.5,0.0,0.0,0.3,49.8,2.5,0.0
2,2021-11-01 02:24:04,2021-11-01 02:35:23,1.0,4.27,1.0,N,48,74,1,13.5,0.5,0.5,5.19,0.0,0.3,22.49,2.5,0.0
2,2021-11-01 02:11:45,2021-11-01 02:19:40,1.0,1.3,1.0,N,79,90,2,7.0,0.5,0.5,0.0,0.0,0.3,10.8,2.5,0.0
2,2021-11-01 02:34:59,2021-11-01 02:54:20,1.0,5.98,1.0,N,90,74,2,19.0,0.5,0.5,0.0,0.0,0.3,22.8,2.5,0.0
2,2021-11-01 02:54:07,2021-11-01 03:00:31,1.0,1.54,1.0,N,186,48,2,7.0,0.5,0.5,0.0,0.0,0.3,10.8,2.5,0.0
1,2021-11-01 02:07:29,2021-11-01 02:18:57,0.0,3.8,1.0,N,170,151,1,13.0,3.0,0.5,3.35,0.0,0.3,20.15,2.5,0.0
1,2021-11-01 02:37:30,2021-11-01 02:55:51,1.0,12.5,1.0,N,132,70,1,34.5,1.75,0.5,11.1,0.0,0.3,48.15,0.0,1.25
2,2021-11-01 02:12:04,2021-11-01 02:39:14,5.0,5.23,1.0,N,113,87,1,21.5,0.5,0.5,0.0,0.0,0.3,25.3,2.5,0.0
2,2021-11-01 02:38:41,2021-11-01 02:44:30,1.0,2.66,1.0,N,50,238,1,9.5,0.5,0.5,2.0,0.0,0.3,15.3,2.5,0.0
2,2021-11-01 02:36:57,2021-11-01 02:41:04,1.0,0.85,1.0,N,231,144,1,5.0,0.5,0.5,2.2,0.0,0.3,11.0,2.5,0.0
2,2021-11-01 02:46:20,2021-11-01 02:56:47,1.0,2.19,1.0,N,148,164,1,10.0,0.5,0.5,2.76,0.0,0.3,16.56,2.5,0.0
1,2021-11-01 02:06:45,2021-11-01 02:13:18,0.0,2.0,1.0,N,162,236,2,8.0,3.0,0.5,0.0,0.0,0.3,11.8,2.5,0.0
2,2021-11-01 02:49:28,2021-11-01 02:53:35,1.0,0.0,1.0,N,80,80,1,2.5,0.5,0.5,55.0,0.0,0.3,58.8,0.0,0.0
2,2021-11-01 02:11:16,2021-11-01 02:19:54,1.0,2.51,1.0,N,141,79,1,9.5,0.5,0.5,2.5,0.0,0.3,15.8,2.5,0.0
2,2021-11-01 02:14:35,2021-11-01 02:18:17,1.0,1.26,1.0,N,79,107,1,5.5,0.5,0.5,0.0,0.0,0.3,9.3,2.5,0.0
2,2021-11-01 02:24:24,2021-11-01 02:28:59,2.0,0.76,1.0,N,79,148,1,5.0,0.5,0.5,1.76,0.0,0.3,10.56,2.5,0.0
2,2021-11-01 02:54:38,2021-11-01 03:05:01,2.0,1.58,1.0,N,249,79,1,9.0,0.5,0.5,2.56,0.0,0.3,15.36,2.5,0.0
2,2021-11-01 02:44:34,2021-11-01 02:52:13,5.0,1.4,1.0,N,48,68,1,7.5,0.5,0.5,2.26,0.0,0.3,13.56,2.5,0.0
2,2021-11-01 02:43:28,2021-11-01 02:53:01,1.0,1.89,1.0,N,231,148,1,9.0,0.5,0.5,1.5,0.0,0.3,14.3,2.5,0.0
2,2021-11-01 02:53:52,2021-11-01 03:00:53,1.0,1.06,1.0,N,148,144,1,6.5,0.5,0.5,2.06,0.0,0.3,12.36,2.5,0.0
2,2021-11-01 02:38:49,2021-11-01 02:49:32,1.0,2.33,1.0,N,151,116,1,10.0,0.5,0.5,2.26,0.0,0.3,13.56,0.0,0.0
1,2021-11-01 02:37:39,2021-11-01 02:48:11,1.0,2.9,1.0,Y,114,230,1,11.0,3.0,0.5,4.4,0.0,0.3,19.2,2.5,0.0
2,2021-11-01 02:11:44,2021-11-01 02:20:41,1.0,2.61,1.0,N,79,229,1,9.5,0.5,0.5,2.66,0.0,0.3,15.96,2.5,0.0
2,2021-11-01 02:29:37,2021-11-01 02:40:58,1.0,3.31,1.0,N,79,230,1,12.0,0.5,0.5,3.16,0.0,0.3,18.96,2.5,0.0
1,2021-11-01 02:12:19,2021-11-01 02:17:22,4.0,0.9,1.0,N,141,263,1,5.5,3.0,0.5,2.75,0.0,0.3,12.05,2.5,0.0
1,2021-11-01 02:34:11,2021-11-01 02:38:14,1.0,0.5,1.0,N,230,230,2,4.5,3.0,0.5,0.0,0.0,0.3,8.3,2.5,0.0
1,2021-11-01 02:43:07,2021-11-01 02:48:02,2.0,0.8,1.0,N,230,68,1,5.5,3.0,0.5,1.85,0.0,0.3,11.15,2.5,0.0
1,2021-11-01 02:49:07,2021-11-01 02:53:08,1.0,1.2,1.0,Y,68,50,1,5.5,3.0,0.5,1.0,0.0,0.3,10.3,2.5,0.0
1,2021-11-01 02:59:54,2021-11-01 03:01:10,1.0,0.1,1.0,Y,48,48,1,3.0,3.0,0.5,2.0,0.0,0.3,8.8,2.5,0.0
2,2021-11-01 02:00:51,2021-11-01 02:12:41,6.0,2.94,1.0,N,237,246,1,11.0,0.5,0.5,2.0,0.0,0.3,16.8,2.5,0.0
2,2021-11-01 02:36:12,2021-11-01 03:04:13,6.0,15.87,1.0,N,79,10,1,43.5,0.5,0.5,11.82,0.0,0.3,59.12,2.5,0.0
2,2021-11-01 02:10:07,2021-11-01 02:22:43,1.0,3.08,1.0,N,249,142,1,12.0,0.5,0.5,3.16,0.0,0.3,18.96,2.5,0.0
2,2021-11-01 02:31:46,2021-11-01 02:39:18,1.0,2.12,1.0,N,230,158,1,8.5,0.5,0.5,2.46,0.0,0.3,14.76,2.5,0.0
2,2021-11-01 02:42:01,2021-11-01 03:04:09,1.0,8.1,1.0,N,158,227,1,25.0,0.5,0.5,5.88,6.55,0.3,41.23,2.5,0.0
2,2021-11-01 02:27:02,2021-11-01 02:30:06,1.0,0.64,1.0,N,48,100,1,4.5,0.5,0.5,0.0,0.0,0.3,8.3,2.5,0.0
2,2021-11-01 02:19:23,2021-11-01 02:22:26,1.0,0.62,1.0,N,100,230,2,4.5,0.5,0.5,0.0,0.0,0.3,8.3,2.5,0.0
2,2021-11-01 02:29:58,2021-11-01 02:39:17,2.0,1.64,1.0,N,100,229,2,8.0,0.5,0.5,0.0,0.0,0.3,11.8,2.5,0.0
2,2021-11-01 02:53:55,2021-11-01 03:15:23,1.0,1.09,1.0,N,186,68,4,-14.0,-0.5,-0.5,0.0,0.0,-0.3,-17.8,-2.5,0.0
2,2021-11-01 02:53:55,2021-11-01 03:15:23,1.0,1.09,1.0,N,186,68,2,14.0,0.5,0.5,0.0,0.0,0.3,17.8,2.5,0.0
2,2021-11-01 02:09:35,2021-11-01 02:20:14,1.0,2.18,1.0,N,100,141,2,9.5,0.5,0.5,0.0,0.0,0.3,13.3,2.5,0.0
2,2021-11-01 02:02:56,2021-11-01 02:24:09,1.0,5.48,1.0,N,148,142,1,20.5,0.5,0.5,4.86,0.0,0.3,29.16,2.5,0.0
2,2021-11-01 02:33:38,2021-11-01 02:41:20,1.0,1.56,1.0,N,230,143,1,8.0,0.5,0.5,0.0,0.0,0.3,11.8,2.5,0.0
1,2021-11-01 02:59:34,2021-11-01 03:16:10,1.0,7.5,1.0,N,132,76,1,22.5,1.25,0.5,4.9,0.0,0.3,29.45,0.0,1.25
1,2021-11-01 02:17:21,2021-11-01 02:31:45,2.0,3.5,1.0,N,79,33,1,13.5,3.0,0.5,2.6,0.0,0.3,19.9,2.5,0.0
1,2021-11-01 02:40:31,2021-11-01 02:51:54,2.0,2.1,1.0,N,231,148,2,10.5,3.0,0.5,0.0,0.0,0.3,14.3,2.5,0.0
1,2021-11-01 02:58:16,2021-11-01 03:14:00,3.0,3.1,1.0,N,79,230,2,13.0,3.0,0.5,0.0,0.0,0.3,16.8,2.5,0.0
2,2021-11-01 02:51:43,2021-11-01 02:52:01,1.0,0.0,5.0,N,202,202,1,20.0,0.0,0.0,4.06,0.0,0.3,24.36,0.0,0.0
2,2021-11-01 02:08:28,2021-11-01 02:11:04,1.0,0.93,1.0,N,236,75,1,4.5,0.5,0.5,1.24,0.0,0.3,9.54,2.5,0.0
2,2021-11-01 02:38:23,2021-11-01 02:52:57,2.0,5.05,1.0,N,158,236,1,16.0,0.5,0.5,3.56,0.0,0.3,23.36,2.5,0.0
1,2021-11-01 02:26:25,2021-11-01 02:34:44,2.0,1.3,1.0,N,148,4,1,7.5,3.0,0.5,2.25,0.0,0.3,13.55,2.5,0.0
2,2021-11-01 02:22:04,2021-11-01 02:42:17,1.0,5.16,1.0,N,48,179,1,19.0,0.5,0.5,0.0,0.0,0.3,22.8,2.5,0.0
2,2021-11-01 02:05:41,2021-11-01 02:25:53,1.0,6.28,1.0,N,249,166,1,20.5,0.5,0.5,4.86,0.0,0.3,29.16,2.5,0.0
2,2021-11-01 02:54:57,2021-11-01 03:24:59,1.0,10.79,1.0,N,249,69,2,34.0,0.5,0.5,0.0,0.0,0.3,37.8,2.5,0.0
2,2021-11-01 02:32:23,2021-11-01 02:55:45,1.0,6.81,1.0,N,234,36,1,23.0,0.5,0.5,5.36,0.0,0.3,32.16,2.5,0.0
2,2021-11-01 02:23:19,2021-11-01 02:31:36,1.0,2.11,1.0,N,163,246,1,8.5,0.5,0.5,2.46,0.0,0.3,14.76,2.5,0.0
2,2021-11-01 02:42:49,2021-11-01 02:46:53,1.0,0.97,1.0,N,143,48,1,5.5,0.5,0.5,2.79,0.0,0.3,12.09,2.5,0.0
1,2021-11-01 02:11:14,2021-11-01 02:32:01,1.0,8.3,1.0,N,79,24,1,25.5,3.0,0.5,2.0,0.0,0.3,31.3,2.5,0.0
1,2021-11-01 02:06:40,2021-11-01 02:14:15,2.0,1.3,1.0,N,249,107,1,7.5,3.0,0.5,2.8,0.0,0.3,14.1,2.5,0.0
1,2021-11-01 02:28:44,2021-11-01 02:34:26,1.0,1.5,1.0,N,249,186,1,7.0,3.0,0.5,2.15,0.0,0.3,12.95,2.5,0.0
1,2021-11-01 02:42:03,2021-11-01 02:55:06,3.0,1.3,1.0,N,249,144,1,10.0,3.0,0.5,2.75,0.0,0.3,16.55,2.5,0.0
1,2021-11-01 02:57:46,2021-11-01 02:59:56,2.0,0.5,1.0,N,211,211,1,4.0,3.0,0.5,0.0,0.0,0.3,7.8,2.5,0.0
2,2021-11-01 02:40:52,2021-11-01 03:12:39,2.0,10.99,1.0,N,234,129,2,34.0,0.5,0.5,0.0,0.0,0.3,37.8,2.5,0.0
2,2021-11-01 02:51:13,2021-11-01 02:54:43,2.0,0.76,1.0,N,79,148,1,5.0,0.5,0.5,1.76,0.0,0.3,10.56,2.5,0.0
2,2021-11-01 02:54:22,2021-11-01 03:15:25,1.0,8.82,1.0,N,148,168,1,27.5,0.5,0.5,7.82,0.0,0.3,39.12,2.5,0.0
2,2021-11-01 02:24:29,2021-11-01 02:42:13,1.0,12.83,1.0,N,132,157,2,35.0,0.5,0.5,0.0,0.0,0.3,37.55,0.0,1.25
2,2021-11-01 02:22:50,2021-11-01 02:27:55,1.0,1.74,1.0,N,50,239,1,7.0,0.5,0.5,3.24,0.0,0.3,14.04,2.5,0.0
2,2021-11-01 02:57:43,2021-11-01 03:16:25,1.0,3.88,1.0,N,50,224,1,16.0,0.5,0.5,3.96,0.0,0.3,23.76,2.5,0.0
2,2021-11-01 02:32:55,2021-11-01 02:57:16,1.0,7.27,1.0,N,79,166,1,24.5,0.5,0.5,5.66,0.0,0.3,33.96,2.5,0.0
2,2021-11-01 02:26:46,2021-11-01 02:29:38,1.0,0.81,1.0,N,137,186,1,4.5,0.5,0.5,1.66,0.0,0.3,9.96,2.5,0.0
2,2021-11-01 02:40:38,2021-11-01 02:52:37,1.0,3.14,1.0,N,186,238,1,12.0,0.5,0.5,3.16,0.0,0.3,18.96,2.5,0.0
2,2021-11-01 02:58:29,2021-11-01 03:20:58,1.0,11.52,1.0,N,132,216,2,33.5,0.5,0.5,0.0,0.0,0.3,36.05,0.0,1.25
2,2021-11-01 02:14:41,2021-11-01 02:25:04,1.0,0.98,1.0,N,230,162,2,8.0,0.5,0.5,0.0,0.0,0.3,11.8,2.5,0.0
2,2021-11-01 02:33:11,2021-11-01 02:54:32,1.0,8.51,1.0,N,164,95,1,25.0,0.5,0.5,0.0,6.55,0.3,35.35,2.5,0.0
2,2021-11-01 02:14:26,2021-11-01 02:16:26,1.0,0.76,1.0,N,140,262,1,4.0,0.5,0.5,0.94,0.0,0.3,8.74,2.5,0.0
1,2021-11-01 02:08:01,2021-11-01 02:13:19,1.0,1.0,1.0,N,107,79,1,6.0,3.0,0.5,1.0,0.0,0.3,10.8,2.5,0.0
1,2021-11-01 02:21:54,2021-11-01 02:29:00,1.0,1.5,1.0,N,107,186,2,7.5,3.0,0.5,0.0,0.0,0.3,11.3,2.5,0.0
1,2021-11-01 02:37:27,2021-11-01 02:39:27,1.0,0.8,1.0,N,158,90,1,4.5,3.0,0.5,1.65,0.0,0.3,9.95,2.5,0.0
1,2021-11-01 02:40:36,2021-11-01 02:52:15,2.0,3.2,1.0,N,90,239,2,12.0,3.0,0.5,0.0,0.0,0.3,15.8,2.5,0.0
2,2021-11-01 02:18:57,2021-11-01 02:27:09,1.0,2.03,1.0,N,163,68,1,8.5,0.5,0.5,2.46,0.0,0.3,14.76,2.5,0.0
2,2021-11-01 02:43:48,2021-11-01 02:45:57,1.0,0.35,1.0,N,125,114,2,3.5,0.5,0.5,0.0,0.0,0.3,7.3,2.5,0.0
2,2021-11-01 02:48:44,2021-11-01 02:59:31,1.0,2.31,1.0,N,249,233,1,10.0,0.5,0.5,2.0,0.0,0.3,15.8,2.5,0.0
2,2021-11-01 02:38:27,2021-11-01 02:54:32,1.0,11.16,1.0,N,162,138,1,31.0,0.5,0.5,8.27,6.55,0.3,49.62,2.5,0.0
2,2021-11-01 02:14:56,2021-11-01 02:39:46,1.0,5.93,1.0,N,246,145,1,21.5,0.5,0.5,5.06,0.0,0.3,30.36,2.5,0.0
2,2021-11-01 02:55:21,2021-11-01 03:05:41,1.0,3.3,1.0,N,141,74,2,11.0,0.5,0.5,0.0,0.0,0.3,14.8,2.5,0.0
2,2021-11-01 02:09:17,2021-11-01 02:27:17,1.0,4.45,1.0,N,107,52,2,17.0,0.5,0.5,0.0,0.0,0.3,20.8,2.5,0.0
2,2021-11-01 02:51:57,2021-11-01 03:21:15,1.0,6.25,1.0,N,234,225,2,24.0,0.5,0.5,0.0,0.0,0.3,27.8,2.5,0.0
2,2021-11-01 02:09:21,2021-11-01 02:28:12,1.0,8.95,1.0,N,148,41,1,27.0,0.5,0.5,6.16,0.0,0.3,36.96,2.5,0.0
2,2021-11-01 02:18:22,2021-11-01 02:25:39,1.0,1.05,1.0,N,262,75,1,7.0,0.5,0.5,2.0,0.0,0.3,12.8,2.5,0.0
2,2021-11-01 02:28:32,2021-11-01 02:34:44,1.0,1.84,1.0,N,211,164,2,7.5,0.5,0.5,0.0,0.0,0.3,11.3,2.5,0.0
2,2021-11-01 02:44:11,2021-11-01 02:49:39,2.0,1.36,1.0,N,164,246,1,6.5,0.5,0.5,2.06,0.0,0.3,12.36,2.5,0.0
2,2021-11-01 02:53:12,2021-11-01 03:17:10,1.0,11.01,1.0,N,48,70,2,33.0,0.5,0.5,0.0,6.55,0.3,43.35,2.5,0.0
1,2021-11-01 02:51:46,2021-11-01 02:59:24,3.0,1.2,1.0,N,148,79,1,7.0,3.0,0.5,2.15,0.0,0.3,12.95,2.5,0.0
2,2021-11-01 02:30:04,2021-11-01 02:40:03,1.0,8.13,5.0,N,265,265,1,60.0,0.0,0.0,5.0,0.0,0.3,65.3,0.0,0.0
2,2021-11-01 02:51:37,2021-11-01 03:23:34,4.0,20.97,2.0,N,230,132,1,52.0,0.0,0.5,11.06,0.0,0.3,66.36,2.5,0.0
2,2021-11-01 02:35:41,2021-11-01 02:51:54,2.0,4.58,1.0,N,246,263,1,16.0,0.5,0.5,1.98,0.0,0.3,21.78,2.5,0.0
2,2021-11-01 02:04:30,2021-11-01 02:25:14,1.0,10.62,1.0,N,68,127,1,31.0,0.5,0.5,6.96,0.0,0.3,41.76,2.5,0.0
2,2021-11-01 02:45:19,2021-11-01 02:49:38,1.0,0.56,1.0,N,246,90,2,5.0,0.5,0.5,0.0,0.0,0.3,8.8,2.5,0.0
2,2021-11-01 02:51:19,2021-11-01 02:56:06,1.0,1.05,1.0,N,186,230,2,5.5,0.5,0.5,0.0,0.0,0.3,9.3,2.5,0.0
2,2021-11-01 01:15:22,2021-11-01 01:20:23,1.0,1.27,1.0,N,90,107,1,6.0,0.5,0.5,1.96,0.0,0.3,11.76,2.5,0.0
2,2021-11-01 01:24:07,2021-11-01 01:35:04,1.0,1.85,1.0,N,107,68,1,8.5,0.5,0.5,1.0,0.0,0.3,13.3,2.5,0.0
1,2021-11-01 02:43:48,2021-11-01 02:49:15,1.0,1.0,1.0,N,107,68,1,6.0,3.0,0.5,0.0,0.0,0.3,9.8,2.5,0.0
1,2021-11-01 02:52:02,2021-11-01 03:03:54,1.0,3.5,1.0,N,68,229,2,12.0,3.0,0.5,0.0,0.0,0.3,15.8,2.5,0.0
2,2021-11-01 02:09:10,2021-11-01 02:26:07,1.0,5.79,1.0,N,107,179,1,18.0,0.5,0.5,4.0,0.0,0.3,25.8,2.5,0.0
2,2021-11-01 02:06:44,2021-11-01 02:22:19,1.0,3.94,1.0,N,148,181,1,15.5,0.5,0.5,2.0,0.0,0.3,21.3,2.5,0.0
2,2021-11-01 02:37:04,2021-11-01 02:52:18,1.0,4.15,1.0,N,97,234,2,15.5,0.5,0.5,0.0,0.0,0.3,19.3,2.5,0.0
1,2021-11-01 02:36:14,2021-11-01 02:46:48,2.0,4.0,1.0,N,263,107,1,12.5,3.0,0.5,3.25,0.0,0.3,19.55,2.5,0.0
2,2021-11-01 02:12:40,2021-11-01 02:21:20,1.0,1.52,1.0,N,68,107,1,8.0,0.5,0.5,1.0,0.0,0.3,12.8,2.5,0.0
2,2021-11-01 02:27:45,2021-11-01 02:40:57,1.0,4.41,1.0,N,79,263,1,14.5,0.5,0.5,4.0,0.0,0.3,22.3,2.5,0.0
1,2021-11-01 02:25:38,2021-11-01 02:37:57,2.0,2.3,1.0,N,90,229,1,11.0,3.0,0.5,1.0,0.0,0.3,15.8,2.5,0.0
1,2021-11-01 02:44:08,2021-11-01 02:51:49,1.0,1.5,1.0,N,163,170,1,7.5,3.0,0.5,1.0,0.0,0.3,12.3,2.5,0.0
1,2021-11-01 02:57:05,2021-11-01 03:10:14,1.0,6.6,1.0,N,163,13,1,20.0,3.0,0.5,4.76,0.0,0.3,28.56,2.5,0.0
2,2021-11-01 02:02:46,2021-11-01 02:07:52,1.0,1.11,1.0,N,233,170,2,6.0,0.5,0.5,0.0,0.0,0.3,9.8,2.5,0.0
2,2021-11-01 02:11:26,2021-11-01 02:21:55,1.0,4.34,1.0,N,161,42,1,13.5,0.5,0.5,3.08,0.0,0.3,20.38,2.5,0.0
1,2021-11-01 02:00:52,2021-11-01 02:04:30,1.0,1.0,1.0,N,68,48,1,5.0,3.0,0.5,1.32,0.0,0.3,10.12,2.5,0.0
1,2021-11-01 02:09:41,2021-11-01 02:28:05,3.0,6.0,1.0,N,230,87,1,20.0,3.0,0.5,0.0,0.0,0.3,23.8,2.5,0.0
2,2021-11-01 02:21:38,2021-11-01 02:41:58,1.0,8.36,1.0,N,249,152,2,25.0,0.5,0.5,0.0,0.0,0.3,28.8,2.5,0.0
2,2021-11-01 02:23:48,2021-11-01 02:28:30,1.0,0.96,1.0,N,234,170,1,5.5,0.5,0.5,1.86,0.0,0.3,11.16,2.5,0.0
2,2021-11-01 02:29:02,2021-11-01 02:42:38,1.0,3.42,1.0,N,170,262,1,13.5,0.5,0.5,3.46,0.0,0.3,20.76,2.5,0.0
2,2021-11-01 02:54:23,2021-11-01 02:55:05,2.0,0.02,1.0,N,107,107,3,-2.5,-0.5,-0.5,0.0,0.0,-0.3,-6.3,-2.5,0.0
2,2021-11-01 02:54:23,2021-11-01 02:55:05,2.0,0.02,1.0,N,107,107,2,2.5,0.5,0.5,0.0,0.0,0.3,6.3,2.5,0.0
2,2021-11-01 02:05:55,2021-11-01 02:23:38,1.0,5.46,1.0,N,234,40,1,18.5,0.5,0.5,2.0,0.0,0.3,24.3,2.5,0.0
2,2021-11-01 02:37:00,2021-11-01 02:53:03,1.0,4.89,1.0,N,249,236,1,16.5,0.5,0.5,4.06,0.0,0.3,24.36,2.5,0.0
2,2021-11-01 02:33:53,2021-11-01 03:01:45,1.0,5.55,1.0,N,148,100,1,22.0,0.5,0.5,1.0,0.0,0.3,26.8,2.5,0.0
2,2021-11-01 02:21:38,2021-11-01 02:35:35,1.0,4.1,1.0,N,263,90,2,14.5,0.5,0.5,0.0,0.0,0.3,18.3,2.5,0.0
2,2021-11-01 02:46:37,2021-11-01 02:50:27,1.0,1.17,1.0,N,186,48,2,5.5,0.5,0.5,0.0,0.0,0.3,9.3,2.5,0.0
2,2021-11-01 02:20:11,2021-11-01 02:33:46,1.0,3.65,1.0,N,161,226,1,13.5,0.5,0.5,3.46,0.0,0.3,20.76,2.5,0.0
2,2021-11-01 02:15:09,2021-11-01 02:32:17,1.0,5.67,1.0,N,90,166,2,18.0,0.5,0.5,0.0,0.0,0.3,21.8,2.5,0.0
2,2021-11-01 02:33:11,2021-11-01 02:33:50,1.0,0.04,1.0,N,166,166,3,-2.5,-0.5,-0.5,0.0,0.0,-0.3,-3.8,0.0,0.0
2,2021-11-01 02:33:11,2021-11-01 02:33:50,1.0,0.04,1.0,N,166,166,2,2.5,0.5,0.5,0.0,0.0,0.3,3.8,0.0,0.0
2,2021-11-01 02:04:01,2021-11-01 02:09:15,1.0,1.52,1.0,N,158,114,1,6.5,0.5,0.5,2.06,0.0,0.3,12.36,2.5,0.0
2,2021-11-01 02:17:30,2021-11-01 02:38:40,1.0,10.09,1.0,N,114,7,1,30.0,0.5,0.5,6.76,0.0,0.3,40.56,2.5,0.0
2,2021-11-01 02:09:42,2021-11-01 02:27:23,1.0,6.02,1.0,N,114,238,1,20.0,0.5,0.5,2.38,0.0,0.3,26.18,2.5,0.0
2,2021-11-01 02:09:21,2021-11-01 02:37:36,1.0,8.74,1.0,N,148,166,1,29.5,0.5,0.5,0.0,0.0,0.3,33.3,2.5,0.0
1,2021-11-01 02:26:34,2021-11-01 02:38:22,1.0,5.1,1.0,N,132,216,2,17.0,1.75,0.5,0.0,0.0,0.3,19.55,0.0,1.25
2,2021-11-01 02:31:57,2021-11-01 02:32:10,1.0,1.68,5.0,N,260,260,1,20.0,0.0,0.5,0.0,0.0,0.3,20.8,0.0,0.0
2,2021-11-01 02:19:05,2021-11-01 02:40:22,1.0,5.5,1.0,N,249,263,1,20.0,0.5,0.5,5.95,0.0,0.3,29.75,2.5,0.0
2,2021-11-01 02:59:16,2021-11-01 03:09:31,1.0,2.37,1.0,N,148,137,1,10.0,0.5,0.5,2.76,0.0,0.3,16.56,2.5,0.0
1,2021-11-01 02:06:20,2021-11-01 02:13:45,1.0,1.8,1.0,N,48,234,1,8.0,3.0,0.5,2.35,0.0,0.3,14.15,2.5,0.0
1,2021-11-01 02:17:36,2021-11-01 02:24:41,1.0,1.9,1.0,N,234,230,1,8.0,3.0,0.5,0.0,0.0,0.3,11.8,2.5,0.0
1,2021-11-01 02:17:55,2021-11-01 02:30:46,0.0,3.3,1.0,N,161,211,1,12.0,3.0,0.5,3.15,0.0,0.3,18.95,2.5,0.0
1,2021-11-01 02:44:00,2021-11-01 02:53:24,0.0,1.8,1.0,N,125,107,1,8.5,3.0,0.5,1.85,0.0,0.3,14.15,2.5,0.0
2,2021-11-01 02:27:02,2021-11-01 02:37:52,2.0,1.55,1.0,N,186,137,1,9.0,0.5,0.5,2.0,0.0,0.3,14.8,2.5,0.0
2,2021-11-01 02:42:56,2021-11-01 02:47:53,2.0,1.24,1.0,N,107,233,1,6.0,0.5,0.5,1.96,0.0,0.3,11.76,2.5,0.0
2,2021-11-01 02:59:54,2021-11-01 03:14:23,1.0,1.32,1.0,N,224,79,2,10.5,0.5,0.5,0.0,0.0,0.3,14.3,2.5,0.0
2,2021-11-01 02:33:31,2021-11-01 02:46:51,1.0,3.18,1.0,N,114,97,1,12.5,0.5,0.5,3.26,0.0,0.3,19.56,2.5,0.0
1,2021-11-01 02:24:27,2021-11-01 02:37:10,1.0,2.1,1.0,N,234,211,1,10.5,3.0,0.5,2.85,0.0,0.3,17.15,2.5,0.0
1,2021-11-01 02:54:31,2021-11-01 03:06:48,4.0,4.1,1.0,N,148,141,1,13.5,3.0,0.5,1.0,0.0,0.3,18.3,2.5,0.0
1,2021-11-01 02:05:34,2021-11-01 02:24:19,4.0,9.8,1.0,Y,148,166,2,28.5,3.0,0.5,0.0,0.0,0.3,32.3,2.5,0.0
1,2021-11-01 02:51:41,2021-11-01 02:59:57,1.0,2.6,1.0,N,249,48,1,9.5,3.0,0.5,2.65,0.0,0.3,15.95,2.5,0.0
2,2021-11-01 02:19:00,2021-11-01 02:24:27,1.0,1.21,1.0,N,164,162,1,6.0,0.5,0.5,1.96,0.0,0.3,11.76,2.5,0.0
2,2021-11-01 02:39:11,2021-11-01 03:25:17,1.0,27.28,1.0,N,114,179,1,74.5,0.5,0.5,15.66,0.0,0.3,93.96,2.5,0.0
2,2021-11-01 02:21:12,2021-11-01 02:31:07,5.0,2.1,1.0,N,48,249,1,9.0,0.5,0.5,0.0,0.0,0.3,12.8,2.5,0.0
2,2021-11-01 02:32:01,2021-11-01 02:46:11,5.0,2.73,1.0,N,249,48,2,12.5,0.5,0.5,0.0,0.0,0.3,16.3,2.5,0.0
2,2021-11-01 02:38:36,2021-11-01 02:51:53,1.0,2.15,1.0,N,158,148,1,10.5,0.5,0.5,3.58,0.0,0.3,17.88,2.5,0.0
1,2021-11-01 02:49:15,2021-11-01 03:08:51,1.0,11.2,1.0,N,132,131,1,31.0,1.75,0.5,0.0,0.0,0.3,33.55,0.0,1.25
1,2021-11-01 02:09:33,2021-11-01 02:23:50,2.0,4.2,1.0,N,264,264,1,14.5,0.5,0.5,2.0,0.0,0.3,17.8,0.0,0.0
1,2021-11-01 02:48:52,2021-11-01 02:55:34,1.0,1.1,1.0,N,264,264,1,6.5,0.5,0.5,1.95,0.0,0.3,9.75,0.0,0.0
2,2021-11-01 02:11:21,2021-11-01 02:16:52,1.0,0.82,1.0,N,7,7,1,5.5,0.5,0.5,2.0,0.0,0.3,8.8,0.0,0.0
1,2021-11-01 02:07:55,2021-11-01 02:20:41,1.0,3.5,1.0,N,163,226,1,12.0,3.0,0.5,3.15,0.0,0.3,18.95,2.5,0.0
2,2021-11-01 02:08:41,2021-11-01 02:08:43,1.0,0.05,5.0,N,265,264,1,20.0,0.0,0.0,0.0,0.0,0.3,20.3,0.0,0.0
2,2021-11-01 01:58:24,2021-11-01 02:02:54,1.0,1.57,1.0,N,141,263,2,6.5,0.5,0.5,0.0,0.0,0.3,10.3,2.5,0.0
2,2021-11-01 02:04:45,2021-11-01 02:13:28,1.0,2.86,1.0,N,236,233,1,10.0,0.5,0.5,2.76,0.0,0.3,16.56,2.5,0.0
1,2021-11-01 02:39:55,2021-11-01 02:44:46,1.0,0.7,1.0,N,114,211,1,5.5,3.0,0.5,2.75,0.0,0.3,12.05,2.5,0.0
1,2021-11-01 02:53:30,2021-11-01 03:23:00,1.0,8.3,1.0,N,90,173,2,28.0,3.0,0.5,0.0,0.0,0.3,31.8,2.5,0.0
2,2021-11-01 02:03:26,2021-11-01 02:11:29,1.0,1.86,1.0,N,161,246,1,8.0,0.5,0.5,2.36,0.0,0.3,14.16,2.5,0.0
2,2021-11-01 02:20:53,2021-11-01 02:31:33,2.0,2.35,1.0,N,113,48,1,10.0,0.5,0.5,2.76,0.0,0.3,16.56,2.5,0.0
2,2021-11-01 02:37:26,2021-11-01 02:52:54,2.0,5.08,1.0,N,68,54,1,17.0,0.5,0.5,4.16,0.0,0.3,24.96,2.5,0.0
1,2021-11-01 02:20:37,2021-11-01 02:35:44,1.0,4.8,1.0,N,249,189,2,16.5,3.0,0.5,0.0,0.0,0.3,20.3,2.5,0.0
1,2021-11-01 02:15:39,2021-11-01 02:32:46,1.0,4.9,1.0,N,114,145,2,17.0,3.0,0.5,0.0,0.0,0.3,20.8,2.5,0.0
1,2021-11-01 02:34:18,2021-11-01 02:46:19,1.0,3.5,1.0,N,145,48,2,13.0,3.0,0.5,0.0,0.0,0.3,16.8,2.5,0.0
1,2021-11-01 02:55:32,2021-11-01 03:01:51,1.0,1.7,1.0,N,90,230,2,7.5,3.0,0.5,0.0,0.0,0.3,11.3,2.5,0.0
2,2021-11-01 02:21:53,2021-11-01 02:28:27,1.0,2.33,1.0,N,236,233,1,8.5,0.5,0.5,2.46,0.0,0.3,14.76,2.5,0.0
2,2021-11-01 02:29:50,2021-11-01 02:41:19,1.0,3.36,1.0,N,79,48,2,12.0,0.5,0.5,0.0,0.0,0.3,15.8,2.5,0.0
2,2021-11-01 02:44:06,2021-11-01 02:55:24,1.0,2.3,1.0,N,48,113,1,10.0,0.5,0.5,2.76,0.0,0.3,16.56,2.5,0.0
2,2021-11-01 02:01:03,2021-11-01 02:13:11,2.0,4.12,1.0,N,249,237,1,13.5,0.5,0.5,1.0,0.0,0.3,18.3,2.5,0.0
1,2021-11-01 02:58:34,2021-11-01 03:09:24,1.0,1.9,1.0,N,263,166,1,9.5,0.5,0.5,0.0,0.0,0.3,10.8,0.0,0.0
1,2021-11-01 02:02:15,2021-11-01 02:25:31,4.0,11.1,1.0,N,100,134,2,32.0,3.0,0.5,0.0,6.55,0.3,42.35,2.5,0.0
1,2021-11-01 02:22:50,2021-11-01 02:41:41,1.0,4.2,1.0,Y,79,141,1,16.5,3.0,0.5,0.01,0.0,0.3,20.31,2.5,0.0
2,2021-11-01 02:36:59,2021-11-01 02:42:19,5.0,1.31,1.0,N,264,264,2,6.0,0.5,0.5,0.0,0.0,0.3,9.8,2.5,0.0
2,2021-11-01 02:45:21,2021-11-01 02:49:07,5.0,0.73,1.0,N,264,264,2,5.0,0.5,0.5,0.0,0.0,0.3,8.8,2.5,0.0
2,2021-11-01 02:06:17,2021-11-01 02:23:25,1.0,7.23,1.0,N,261,262,1,22.5,0.5,0.5,5.26,0.0,0.3,31.56,2.5,0.0
2,2021-11-01 02:22:14,2021-11-01 02:28:06,1.0,1.32,1.0,N,246,249,1,6.0,0.5,0.5,1.96,0.0,0.3,11.76,2.5,0.0
2,2021-11-01 02:31:41,2021-11-01 02:46:28,1.0,3.44,1.0,N,234,237,1,13.0,0.5,0.5,3.36,0.0,0.3,20.16,2.5,0.0
1,2021-11-01 02:29:02,2021-11-01 02:32:38,1.0,1.3,1.0,N,113,100,1,6.0,3.0,0.5,1.0,0.0,0.3,10.8,2.5,0.0
1,2021-11-01 02:52:01,2021-11-01 03:07:10,1.0,2.7,1.0,N,249,261,1,13.0,3.0,0.5,2.2,0.0,0.3,19.0,2.5,0.0
1,2021-11-01 02:03:48,2021-11-01 02:09:21,1.0,0.8,1.0,N,249,114,2,5.5,3.0,0.5,0.0,0.0,0.3,9.3,2.5,0.0
1,2021-11-01 02:13:52,2021-11-01 02:20:55,1.0,1.3,1.0,N,114,90,1,7.0,3.0,0.5,2.15,0.0,0.3,12.95,2.5,0.0
1,2021-11-01 02:26:37,2021-11-01 02:29:03,1.0,0.6,1.0,Y,90,186,1,4.0,3.0,0.5,1.55,0.0,0.3,9.35,2.5,0.0
1,2021-11-01 02:51:14,2021-11-01 03:02:25,1.0,2.2,1.0,N,249,232,1,10.0,3.0,0.5,2.75,0.0,0.3,16.55,2.5,0.0
2,2021-11-01 02:11:05,2021-11-01 02:23:53,2.0,2.23,1.0,N,261,148,1,10.5,0.5,0.5,2.86,0.0,0.3,17.16,2.5,0.0
2,2021-11-01 02:08:33,2021-11-01 02:26:57,1.0,5.83,1.0,N,261,163,1,19.0,0.5,0.5,4.56,0.0,0.3,27.36,2.5,0.0
2,2021-11-01 02:40:22,2021-11-01 03:09:13,1.0,9.12,1.0,N,79,116,1,30.0,0.5,0.5,6.76,0.0,0.3,40.56,2.5,0.0
1,2021-11-01 02:57:50,2021-11-01 03:05:47,1.0,2.2,1.0,N,249,161,1,9.0,3.0,0.5,2.2,0.0,0.3,15.0,2.5,0.0
2,2021-11-01 02:15:18,2021-11-01 02:25:49,3.0,2.38,1.0,N,125,100,1,10.0,0.5,0.5,2.76,0.0,0.3,16.56,2.5,0.0
2,2021-11-01 02:29:07,2021-11-01 02:32:56,2.0,0.76,1.0,N,100,186,2,4.5,0.5,0.5,0.0,0.0,0.3,8.3,2.5,0.0
2,2021-11-01 02:35:51,2021-11-01 02:42:23,1.0,1.62,1.0,N,186,246,1,7.5,0.5,0.5,2.26,0.0,0.3,13.56,2.5,0.0
2,2021-11-01 02:48:12,2021-11-01 02:51:53,1.0,0.95,1.0,N,68,158,1,5.0,0.5,0.5,1.76,0.0,0.3,10.56,2.5,0.0
2,2021-11-01 02:54:08,2021-11-01 02:59:42,2.0,1.8,1.0,N,158,48,1,7.0,0.5,0.5,2.16,0.0,0.3,12.96,2.5,0.0
2,2021-11-01 02:23:14,2021-11-01 02:34:10,3.0,2.37,1.0,N,114,87,1,10.0,0.5,0.5,2.76,0.0,0.3,16.56,2.5,0.0
2,2021-11-01 02:39:55,2021-11-01 03:02:43,1.0,6.9,1.0,N,79,166,1,22.0,0.5,0.5,5.16,0.0,0.3,30.96,2.5,0.0
2,2021-11-01 02:19:30,2021-11-01 02:48:07,2.0,7.53,1.0,N,246,188,1,25.5,0.5,0.5,7.32,0.0,0.3,36.62,2.5,0.0
2,2021-11-01 02:07:11,2021-11-01 02:25:58,6.0,4.78,1.0,N,186,202,1,17.0,0.5,0.5,4.16,0.0,0.3,24.96,2.5,0.0
2,2021-11-01 02:53:22,2021-11-01 03:08:27,6.0,5.41,1.0,N,79,75,1,18.0,0.5,0.5,4.36,0.0,0.3,26.16,2.5,0.0
2,2021-11-01 02:32:44,2021-11-01 02:59:25,1.0,6.91,1.0,N,114,36,1,23.5,0.5,0.5,5.46,0.0,0.3,32.76,2.5,0.0
2,2021-11-01 01:53:53,2021-11-01 01:59:22,1.0,1.18,1.0,N,234,79,1,6.0,0.5,0.5,1.96,0.0,0.3,11.76,2.5,0.0
2,2021-11-01 02:36:47,2021-11-01 02:50:53,1.0,2.71,1.0,N,170,148,1,12.0,0.5,0.5,0.0,0.0,0.3,15.8,2.5,0.0
2,2021-11-01 02:01:17,2021-11-01 02:12:24,1.0,3.13,1.0,N,163,249,1,11.5,0.5,0.5,3.82,0.0,0.3,19.12,2.5,0.0
2,2021-11-01 02:56:11,2021-11-01 02:59:23,1.0,0.55,1.0,N,249,114,1,4.0,0.5,0.5,1.0,0.0,0.3,8.8,2.5,0.0
2,2021-11-01 02:24:42,2021-11-01 02:40:13,1.0,3.91,1.0,N,125,49,1,14.0,0.5,0.5,3.56,0.0,0.3,21.36,2.5,0.0
1,2021-11-01 02:39:22,2021-11-01 02:45:21,1.0,1.0,1.0,N,50,246,2,6.5,3.0,0.5,0.0,0.0,0.3,10.3,2.5,0.0
1,2021-11-01 02:50:17,2021-11-01 03:11:04,3.0,4.2,1.0,N,48,148,1,16.5,3.0,0.5,0.0,0.0,0.3,20.3,2.5,0.0
2,2021-11-01 02:31:29,2021-11-01 02:52:01,1.0,6.9,1.0,N,79,166,1,21.0,0.5,0.5,4.96,0.0,0.3,29.76,2.5,0.0
1,2021-11-01 02:01:43,2021-11-01 02:17:41,1.0,5.7,1.0,N,37,129,1,18.5,0.5,0.5,3.95,0.0,0.3,23.75,0.0,0.0
2,2021-11-01 02:03:37,2021-11-01 02:20:05,1.0,3.8,1.0,N,186,87,1,14.5,0.5,0.5,3.66,0.0,0.3,21.96,2.5,0.0
2,2021-11-01 02:13:57,2021-11-01 02:28:49,1.0,4.16,1.0,N,90,262,1,14.5,0.5,0.5,4.58,0.0,0.3,22.88,2.5,0.0
2,2021-11-01 02:37:13,2021-11-01 03:02:49,1.0,4.86,1.0,N,141,68,1,19.5,0.5,0.5,4.66,0.0,0.3,27.96,2.5,0.0
2,2021-11-01 02:06:21,2021-11-01 02:16:10,1.0,2.34,1.0,N,249,170,1,9.5,0.5,0.5,2.66,0.0,0.3,15.96,2.5,0.0
2,2021-11-01 02:31:44,2021-11-01 02:37:33,1.0,1.1,1.0,N,249,68,2,6.0,0.5,0.5,0.0,0.0,0.3,9.8,2.5,0.0
2,2021-11-01 02:41:11,2021-11-01 02:57:39,1.0,6.02,1.0,N,68,152,1,20.0,0.5,0.5,4.76,0.0,0.3,28.56,2.5,0.0
1,2021-11-01 02:16:33,2021-11-01 02:17:27,1.0,0.0,5.0,N,82,82,1,45.0,0.0,0.0,0.0,0.0,0.3,45.3,0.0,0.0
1,2021-11-01 02:54:08,2021-11-01 03:00:44,1.0,2.3,1.0,N,141,107,1,8.5,3.0,0.5,1.0,0.0,0.3,13.3,2.5,0.0
2,2021-11-01 02:55:48,2021-11-01 03:12:42,1.0,3.81,1.0,N,146,223,1,15.0,0.5,0.5,5.7,0.0,0.3,22.0,0.0,0.0
2,2021-11-01 02:41:53,2021-11-01 02:50:37,1.0,2.31,1.0,N,186,143,1,9.5,0.5,0.5,2.66,0.0,0.3,15.96,2.5,0.0
2,2021-11-01 02:19:11,2021-11-01 02:25:51,1.0,1.32,1.0,N,230,186,1,6.5,0.5,0.5,2.06,0.0,0.3,12.36,2.5,0.0
2,2021-11-01 02:32:50,2021-11-01 02:46:48,1.0,1.99,1.0,N,234,233,2,10.5,0.5,0.5,0.0,0.0,0.3,14.3,2.5,0.0
2,2021-11-01 02:02:37,2021-11-01 02:24:22,1.0,6.16,1.0,N,90,7,1,20.5,0.5,0.5,3.0,0.0,0.3,27.3,2.5,0.0
2,2021-11-01 02:59:04,2021-11-01 03:21:45,1.0,10.4,1.0,N,132,35,2,30.5,0.5,0.5,0.0,0.0,0.3,33.05,0.0,1.25
2,2021-11-01 02:09:25,2021-11-01 02:32:26,1.0,9.83,1.0,N,132,177,2,29.5,0.5,0.5,0.0,0.0,0.3,32.05,0.0,1.25
1,2021-11-01 02:21:10,2021-11-01 02:37:00,2.0,3.2,1.0,N,144,68,1,14.0,3.0,0.5,2.0,0.0,0.3,19.8,2.5,0.0
1,2021-11-01 02:45:54,2021-11-01 03:08:13,2.0,9.1,1.0,N,249,49,1,28.0,3.0,0.5,6.35,0.0,0.3,38.15,2.5,0.0
2,2021-11-01 02:05:00,2021-11-01 02:09:24,1.0,1.13,1.0,N,148,209,1,6.0,0.5,0.5,1.96,0.0,0.3,11.76,2.5,0.0
2,2021-11-01 02:48:27,2021-11-01 03:00:47,1.0,3.28,1.0,N,48,238,1,12.5,0.5,0.5,5.8,0.0,0.3,22.1,2.5,0.0
2,2021-11-01 02:40:47,2021-11-01 02:43:43,2.0,0.79,1.0,N,107,170,1,4.5,0.5,0.5,1.66,0.0,0.3,9.96,2.5,0.0
2,2021-11-01 02:50:57,2021-11-01 02:55:18,1.0,0.96,1.0,N,79,148,1,5.0,0.5,0.5,2.2,0.0,0.3,11.0,2.5,0.0
2,2021-11-01 02:59:26,2021-11-01 03:19:27,1.0,3.93,1.0,N,148,217,1,17.5,0.5,0.5,6.39,0.0,0.3,27.69,2.5,0.0
1,2021-11-01 02:17:38,2021-11-01 02:22:49,2.0,0.4,1.0,N,114,79,1,5.0,3.0,0.5,2.0,0.0,0.3,10.8,2.5,0.0
1,2021-11-01 02:30:56,2021-11-01 02:52:20,4.0,4.8,1.0,N,79,37,2,19.0,3.0,0.5,0.0,0.0,0.3,22.8,2.5,0.0
2,2021-11-01 02:56:13,2021-11-01 03:09:23,1.0,5.78,1.0,N,132,218,1,18.0,0.5,0.5,2.0,0.0,0.3,22.55,0.0,1.25
1,2021-11-01 02:35:00,2021-11-01 02:39:14,1.0,0.6,1.0,N,230,48,1,5.0,3.0,0.5,1.0,0.0,0.3,9.8,2.5,0.0
1,2021-11-01 02:50:35,2021-11-01 03:04:52,1.0,3.1,1.0,N,90,229,1,12.0,3.0,0.5,3.16,0.0,0.3,18.96,2.5,0.0
2,2021-11-01 02:15:21,2021-11-01 02:23:08,1.0,2.38,1.0,N,148,256,1,9.0,0.5,0.5,2.56,0.0,0.3,15.36,2.5,0.0
2,2021-11-01 02:12:20,2021-11-01 02:17:26,3.0,0.95,1.0,N,100,230,1,5.5,0.5,0.5,1.86,0.0,0.3,11.16,2.5,0.0
2,2021-11-01 02:18:22,2021-11-01 02:40:30,3.0,5.24,1.0,N,230,87,1,19.5,0.5,0.5,4.66,0.0,0.3,27.96,2.5,0.0
2,2021-11-01 02:07:50,2021-11-01 02:29:01,2.0,4.8,1.0,N,100,41,1,18.5,0.5,0.5,6.69,0.0,0.3,28.99,2.5,0.0
2,2021-11-01 02:50:29,2021-11-01 02:58:02,2.0,1.9,1.0,N,162,68,1,8.0,0.5,0.5,2.36,0.0,0.3,14.16,2.5,0.0
2,2021-11-01 02:15:22,2021-11-01 02:28:17,1.0,3.84,1.0,N,158,256,2,14.0,0.5,0.5,0.0,0.0,0.3,17.8,2.5,0.0
2,2021-11-01 02:30:15,2021-11-01 02:43:28,1.0,3.42,1.0,N,256,25,2,13.5,0.5,0.5,0.0,0.0,0.3,14.8,0.0,0.0
1,2021-11-01 02:11:57,2021-11-01 02:15:23,3.0,0.9,1.0,N,249,90,1,5.0,3.0,0.0,1.65,0.0,0.3,9.95,2.5,0.0
1,2021-11-01 02:21:21,2021-11-01 02:23:08,3.0,0.3,1.0,N,90,90,1,3.5,3.0,0.0,1.35,0.0,0.3,8.15,2.5,0.0
1,2021-11-01 02:27:49,2021-11-01 02:44:40,3.0,4.9,1.0,N,186,226,1,17.0,3.0,0.0,4.05,0.0,0.3,24.35,2.5,0.0
1,2021-11-01 02:28:02,2021-11-01 02:40:29,1.0,4.3,1.0,Y,114,237,1,14.0,3.0,0.5,3.55,0.0,0.3,21.35,2.5,0.0
1,2021-11-01 02:52:27,2021-11-01 02:57:17,1.0,0.8,1.0,N,137,164,1,5.5,3.0,0.5,1.85,0.0,0.3,11.15,2.5,0.0
1,2021-11-01 02:03:07,2021-11-01 02:19:38,1.0,5.8,1.0,N,79,74,2,18.0,3.0,0.5,0.0,0.0,0.3,21.8,2.5,0.0
2,2021-11-01 01:57:05,2021-11-01 02:00:21,2.0,2.03,5.0,N,265,265,1,42.0,0.0,0.0,8.46,0.0,0.3,50.76,0.0,0.0
2,2021-11-01 02:44:51,2021-11-01 02:58:36,3.0,3.25,1.0,N,186,237,1,12.5,0.5,0.5,2.93,0.0,0.3,19.23,2.5,0.0
2,2021-11-01 02:18:51,2021-11-01 02:29:35,3.0,4.45,1.0,N,107,75,1,13.5,0.5,0.5,0.0,0.0,0.3,17.3,2.5,0.0
2,2021-11-01 02:03:09,2021-11-01 02:19:46,1.0,2.79,1.0,N,234,79,1,13.5,0.5,0.5,3.46,0.0,0.3,20.76,2.5,0.0
2,2021-11-01 02:25:16,2021-11-01 02:34:47,1.0,3.12,1.0,N,79,141,2,10.5,0.5,0.5,0.0,0.0,0.3,14.3,2.5,0.0
2,2021-11-01 02:41:18,2021-11-01 03:03:34,1.0,11.15,1.0,N,141,20,2,32.5,0.5,0.5,0.0,0.0,0.3,36.3,2.5,0.0
2,2021-11-01 02:09:13,2021-11-01 02:28:59,1.0,5.1,1.0,N,48,42,1,18.5,0.5,0.5,2.5,0.0,0.3,24.8,2.5,0.0
1,2021-11-01 02:00:14,2021-11-01 02:06:11,1.0,1.4,1.0,N,249,68,1,6.5,3.0,0.5,2.05,0.0,0.3,12.35,2.5,0.0
1,2021-11-01 02:07:19,2021-11-01 02:17:36,1.0,2.1,1.0,N,68,224,1,9.5,3.0,0.5,2.66,0.0,0.3,15.96,2.5,0.0
1,2021-11-01 02:19:01,2021-11-01 02:40:52,1.0,5.6,1.0,N,79,238,1,20.0,3.0,0.5,4.75,0.0,0.3,28.55,2.5,0.0
1,2021-11-01 02:59:04,2021-11-01 03:20:42,1.0,5.5,1.0,N,68,80,1,20.0,3.0,0.5,4.75,0.0,0.3,28.55,2.5,0.0
1,2021-11-01 02:54:19,2021-11-01 03:20:13,1.0,9.6,1.0,N,132,39,2,30.0,1.75,0.5,0.0,0.0,0.3,32.55,0.0,1.25
2,2021-11-01 02:03:55,2021-11-01 02:08:16,1.0,0.59,1.0,N,234,249,1,5.0,0.5,0.5,2.2,0.0,0.3,11.0,2.5,0.0
2,2021-11-01 02:36:53,2021-11-01 02:49:55,2.0,4.05,1.0,N,148,141,1,13.5,0.5,0.5,3.46,0.0,0.3,20.76,2.5,0.0
2,2021-11-01 02:51:03,2021-11-01 03:07:58,1.0,7.0,1.0,N,141,243,1,21.5,0.5,0.5,1.0,0.0,0.3,26.3,2.5,0.0
2,2021-11-01 02:04:58,2021-11-01 02:16:20,1.0,1.71,1.0,N,144,90,2,7.0,0.5,0.5,0.0,0.0,0.3,10.8,2.5,0.0
2,2021-11-01 02:33:01,2021-11-01 02:54:25,1.0,2.56,1.0,N,90,234,1,13.5,0.5,0.5,0.0,0.0,0.3,17.3,2.5,0.0
2,2021-11-01 02:00:17,2021-11-01 02:26:01,1.0,5.8,1.0,N,148,239,1,22.0,0.5,0.5,4.0,0.0,0.3,29.8,2.5,0.0
2,2021-11-01 01:59:19,2021-11-01 02:28:00,1.0,10.69,1.0,N,132,37,1,31.5,0.5,0.5,0.0,0.0,0.3,34.05,0.0,1.25
2,2021-11-01 02:52:45,2021-11-01 03:07:21,1.0,9.32,1.0,N,233,138,1,26.0,0.5,0.5,7.27,6.55,0.3,43.62,2.5,0.0
1,2021-11-01 02:31:39,2021-11-01 02:37:15,0.0,0.9,1.0,N,100,48,1,6.0,3.0,0.5,2.9,0.0,0.3,12.7,2.5,0.0
1,2021-11-01 02:59:14,2021-11-01 03:06:10,0.0,1.6,1.0,N,249,68,1,7.0,3.0,0.5,3.2,0.0,0.3,14.0,2.5,0.0
2,2021-11-01 02:21:32,2021-11-01 02:36:00,2.0,2.66,1.0,N,68,148,1,12.5,0.5,0.5,3.26,0.0,0.3,19.56,2.5,0.0
2,2021-11-01 02:42:01,2021-11-01 02:49:11,1.0,2.33,1.0,N,79,162,1,9.0,0.5,0.5,3.2,0.0,0.3,16.0,2.5,0.0
1,2021-11-01 02:02:53,2021-11-01 02:08:07,1.0,1.8,1.0,N,48,68,2,7.0,3.0,0.5,0.0,0.0,0.3,10.8,2.5,0.0
1,2021-11-01 02:13:40,2021-11-01 02:19:32,2.0,1.1,1.0,N,249,144,1,6.0,3.0,0.5,2.0,0.0,0.3,11.8,2.5,0.0
1,2021-11-01 02:23:45,2021-11-01 02:28:22,1.0,0.7,1.0,N,114,79,1,5.0,3.0,0.5,1.75,0.0,0.3,10.55,2.5,0.0
1,2021-11-01 02:29:58,2021-11-01 02:33:50,2.0,0.7,1.0,N,79,79,1,5.0,3.0,0.5,1.75,0.0,0.3,10.55,2.5,0.0
1,2021-11-01 02:53:21,2021-11-01 03:34:07,2.0,18.7,1.0,Y,249,56,2,53.0,3.0,0.5,0.0,0.0,0.3,56.8,2.5,0.0
2,2021-11-01 02:35:43,2021-11-01 02:46:10,1.0,2.22,1.0,N,164,79,1,10.0,0.5,0.5,2.76,0.0,0.3,16.56,2.5,0.0
2,2021-11-01 02:49:14,2021-11-01 03:01:42,1.0,3.69,1.0,N,79,163,1,13.0,0.5,0.5,3.36,0.0,0.3,20.16,2.5,0.0
2,2021-11-01 02:35:09,2021-11-01 02:40:03,1.0,0.98,1.0,N,186,249,1,5.5,0.5,0.5,0.93,0.0,0.3,10.23,2.5,0.0
2,2021-11-01 02:42:14,2021-11-01 02:55:09,1.0,2.54,1.0,N,249,232,1,11.0,0.5,0.5,1.0,0.0,0.3,15.8,2.5,0.0
1,2021-11-01 02:41:21,2021-11-01 02:46:29,1.0,1.6,1.0,N,163,140,1,6.5,3.0,0.5,1.0,0.0,0.3,11.3,2.5,0.0
1,2021-11-01 02:58:31,2021-11-01 03:06:42,0.0,2.4,1.0,N,148,256,2,10.0,3.0,0.5,0.0,0.0,0.3,13.8,2.5,0.0
2,2021-11-01 02:21:54,2021-11-01 02:30:45,1.0,0.86,5.0,N,90,107,1,10.0,0.0,0.0,150.0,0.0,0.3,162.8,2.5,0.0
2,2021-11-01 02:08:08,2021-11-01 02:12:26,1.0,0.95,1.0,N,230,50,1,5.5,0.5,0.5,1.86,0.0,0.3,11.16,2.5,0.0
2,2021-11-01 02:17:08,2021-11-01 02:22:08,2.0,1.28,1.0,N,48,164,1,6.0,0.5,0.5,1.0,0.0,0.3,10.8,2.5,0.0
2,2021-11-01 02:32:09,2021-11-01 02:40:25,4.0,1.17,1.0,N,114,148,1,7.5,0.5,0.5,2.26,0.0,0.3,13.56,2.5,0.0
2,2021-11-01 02:42:27,2021-11-01 03:10:29,1.0,7.19,1.0,N,148,151,1,26.0,0.5,0.5,5.0,0.0,0.3,34.8,2.5,0.0
1,2021-11-01 03:47:31,2021-11-01 03:53:33,1.0,1.7,1.0,N,238,142,1,7.5,3.0,0.5,1.0,0.0,0.3,12.3,2.5,0.0
1,2021-11-01 03:56:30,2021-11-01 04:03:25,1.0,0.7,1.0,N,163,48,1,5.0,3.0,0.5,1.75,0.0,0.3,10.55,2.5,0.0
1,2021-11-01 03:33:56,2021-11-01 04:20:28,1.0,12.2,1.0,N,113,223,2,40.0,3.0,0.5,0.0,6.55,0.3,50.35,2.5,0.0
2,2021-11-01 03:07:21,2021-11-01 03:12:12,6.0,1.3,1.0,N,90,113,1,6.0,0.5,0.5,2.94,0.0,0.3,12.74,2.5,0.0
2,2021-11-01 03:17:32,2021-11-01 03:24:31,6.0,1.6,1.0,N,234,230,1,7.5,0.5,0.5,2.26,0.0,0.3,13.56,2.5,0.0
2,2021-11-01 03:25:33,2021-11-01 03:31:48,5.0,1.25,1.0,N,230,164,2,6.5,0.5,0.5,0.0,0.0,0.3,10.3,2.5,0.0
2,2021-11-01 03:42:10,2021-11-01 04:02:44,5.0,10.08,1.0,N,100,138,1,30.0,0.5,0.5,8.07,6.55,0.3,48.42,2.5,0.0
2,2021-11-01 21:05:35,2021-11-01 21:28:50,1.0,10.99,1.0,N,138,230,1,32.5,0.5,0.5,11.02,6.55,0.3,55.12,2.5,1.25
2,2021-11-01 03:15:37,2021-11-01 03:29:09,1.0,4.6,1.0,N,79,239,1,15.0,0.5,0.5,3.76,0.0,0.3,22.56,2.5,0.0
1,2021-11-01 03:39:03,2021-11-01 03:40:08,1.0,0.2,1.0,N,140,262,1,3.0,3.0,0.5,1.35,0.0,0.3,8.15,2.5,0.0
1,2021-11-01 03:24:55,2021-11-01 03:38:11,1.0,8.1,1.0,N,244,208,1,23.5,0.5,0.5,4.95,0.0,0.3,29.75,0.0,0.0
2,2021-11-01 03:40:38,2021-11-01 03:45:24,1.0,1.54,1.0,N,79,137,1,6.5,0.5,0.5,2.06,0.0,0.3,12.36,2.5,0.0
2,2021-11-01 03:59:07,2021-11-01 04:15:20,1.0,10.02,1.0,N,137,228,2,28.0,0.5,0.5,0.0,0.0,0.3,31.8,2.5,0.0
1,2021-11-01 03:50:52,2021-11-01 04:34:39,1.0,20.6,2.0,N,132,230,2,52.0,3.75,0.5,0.0,0.0,0.3,56.55,2.5,1.25
2,2021-11-01 03:35:45,2021-11-01 03:50:30,2.0,1.55,1.0,N,249,232,1,11.0,0.5,0.5,1.0,0.0,0.3,15.8,2.5,0.0
2,2021-11-01 03:10:30,2021-11-01 03:36:09,1.0,11.84,1.0,N,132,39,1,35.0,0.5,0.5,7.51,0.0,0.3,45.06,0.0,1.25
2,2021-11-01 03:34:52,2021-11-01 03:47:06,1.0,3.5,1.0,N,164,239,1,12.5,0.5,0.5,2.44,0.0,0.3,18.74,2.5,0.0
2,2021-11-01 02:58:13,2021-11-01 03:26:19,5.0,18.32,1.0,N,132,78,2,50.0,0.5,0.5,0.0,6.55,0.3,59.1,0.0,1.25
1,2021-11-01 03:24:05,2021-11-01 03:45:03,2.0,6.5,1.0,N,148,238,1,21.0,3.0,0.5,0.0,0.0,0.3,24.8,2.5,0.0
2,2021-11-01 03:12:03,2021-11-01 03:19:54,1.0,2.48,1.0,N,48,141,1,9.5,0.5,0.5,0.0,0.0,0.3,13.3,2.5,0.0
2,2021-11-01 03:30:15,2021-11-01 03:42:37,1.0,3.48,1.0,N,239,41,1,12.5,0.5,0.5,4.08,0.0,0.3,20.38,2.5,0.0
2,2021-11-01 03:22:29,2021-11-01 03:35:11,6.0,2.72,1.0,N,107,48,1,12.0,0.5,0.5,2.0,0.0,0.3,17.8,2.5,0.0
1,2021-11-01 03:01:08,2021-11-01 03:05:36,2.0,1.2,1.0,N,239,238,1,6.0,3.0,0.5,1.95,0.0,0.3,11.75,2.5,0.0
1,2021-11-01 03:43:40,2021-11-01 03:45:43,2.0,0.5,1.0,N,229,229,1,3.5,3.0,0.5,1.45,0.0,0.3,8.75,2.5,0.0
1,2021-11-01 03:04:53,2021-11-01 03:19:41,1.0,2.1,1.0,N,246,233,1,11.5,3.0,0.5,2.5,0.0,0.3,17.8,2.5,0.0
1,2021-11-01 03:23:39,2021-11-01 03:29:39,1.0,2.0,1.0,N,162,263,1,7.5,3.0,0.5,2.8,0.0,0.3,14.1,2.5,0.0
1,2021-11-01 03:13:14,2021-11-01 03:30:25,1.0,2.5,1.0,N,137,100,2,13.0,3.0,0.5,0.0,0.0,0.3,16.8,2.5,0.0
1,2021-11-01 03:37:13,2021-11-01 04:03:52,1.0,7.1,1.0,N,161,116,2,24.0,3.0,0.5,0.0,0.0,0.3,27.8,2.5,0.0
2,2021-11-01 03:51:08,2021-11-01 04:15:40,1.0,4.9,1.0,N,79,37,1,20.0,0.5,0.5,44.14,0.0,0.3,67.94,2.5,0.0
2,2021-11-01 03:25:24,2021-11-01 03:34:07,1.0,1.28,1.0,N,163,141,1,7.5,0.5,0.5,2.26,0.0,0.3,13.56,2.5,0.0
1,2021-11-01 03:02:28,2021-11-01 03:14:05,1.0,3.4,1.0,N,263,50,2,12.5,3.0,0.5,0.0,0.0,0.3,16.3,2.5,0.0
1,2021-11-01 03:26:25,2021-11-01 03:33:42,3.0,1.6,1.0,N,68,114,1,7.0,3.0,0.5,2.15,0.0,0.3,12.95,2.5,0.0
1,2021-11-01 03:41:57,2021-11-01 03:48:39,1.0,2.4,1.0,N,249,48,1,8.5,3.0,0.5,2.45,0.0,0.3,14.75,2.5,0.0
1,2021-11-01 03:57:59,2021-11-01 04:05:03,1.0,2.1,1.0,N,100,114,1,8.5,3.0,0.5,2.45,0.0,0.3,14.75,2.5,0.0
2,2021-11-01 03:17:19,2021-11-01 03:31:27,1.0,6.79,1.0,N,48,116,1,20.5,0.5,0.5,6.08,0.0,0.3,30.38,2.5,0.0
2,2021-11-01 03:16:56,2021-11-01 03:21:32,1.0,1.47,1.0,N,79,137,1,6.5,0.5,0.5,2.06,0.0,0.3,12.36,2.5,0.0
2,2021-11-01 03:29:30,2021-11-01 03:48:02,1.0,6.07,1.0,N,79,179,1,20.0,0.5,0.5,4.76,0.0,0.3,28.56,2.5,0.0
2,2021-11-01 03:25:09,2021-11-01 03:27:46,6.0,1.11,1.0,N,237,263,1,5.0,0.5,0.5,1.0,0.0,0.3,9.8,2.5,0.0
2,2021-11-01 03:58:19,2021-11-01 04:05:04,6.0,1.55,1.0,N,163,170,1,7.5,0.5,0.5,2.26,0.0,0.3,13.56,2.5,0.0
2,2021-11-01 03:11:38,2021-11-01 03:29:39,1.0,12.1,1.0,N,132,129,1,33.0,0.5,0.5,5.0,0.0,0.3,40.55,0.0,1.25
2,2021-11-01 03:24:43,2021-11-01 03:32:09,1.0,1.69,1.0,N,17,61,1,8.0,0.5,0.5,1.86,0.0,0.3,11.16,0.0,0.0
2,2021-11-01 03:17:44,2021-11-01 03:23:51,1.0,1.28,1.0,N,100,234,2,6.5,0.5,0.5,0.0,0.0,0.3,10.3,2.5,0.0
2,2021-11-01 03:36:04,2021-11-01 03:49:24,1.0,2.72,1.0,N,230,79,1,11.5,0.5,0.5,3.06,0.0,0.3,18.36,2.5,0.0
2,2021-11-01 03:17:37,2021-11-01 03:36:58,1.0,5.73,1.0,N,79,238,1,19.0,0.5,0.5,0.0,0.0,0.3,22.8,2.5,0.0
2,2021-11-01 03:46:23,2021-11-01 03:55:16,1.0,1.43,1.0,N,48,229,1,8.0,0.5,0.5,0.0,0.0,0.3,11.8,2.5,0.0
2,2021-11-01 03:01:46,2021-11-01 03:06:16,1.0,1.01,1.0,N,246,246,1,5.5,0.5,0.5,1.86,0.0,0.3,11.16,2.5,0.0
2,2021-11-01 03:10:53,2021-11-01 03:24:29,1.0,3.0,1.0,N,246,229,1,12.0,0.5,0.5,2.0,0.0,0.3,17.8,2.5,0.0
2,2021-11-01 03:43:42,2021-11-01 03:53:14,1.0,1.98,1.0,N,48,229,1,9.0,0.5,0.5,1.5,0.0,0.3,14.3,2.5,0.0
2,2021-11-01 03:57:45,2021-11-01 04:02:40,1.0,0.81,1.0,N,141,263,2,5.5,0.5,0.5,0.0,0.0,0.3,9.3,2.5,0.0
1,2021-11-01 03:06:33,2021-11-01 03:17:45,1.0,2.2,1.0,N,234,229,1,10.0,3.0,0.5,2.75,0.0,0.3,16.55,2.5,0.0
1,2021-11-01 03:35:04,2021-11-01 03:49:15,1.0,3.3,1.0,N,79,66,1,13.5,3.0,0.5,0.0,0.0,0.3,17.3,2.5,0.0
1,2021-11-01 03:12:56,2021-11-01 03:22:12,1.0,2.5,1.0,N,142,233,1,10.0,3.0,0.5,2.75,0.0,0.3,16.55,2.5,0.0
2,2021-11-01 03:51:40,2021-11-01 04:09:15,1.0,5.55,1.0,N,230,87,1,19.5,0.5,0.5,4.66,0.0,0.3,27.96,2.5,0.0
2,2021-11-01 03:05:43,2021-11-01 03:18:49,1.0,2.05,1.0,N,162,79,1,8.5,0.5,0.5,80.8,0.0,0.3,93.1,2.5,0.0
2,2021-11-01 03:34:00,2021-11-01 03:52:02,1.0,3.72,1.0,N,113,234,2,15.0,0.5,0.5,0.0,0.0,0.3,18.8,2.5,0.0
2,2021-11-01 04:00:42,2021-11-01 04:00:45,1.0,0.0,5.0,N,264,264,1,100.0,0.0,0.5,30.24,0.0,0.3,131.04,0.0,0.0
2,2021-11-01 03:04:44,2021-11-01 03:09:42,1.0,0.92,1.0,N,68,249,1,5.5,0.5,0.5,1.86,0.0,0.3,11.16,2.5,0.0
1,2021-11-01 03:56:06,2021-11-01 04:02:01,1.0,1.9,1.0,N,148,170,1,7.5,3.0,0.5,2.26,0.0,0.3,13.56,2.5,0.0
1,2021-11-01 03:20:14,2021-11-01 03:29:55,1.0,3.7,1.0,N,148,233,2,12.5,3.0,0.5,0.0,0.0,0.3,16.3,2.5,0.0
1,2021-11-01 03:15:22,2021-11-01 03:41:07,1.0,13.3,1.0,N,68,200,2,38.5,3.0,0.5,0.0,3.0,0.3,45.3,2.5,0.0
2,2021-11-01 03:53:59,2021-11-01 04:11:18,1.0,5.7,1.0,N,43,261,1,18.0,0.5,0.5,2.0,0.0,0.3,23.8,2.5,0.0
1,2021-11-01 03:18:47,2021-11-01 03:45:56,2.0,17.1,5.0,N,161,265,1,65.0,0.0,0.0,0.0,0.0,0.3,65.3,0.0,0.0
2,2021-11-01 03:17:02,2021-11-01 03:21:47,3.0,1.46,1.0,N,79,137,1,6.5,0.5,0.5,2.06,0.0,0.3,12.36,2.5,0.0
2,2021-11-01 03:30:12,2021-11-01 03:50:12,1.0,6.08,1.0,N,90,179,1,20.0,0.5,0.5,4.76,0.0,0.3,28.56,2.5,0.0
2,2021-11-01 03:58:28,2021-11-01 04:07:27,1.0,0.6,1.0,N,146,193,2,5.5,0.5,0.5,0.0,0.0,0.3,6.8,0.0,0.0
2,2021-11-01 03:01:10,2021-11-01 03:24:49,3.0,6.09,1.0,N,148,239,1,21.5,0.5,0.5,3.8,0.0,0.3,29.1,2.5,0.0
2,2021-11-01 03:35:04,2021-11-01 03:48:53,2.0,5.4,1.0,N,68,166,1,17.5,0.5,0.5,5.33,0.0,0.3,26.63,2.5,0.0
2,2021-11-01 03:53:48,2021-11-01 03:57:50,1.0,1.06,1.0,N,151,239,2,5.5,0.5,0.5,0.0,0.0,0.3,9.3,2.5,0.0
2,2021-11-01 03:13:34,2021-11-01 03:18:54,1.0,1.08,1.0,N,90,158,2,5.5,0.5,0.5,0.0,0.0,0.3,9.3,2.5,0.0
2,2021-11-01 03:55:47,2021-11-01 04:10:03,1.0,3.5,1.0,N,166,119,1,13.5,0.5,0.5,3.7,0.0,0.3,18.5,0.0,0.0
1,2021-11-01 03:08:40,2021-11-01 03:25:42,1.0,3.4,1.0,N,79,48,1,15.0,3.0,0.5,8.0,0.0,0.3,26.8,2.5,0.0
2,2021-11-01 03:08:43,2021-11-01 03:15:10,1.0,1.2,1.0,N,90,114,2,6.5,0.5,0.5,0.0,0.0,0.3,10.3,2.5,0.0
2,2021-11-01 03:22:26,2021-11-01 03:36:29,1.0,2.43,1.0,N,114,100,2,11.5,0.5,0.5,0.0,0.0,0.3,15.3,2.5,0.0
2,2021-11-01 03:38:49,2021-11-01 04:12:01,1.0,18.57,2.0,N,100,132,1,52.0,0.0,0.5,11.06,0.0,0.3,66.36,2.5,0.0
2,2021-11-01 02:52:52,2021-11-01 03:08:48,3.0,4.67,1.0,N,125,141,1,15.5,0.5,0.5,3.0,0.0,0.3,22.3,2.5,0.0
1,2021-11-01 03:17:00,2021-11-01 03:34:52,2.0,5.2,1.0,N,249,263,1,17.5,3.0,0.5,4.25,0.0,0.3,25.55,2.5,0.0
1,2021-11-01 03:55:51,2021-11-01 04:01:38,2.0,0.8,1.0,N,114,144,1,5.5,3.0,0.5,1.85,0.0,0.3,11.15,2.5,0.0
1,2021-11-01 03:07:11,2021-11-01 03:42:28,1.0,21.1,1.0,N,132,126,1,56.5,1.75,0.5,0.0,6.55,0.3,65.6,0.0,1.25
2,2021-11-01 03:21:30,2021-11-01 03:29:44,1.0,3.01,1.0,N,79,141,1,10.0,0.5,0.5,4.14,0.0,0.3,17.94,2.5,0.0
2,2021-11-01 03:55:40,2021-11-01 04:25:39,4.0,15.38,5.0,N,164,218,1,57.5,0.0,0.0,0.0,6.55,0.3,66.85,2.5,0.0
2,2021-11-01 03:38:47,2021-11-01 04:02:44,3.0,6.53,1.0,N,234,223,2,22.0,0.5,0.5,0.0,0.0,0.3,25.8,2.5,0.0
1,2021-11-01 03:24:30,2021-11-01 03:27:27,1.0,1.1,1.0,N,186,107,1,5.0,3.0,0.5,1.0,0.0,0.3,9.8,2.5,0.0
1,2021-11-01 03:59:08,2021-11-01 04:05:45,2.0,2.7,1.0,N,137,148,1,9.5,3.0,0.5,3.3,0.0,0.3,16.6,2.5,0.0
1,2021-11-01 03:19:19,2021-11-01 03:23:33,1.0,0.8,1.0,N,125,144,1,5.0,3.0,0.5,1.75,0.0,0.3,10.55,2.5,0.0
1,2021-11-01 03:37:15,2021-11-01 03:49:33,2.0,3.7,1.0,N,249,229,2,12.5,3.0,0.5,0.0,0.0,0.3,16.3,2.5,0.0
1,2021-11-01 03:04:36,2021-11-01 03:16:03,1.0,3.6,1.0,N,48,41,1,12.5,3.0,0.5,0.0,0.0,0.3,16.3,2.5,0.0
1,2021-11-01 03:27:53,2021-11-01 03:32:24,2.0,0.6,1.0,N,48,143,1,5.0,3.0,0.5,1.0,0.0,0.3,9.8,2.5,0.0
1,2021-11-01 03:53:16,2021-11-01 03:59:04,1.0,1.1,1.0,N,246,48,1,6.0,3.0,0.5,2.9,0.0,0.3,12.7,2.5,0.0
1,2021-11-01 03:37:26,2021-11-01 03:51:15,1.0,3.6,1.0,Y,50,224,1,13.5,3.0,0.5,3.45,0.0,0.3,20.75,2.5,0.0
2,2021-11-01 03:36:47,2021-11-01 03:49:28,1.0,3.51,1.0,N,141,68,1,12.5,0.5,0.5,3.26,0.0,0.3,19.56,2.5,0.0
1,2021-11-01 03:04:35,2021-11-01 03:11:08,1.0,1.8,1.0,Y,90,48,1,7.5,3.0,0.5,0.0,0.0,0.3,11.3,2.5,0.0
1,2021-11-01 03:13:19,2021-11-01 03:22:38,1.0,5.0,1.0,N,48,166,1,15.5,3.0,0.5,3.85,0.0,0.3,23.15,2.5,0.0
2,2021-11-01 03:20:29,2021-11-01 03:23:00,1.0,0.44,1.0,N,198,198,1,4.0,0.5,0.5,1.0,0.0,0.3,6.3,0.0,0.0
2,2021-11-01 03:33:01,2021-11-01 03:58:08,1.0,6.23,1.0,N,37,158,1,22.0,0.5,0.5,0.0,0.0,0.3,25.8,2.5,0.0
2,2021-11-01 03:59:14,2021-11-01 04:05:58,1.0,1.49,1.0,N,79,125,1,7.5,0.5,0.5,3.0,0.0,0.3,14.3,2.5,0.0
2,2021-11-01 03:07:41,2021-11-01 03:18:22,1.0,2.17,1.0,N,48,170,2,9.5,0.5,0.5,0.0,0.0,0.3,13.3,2.5,0.0
2,2021-11-01 03:23:50,2021-11-01 03:23:57,2.0,0.0,5.0,N,170,264,1,13.0,0.0,0.5,4.89,0.0,0.3,21.19,2.5,0.0
2,2021-11-01 03:50:45,2021-11-01 04:26:20,1.0,21.24,1.0,N,230,210,1,58.0,0.5,0.5,12.36,0.0,0.3,74.16,2.5,0.0
2,2021-11-01 03:59:31,2021-11-01 04:11:15,1.0,2.61,1.0,N,79,68,2,10.5,0.5,0.5,0.0,0.0,0.3,14.3,2.5,0.0
1,2021-11-01 03:57:48,2021-11-01 04:00:54,1.0,0.5,1.0,N,148,232,2,4.5,3.0,0.5,0.0,0.0,0.3,8.3,2.5,0.0
2,2021-11-01 03:21:26,2021-11-01 03:36:01,1.0,9.79,1.0,N,132,39,2,27.5,0.5,0.5,0.0,0.0,0.3,30.05,0.0,1.25
1,2021-11-01 03:15:11,2021-11-01 03:38:01,3.0,6.7,1.0,N,90,257,1,22.0,3.0,0.5,5.15,0.0,0.3,30.95,2.5,0.0
1,2021-11-01 03:16:01,2021-11-01 03:28:43,2.0,3.0,1.0,N,186,232,1,12.0,3.0,0.5,3.15,0.0,0.3,18.95,2.5,0.0
1,2021-11-01 03:56:16,2021-11-01 04:20:12,1.0,11.4,1.0,N,114,127,2,33.0,3.0,0.5,0.0,0.0,0.3,36.8,2.5,0.0
1,2021-11-01 03:42:27,2021-11-01 04:11:40,1.0,6.5,1.0,N,90,61,1,24.5,3.0,0.5,5.65,0.0,0.3,33.95,2.5,0.0
2,2021-11-01 03:28:47,2021-11-01 03:34:05,2.0,1.88,1.0,N,246,48,2,7.5,0.5,0.5,0.0,0.0,0.3,11.3,2.5,0.0
2,2021-11-01 03:44:38,2021-11-01 03:49:19,2.0,0.7,1.0,N,246,68,1,5.5,0.5,0.5,2.0,0.0,0.3,11.3,2.5,0.0
2,2021-11-01 03:52:04,2021-11-01 03:55:01,2.0,1.05,1.0,N,68,48,1,5.0,0.5,0.5,2.64,0.0,0.3,11.44,2.5,0.0
2,2021-11-01 03:14:45,2021-11-01 03:22:48,1.0,1.45,1.0,N,107,90,1,8.0,0.5,0.5,5.0,0.0,0.3,16.8,2.5,0.0
2,2021-11-01 03:32:00,2021-11-01 03:35:36,1.0,0.63,1.0,N,114,158,1,4.5,0.5,0.5,1.66,0.0,0.3,9.96,2.5,0.0
2,2021-11-01 03:38:31,2021-11-01 03:47:42,1.0,3.41,1.0,N,249,142,1,11.0,0.5,0.5,2.96,0.0,0.3,17.76,2.5,0.0
2,2021-11-01 03:54:44,2021-11-01 04:04:17,1.0,3.74,1.0,N,48,166,1,12.0,0.5,0.5,3.16,0.0,0.3,18.96,2.5,0.0
2,2021-11-01 03:18:25,2021-11-01 03:18:28,1.0,0.01,5.0,N,264,264,1,20.0,0.0,0.5,5.2,0.0,0.3,26.0,0.0,0.0
2,2021-11-01 03:21:33,2021-11-01 03:24:58,1.0,1.13,1.0,N,230,186,1,5.5,0.5,0.5,1.86,0.0,0.3,11.16,2.5,0.0
2,2021-11-01 03:26:47,2021-11-01 03:29:53,1.0,1.29,1.0,N,164,163,1,5.5,0.5,0.5,1.5,0.0,0.3,10.8,2.5,0.0
2,2021-11-01 03:35:27,2021-11-01 03:39:41,1.0,2.3,5.0,N,237,264,1,20.0,0.0,0.5,4.16,0.0,0.3,24.96,0.0,0.0
2,2021-11-01 03:09:13,2021-11-01 03:26:34,1.0,7.32,1.0,N,132,130,2,23.0,0.5,0.5,0.0,0.0,0.3,25.55,0.0,1.25
1,2021-11-01 03:12:11,2021-11-01 03:16:38,1.0,1.2,1.0,N,137,90,1,5.5,3.0,0.5,1.85,0.0,0.3,11.15,2.5,0.0
1,2021-11-01 03:18:40,2021-11-01 03:40:40,3.0,5.4,1.0,N,234,166,1,20.0,3.0,0.5,4.75,0.0,0.3,28.55,2.5,0.0
1,2021-11-01 03:45:09,2021-11-01 03:50:17,2.0,1.2,1.0,N,151,239,1,6.0,3.0,0.5,1.95,0.0,0.3,11.75,2.5,0.0
2,2021-11-01 03:50:02,2021-11-01 04:18:57,1.0,23.05,1.0,N,132,25,1,60.5,0.5,0.5,12.61,0.0,0.3,75.66,0.0,1.25
1,2021-11-01 03:17:23,2021-11-01 03:21:59,1.0,1.4,1.0,Y,162,140,1,6.5,3.0,0.5,2.05,0.0,0.3,12.35,2.5,0.0
1,2021-11-01 03:27:59,2021-11-01 03:31:21,1.0,0.4,1.0,N,141,43,2,4.5,3.0,0.5,0.0,0.0,0.3,8.3,2.5,0.0
1,2021-11-01 03:45:36,2021-11-01 03:57:27,2.0,2.3,1.0,N,68,107,1,11.0,3.0,0.5,1.0,0.0,0.3,15.8,2.5,0.0
2,2021-11-01 03:07:03,2021-11-01 03:40:00,1.0,15.1,1.0,N,132,37,2,44.5,0.5,0.5,0.0,0.0,0.3,47.05,0.0,1.25
2,2021-11-01 03:06:05,2021-11-01 03:10:21,1.0,1.4,1.0,N,263,140,1,6.0,0.5,0.5,1.47,0.0,0.3,11.27,2.5,0.0
2,2021-11-01 03:32:57,2021-11-01 03:37:15,1.0,1.27,1.0,N,79,79,1,6.0,0.5,0.5,1.96,0.0,0.3,11.76,2.5,0.0
2,2021-11-01 03:51:30,2021-11-01 04:00:45,1.0,1.96,1.0,N,79,164,2,9.0,0.5,0.5,0.0,0.0,0.3,12.8,2.5,0.0
2,2021-11-01 03:29:40,2021-11-01 03:47:35,2.0,6.05,1.0,N,226,151,1,19.5,0.5,0.5,0.0,0.0,0.3,23.3,2.5,0.0
1,2021-11-01 03:51:51,2021-11-01 04:06:12,1.0,7.6,1.0,N,132,76,3,22.0,1.75,0.5,0.0,0.0,0.3,24.55,0.0,1.25
2,2021-11-01 03:50:52,2021-11-01 04:19:12,1.0,7.31,1.0,N,234,223,1,26.0,0.5,0.5,7.45,0.0,0.3,37.25,2.5,0.0
2,2021-11-01 03:38:22,2021-11-01 03:52:29,1.0,0.85,1.0,N,163,264,2,6.0,0.5,0.5,0.0,0.0,0.3,9.8,2.5,0.0
2,2021-11-01 03:53:27,2021-11-01 03:55:46,1.0,0.63,1.0,N,48,50,1,4.0,0.5,0.5,1.56,0.0,0.3,9.36,2.5,0.0
2,2021-11-01 03:58:08,2021-11-01 04:18:05,2.0,10.04,1.0,N,48,138,1,29.0,0.5,0.5,7.87,6.55,0.3,47.22,2.5,0.0
1,2021-11-01 03:18:46,2021-11-01 03:36:05,2.0,7.5,1.0,N,132,258,2,23.0,1.75,0.5,0.0,0.0,0.3,25.55,0.0,1.25
1,2021-11-01 03:16:34,2021-11-01 03:41:30,1.0,14.8,1.0,N,132,89,2,41.0,1.75,0.5,0.0,0.0,0.3,43.55,0.0,1.25
2,2021-11-01 03:26:14,2021-11-01 03:37:43,2.0,4.22,1.0,N,68,238,1,13.5,0.5,0.5,2.0,0.0,0.3,19.3,2.5,0.0
2,2021-11-01 03:44:36,2021-11-01 04:00:21,1.0,5.22,1.0,N,48,7,1,17.0,0.5,0.5,2.5,0.0,0.3,23.3,2.5,0.0
2,2021-11-01 03:15:48,2021-11-01 03:20:23,1.0,1.07,1.0,N,234,79,1,5.5,0.5,0.5,2.33,0.0,0.3,11.63,2.5,0.0
2,2021-11-01 03:25:07,2021-11-01 03:33:45,1.0,2.87,1.0,N,79,65,1,10.5,0.5,0.5,2.86,0.0,0.3,17.16,2.5,0.0
2,2021-11-01 03:46:11,2021-11-01 04:00:28,1.0,3.67,1.0,N,211,50,2,14.0,0.5,0.5,0.0,0.0,0.3,17.8,2.5,0.0
2,2021-11-01 03:27:41,2021-11-01 03:27:54,1.0,0.0,5.0,N,24,166,1,66.0,0.0,0.0,19.89,0.0,0.3,86.19,0.0,0.0
2,2021-11-01 03:29:12,2021-11-01 03:37:27,1.0,2.1,1.0,N,166,143,2,-9.0,-0.5,-0.5,0.0,0.0,-0.3,-12.8,-2.5,0.0
2,2021-11-01 03:29:12,2021-11-01 03:37:27,1.0,2.1,1.0,N,166,143,2,9.0,0.5,0.5,0.0,0.0,0.3,12.8,2.5,0.0
1,2021-11-01 03:03:59,2021-11-01 03:13:50,1.0,1.9,1.0,N,249,48,1,9.0,3.0,0.5,2.55,0.0,0.3,15.35,2.5,0.0
2,2021-11-01 03:36:54,2021-11-01 03:40:43,1.0,1.03,1.0,N,90,249,1,5.0,0.5,0.5,1.76,0.0,0.3,10.56,2.5,0.0
2,2021-11-01 03:54:30,2021-11-01 03:57:27,1.0,1.25,1.0,N,141,263,1,5.5,0.5,0.5,1.4,0.0,0.3,10.7,2.5,0.0
2,2021-11-01 03:58:27,2021-11-01 04:01:51,1.0,0.82,1.0,N,263,75,1,5.0,0.5,0.5,1.5,0.0,0.3,10.3,2.5,0.0
2,2021-11-01 03:11:57,2021-11-01 03:19:56,3.0,2.17,1.0,N,107,229,1,9.0,0.5,0.5,2.56,0.0,0.3,15.36,2.5,0.0
2,2021-11-01 03:04:47,2021-11-01 03:12:29,1.0,1.4,1.0,N,90,114,1,7.0,0.5,0.5,1.0,0.0,0.3,11.8,2.5,0.0
2,2021-11-01 03:16:05,2021-11-01 03:21:39,1.0,1.11,1.0,N,114,79,1,6.0,0.5,0.5,2.0,0.0,0.3,11.8,2.5,0.0
2,2021-11-01 03:23:16,2021-11-01 03:43:12,2.0,10.2,1.0,N,79,244,1,29.5,0.5,0.5,0.0,0.0,0.3,33.3,2.5,0.0
1,2021-11-01 03:11:40,2021-11-01 03:32:26,1.0,7.5,1.0,N,132,218,1,23.0,1.75,0.5,0.0,0.0,0.3,25.55,0.0,1.25
2,2021-11-01 03:57:29,2021-11-01 04:18:14,1.0,4.84,1.0,N,234,41,1,18.0,0.5,0.5,4.36,0.0,0.3,26.16,2.5,0.0
2,2021-11-01 03:02:50,2021-11-01 03:11:10,1.0,1.93,1.0,N,79,90,1,8.5,0.5,0.5,2.46,0.0,0.3,14.76,2.5,0.0
2,2021-11-01 03:16:10,2021-11-01 03:38:26,1.0,12.59,1.0,N,234,134,1,35.5,0.5,0.5,2.0,6.55,0.3,47.85,2.5,0.0
1,2021-11-01 03:03:54,2021-11-01 03:17:25,1.0,7.2,1.0,N,48,244,1,21.5,3.0,0.5,5.05,0.0,0.3,30.35,2.5,0.0
1,2021-11-01 03:22:04,2021-11-01 03:25:55,1.0,0.9,1.0,N,244,152,2,5.5,0.5,0.5,0.0,0.0,0.3,6.8,0.0,0.0
1,2021-11-01 03:28:27,2021-11-01 03:45:31,1.0,5.8,1.0,N,152,100,2,20.0,3.0,0.5,0.0,0.0,0.3,23.8,2.5,0.0
1,2021-11-01 03:34:35,2021-11-01 03:42:19,1.0,1.9,1.0,N,186,233,2,8.5,3.0,0.5,0.0,0.0,0.3,12.3,2.5,0.0
2,2021-11-01 03:05:51,2021-11-01 03:20:42,1.0,4.41,1.0,N,141,223,2,15.5,0.5,0.5,0.0,0.0,0.3,19.3,2.5,0.0
2,2021-11-01 03:49:05,2021-11-01 03:52:34,1.0,1.7,1.0,N,146,237,1,6.5,0.5,0.5,2.06,0.0,0.3,12.36,2.5,0.0
2,2021-11-01 03:18:47,2021-11-01 03:30:44,1.0,4.61,1.0,N,158,238,1,14.5,0.5,0.5,2.2,0.0,0.3,20.5,2.5,0.0
2,2021-11-01 03:46:44,2021-11-01 03:56:47,1.0,2.72,1.0,N,246,125,1,10.0,0.5,0.5,2.76,0.0,0.3,16.56,2.5,0.0
2,2021-11-01 03:19:28,2021-11-01 03:35:34,1.0,4.25,1.0,N,79,143,1,15.0,0.5,0.5,2.0,0.0,0.3,20.8,2.5,0.0
2,2021-11-01 03:44:56,2021-11-01 03:52:10,1.0,2.78,5.0,N,143,166,1,11.4,0.0,0.5,1.54,0.0,0.3,16.24,2.5,0.0
1,2021-11-01 03:06:11,2021-11-01 03:13:14,1.0,2.8,1.0,N,236,164,1,9.5,3.0,0.5,2.0,0.0,0.3,15.3,2.5,0.0
1,2021-11-01 03:25:05,2021-11-01 03:26:23,0.0,0.1,1.0,N,90,164,4,2.5,3.0,0.5,0.0,0.0,0.3,6.3,2.5,0.0
2,2021-11-01 03:53:59,2021-11-01 04:13:56,2.0,14.74,1.0,N,132,179,2,40.0,0.5,0.5,0.0,0.0,0.3,42.55,0.0,1.25
2,2021-11-01 03:07:17,2021-11-01 03:15:46,2.0,2.12,1.0,N,230,137,2,9.0,0.5,0.5,0.0,0.0,0.3,12.8,2.5,0.0
2,2021-11-01 03:24:45,2021-11-01 03:28:17,1.0,1.11,1.0,N,233,229,2,5.0,0.5,0.5,0.0,0.0,0.3,8.8,2.5,0.0
2,2021-11-01 03:48:57,2021-11-01 04:05:40,1.0,7.74,1.0,N,48,138,1,24.0,0.5,0.5,8.34,0.0,0.3,36.14,2.5,0.0
2,2021-11-01 03:26:02,2021-11-01 03:35:00,2.0,0.02,1.0,N,107,107,3,-6.5,-0.5,-0.5,0.0,0.0,-0.3,-10.3,-2.5,0.0
2,2021-11-01 03:26:02,2021-11-01 03:35:00,2.0,0.02,1.0,N,107,107,2,6.5,0.5,0.5,0.0,0.0,0.3,10.3,2.5,0.0
1,2021-11-01 03:50:22,2021-11-01 04:15:09,1.0,5.8,1.0,N,114,225,1,21.5,3.0,0.5,6.3,0.0,0.3,31.6,2.5,0.0
1,2021-11-01 03:23:41,2021-11-01 03:40:52,3.0,5.3,1.0,N,79,239,1,17.5,3.0,0.5,1.5,0.0,0.3,22.8,2.5,0.0
2,2021-11-01 03:07:49,2021-11-01 03:31:17,1.0,9.36,1.0,N,162,181,1,29.0,0.5,0.5,8.2,0.0,0.3,41.0,2.5,0.0
2,2021-11-01 03:57:32,2021-11-01 04:36:52,2.0,14.5,1.0,N,107,7,2,44.5,0.5,0.5,0.0,0.0,0.3,48.3,2.5,0.0
2,2021-11-01 03:50:31,2021-11-01 04:20:15,1.0,18.93,2.0,N,132,144,1,52.0,0.0,0.5,11.06,0.0,0.3,67.61,2.5,1.25
1,2021-11-01 03:50:37,2021-11-01 04:16:53,1.0,17.9,2.0,N,132,141,1,52.0,3.75,0.5,12.6,6.55,0.3,75.7,2.5,1.25
2,2021-11-01 03:05:10,2021-11-01 03:07:52,1.0,1.16,1.0,N,79,137,2,5.0,0.5,0.5,0.0,0.0,0.3,8.8,2.5,0.0
2,2021-11-01 03:14:00,2021-11-01 03:22:26,1.0,2.26,1.0,N,230,239,1,9.0,0.5,0.5,2.56,0.0,0.3,15.36,2.5,0.0
2,2021-11-01 03:35:01,2021-11-01 03:57:38,1.0,11.38,1.0,N,68,127,2,33.0,0.5,0.5,0.0,0.0,0.3,36.8,2.5,0.0
2,2021-11-01 03:38:28,2021-11-01 04:01:22,1.0,3.42,1.0,N,234,237,1,17.5,0.5,0.5,4.26,0.0,0.3,25.56,2.5,0.0
1,2021-11-01 03:00:33,2021-11-01 03:22:12,1.0,8.7,1.0,N,249,223,2,26.0,3.0,0.5,0.0,0.0,0.3,29.8,2.5,0.0
1,2021-11-01 03:40:18,2021-11-01 03:59:38,1.0,12.1,1.0,N,237,257,1,34.5,3.0,0.5,7.65,0.0,0.3,45.95,2.5,0.0
2,2021-11-01 03:07:53,2021-11-01 03:27:47,1.0,6.93,1.0,N,249,25,1,22.0,0.5,0.5,5.16,0.0,0.3,30.96,2.5,0.0
2,2021-11-01 03:43:15,2021-11-01 04:08:53,2.0,6.95,1.0,N,249,7,1,24.0,0.5,0.5,5.56,0.0,0.3,33.36,2.5,0.0
1,2021-11-01 03:10:23,2021-11-01 03:24:59,1.0,5.4,1.0,N,125,262,2,17.0,3.0,0.5,0.0,0.0,0.3,20.8,2.5,0.0
2,2021-11-01 03:30:38,2021-11-01 03:42:08,1.0,6.87,1.0,N,100,244,2,20.0,0.5,0.5,0.0,0.0,0.3,23.8,2.5,0.0
1,2021-11-01 03:01:58,2021-11-01 03:04:26,1.0,0.9,1.0,N,90,125,1,4.5,3.0,0.5,1.0,0.0,0.3,9.3,2.5,0.0
1,2021-11-01 03:11:29,2021-11-01 03:15:00,1.0,1.0,1.0,N,246,48,1,5.5,3.0,0.5,1.85,0.0,0.3,11.15,2.5,0.0
1,2021-11-01 03:22:35,2021-11-01 03:26:05,1.0,0.8,1.0,N,246,68,1,5.0,3.0,0.5,2.0,0.0,0.3,10.8,2.5,0.0
1,2021-11-01 03:31:51,2021-11-01 03:35:02,1.0,1.4,1.0,N,246,48,1,6.0,3.0,0.5,1.0,0.0,0.3,10.8,2.5,0.0
1,2021-11-01 03:37:11,2021-11-01 03:47:19,1.0,3.0,1.0,N,48,24,1,11.5,3.0,0.5,3.0,0.0,0.3,18.3,2.5,0.0
1,2021-11-01 03:07:37,2021-11-01 03:33:44,1.0,18.1,1.0,N,132,168,2,48.5,1.75,0.5,0.0,6.55,0.3,57.6,0.0,1.25
1,2021-11-01 03:06:44,2021-11-01 03:21:28,1.0,2.5,1.0,N,246,113,1,12.0,3.0,0.5,2.37,0.0,0.3,18.17,2.5,0.0
1,2021-11-01 03:33:03,2021-11-01 03:40:50,2.0,1.5,1.0,N,114,234,1,7.5,3.0,0.5,2.25,0.0,0.3,13.55,2.5,0.0
1,2021-11-01 03:54:55,2021-11-01 04:07:28,1.0,5.5,1.0,N,246,152,2,17.0,3.0,0.5,0.0,0.0,0.3,20.8,2.5,0.0
1,2021-11-01 03:39:08,2021-11-01 03:56:55,1.0,7.0,1.0,N,232,260,2,22.5,3.0,0.5,0.0,0.0,0.3,26.3,2.5,0.0
1,2021-11-01 03:08:11,2021-11-01 03:23:03,1.0,4.7,1.0,Y,233,166,2,15.5,3.0,0.5,0.0,0.0,0.3,19.3,2.5,0.0
2,2021-11-01 03:13:30,2021-11-01 03:21:17,1.0,2.28,1.0,N,164,141,1,9.0,0.5,0.5,3.2,0.0,0.3,16.0,2.5,0.0
2,2021-11-01 03:58:01,2021-11-01 04:04:05,1.0,1.64,1.0,N,148,107,1,7.0,0.5,0.5,2.7,0.0,0.3,13.5,2.5,0.0
1,2021-11-01 03:15:39,2021-11-01 03:17:08,1.0,0.2,1.0,N,79,148,2,3.0,3.0,0.5,0.0,0.0,0.3,6.8,2.5,0.0
1,2021-11-01 03:19:22,2021-11-01 03:23:48,4.0,1.1,1.0,N,148,79,1,5.5,3.0,0.5,1.85,0.0,0.3,11.15,2.5,0.0
1,2021-11-01 03:27:00,2021-11-01 03:47:36,1.0,6.1,1.0,N,79,7,1,20.0,3.0,0.5,4.75,0.0,0.3,28.55,2.5,0.0
1,2021-11-01 03:53:36,2021-11-01 04:00:54,1.0,1.4,1.0,N,7,145,1,7.5,0.5,0.5,1.75,0.0,0.3,10.55,0.0,0.0
2,2021-11-01 03:28:30,2021-11-01 03:36:32,1.0,1.77,1.0,N,211,68,1,8.5,0.5,0.5,1.0,0.0,0.3,13.3,2.5,0.0
2,2021-11-01 03:37:47,2021-11-01 03:55:11,2.0,9.12,1.0,N,246,244,1,26.5,0.5,0.5,2.0,0.0,0.3,32.3,2.5,0.0
2,2021-11-01 03:20:55,2021-11-01 03:28:51,1.0,2.57,1.0,N,148,229,1,9.0,0.5,0.5,1.0,0.0,0.3,13.8,2.5,0.0
2,2021-11-01 03:37:15,2021-11-01 03:41:31,1.0,0.74,1.0,N,79,148,1,5.0,0.5,0.5,1.76,0.0,0.3,10.56,2.5,0.0
2,2021-11-01 03:50:36,2021-11-01 04:17:15,1.0,6.59,1.0,N,79,61,1,23.5,0.5,0.5,1.0,0.0,0.3,28.3,2.5,0.0
1,2021-11-01 03:05:56,2021-11-01 03:20:41,1.0,5.3,1.0,N,79,75,1,16.5,3.0,0.5,1.7,0.0,0.3,22.0,2.5,0.0
2,2021-11-01 03:05:53,2021-11-01 03:15:12,1.0,1.53,1.0,N,114,4,2,7.5,0.5,0.5,0.0,0.0,0.3,11.3,2.5,0.0
2,2021-11-01 03:18:59,2021-11-01 03:24:29,1.0,1.13,1.0,N,79,232,1,6.0,0.5,0.5,1.96,0.0,0.3,11.76,2.5,0.0
2,2021-11-01 03:52:15,2021-11-01 04:09:31,1.0,4.35,1.0,N,79,37,2,16.5,0.5,0.5,0.0,0.0,0.3,20.3,2.5,0.0
1,2021-11-01 03:04:34,2021-11-01 03:21:59,1.0,6.2,1.0,N,132,191,2,20.5,1.75,0.5,0.0,0.0,0.3,23.05,0.0,1.25
1,2021-11-01 03:59:10,2021-11-01 04:14:53,1.0,7.8,1.0,N,132,265,1,23.0,1.75,0.5,5.1,0.0,0.3,30.65,0.0,1.25
1,2021-11-01 03:20:41,2021-11-01 03:29:42,2.0,1.7,1.0,N,246,230,2,8.5,3.0,0.5,0.0,0.0,0.3,12.3,2.5,0.0
1,2021-11-01 03:45:10,2021-11-01 04:02:50,1.0,8.9,1.0,N,186,244,1,26.5,3.0,0.5,6.05,0.0,0.3,36.35,2.5,0.0
1,2021-11-01 03:41:22,2021-11-01 03:55:41,0.0,5.1,1.0,N,249,49,2,17.0,3.0,0.5,0.0,0.0,0.3,20.8,2.5,0.0
2,2021-11-01 03:30:50,2021-11-01 04:12:15,1.0,9.74,1.0,N,114,173,2,34.5,0.5,0.5,0.0,0.0,0.3,38.3,2.5,0.0
1,2021-11-01 03:34:43,2021-11-01 04:05:15,0.0,9.8,1.0,N,74,166,3,30.0,3.0,0.5,0.0,0.0,0.3,33.8,2.5,0.0
1,2021-11-01 03:06:37,2021-11-01 03:23:30,2.0,4.5,1.0,N,140,114,1,15.5,3.0,0.5,2.0,0.0,0.3,21.3,2.5,0.0
1,2021-11-01 03:29:06,2021-11-01 03:47:11,1.0,4.0,1.0,N,114,50,1,16.0,3.0,0.5,2.5,0.0,0.3,22.3,2.5,0.0
2,2021-11-01 03:07:21,2021-11-01 03:28:53,1.0,9.86,1.0,N,132,35,2,29.0,0.5,0.5,0.0,0.0,0.3,31.55,0.0,1.25
2,2021-11-01 03:47:03,2021-11-01 03:51:45,1.0,1.33,1.0,N,164,163,1,6.0,0.5,0.5,1.0,0.0,0.3,10.8,2.5,0.0
2,2021-11-01 03:57:22,2021-11-01 04:13:39,1.0,4.63,1.0,N,237,223,1,16.0,0.5,0.5,4.95,0.0,0.3,24.75,2.5,0.0
2,2021-11-01 03:22:51,2021-11-01 03:59:05,1.0,15.9,1.0,N,132,89,1,46.5,0.5,0.5,9.81,0.0,0.3,58.86,0.0,1.25
2,2021-11-01 03:18:31,2021-11-01 03:36:35,2.0,10.38,4.0,N,132,265,1,41.5,0.5,0.5,0.0,0.0,0.3,44.05,0.0,1.25
2,2021-11-01 03:21:38,2021-11-01 03:27:59,1.0,2.08,1.0,N,137,141,1,8.0,0.5,0.5,2.36,0.0,0.3,14.16,2.5,0.0
2,2021-11-01 03:38:33,2021-11-01 03:53:07,1.0,3.19,1.0,N,148,97,1,14.0,0.5,0.5,3.56,0.0,0.3,21.36,2.5,0.0
1,2021-11-01 03:21:58,2021-11-01 03:37:00,1.0,2.7,1.0,N,68,4,1,12.5,3.0,0.5,0.0,0.0,0.3,16.3,2.5,0.0
2,2021-11-01 03:15:19,2021-11-01 03:20:22,2.0,0.99,1.0,N,161,48,1,5.5,0.5,0.5,1.86,0.0,0.3,11.16,2.5,0.0
2,2021-11-01 03:21:01,2021-11-01 03:21:13,1.0,0.0,5.0,N,265,265,1,50.0,0.0,0.0,0.0,0.0,0.3,50.3,0.0,0.0
2,2021-11-01 03:12:06,2021-11-01 03:26:17,2.0,8.68,1.0,N,50,243,1,25.0,0.5,0.5,8.64,0.0,0.3,37.44,2.5,0.0
2,2021-11-01 03:53:41,2021-11-01 04:00:35,2.0,1.26,1.0,N,238,151,1,7.0,0.5,0.5,1.62,0.0,0.3,12.42,2.5,0.0
2,2021-11-01 03:13:40,2021-11-01 03:28:11,1.0,5.98,1.0,N,186,261,1,19.0,0.5,0.5,4.56,0.0,0.3,27.36,2.5,0.0
2,2021-11-01 03:30:57,2021-11-01 03:45:14,1.0,4.4,1.0,N,261,50,1,15.5,0.5,0.5,0.0,0.0,0.3,19.3,2.5,0.0
2,2021-11-01 03:22:11,2021-11-01 03:35:55,1.0,5.05,1.0,N,79,75,1,15.5,0.5,0.5,3.86,0.0,0.3,23.16,2.5,0.0
1,2021-11-01 03:23:16,2021-11-01 03:54:37,1.0,8.0,1.0,N,48,198,1,28.5,3.0,0.5,1.0,6.55,0.3,39.85,2.5,0.0
1,2021-11-01 03:59:38,2021-11-01 04:18:37,3.0,12.2,1.0,N,230,60,2,34.0,3.0,0.5,0.0,0.0,0.3,37.8,2.5,0.0
1,2021-11-01 03:01:08,2021-11-01 03:10:40,1.0,1.7,1.0,N,90,137,1,8.5,3.0,0.5,2.0,0.0,0.3,14.3,2.5,0.0
1,2021-11-01 03:14:40,2021-11-01 03:28:08,1.0,6.6,1.0,N,137,42,2,20.0,3.0,0.5,0.0,0.0,0.3,23.8,2.5,0.0
2,2021-11-01 03:09:05,2021-11-01 03:37:25,1.0,7.13,1.0,N,246,17,1,25.5,0.5,0.5,8.79,0.0,0.3,38.09,2.5,0.0
2,2021-11-01 03:58:48,2021-11-01 04:12:01,1.0,4.87,1.0,N,79,262,1,15.0,0.5,0.5,3.0,0.0,0.3,21.8,2.5,0.0
2,2021-11-01 03:05:57,2021-11-01 03:08:37,1.0,0.96,1.0,N,246,48,1,4.5,0.5,0.5,0.0,0.0,0.3,8.3,2.5,0.0
2,2021-11-01 03:09:08,2021-11-01 03:38:55,1.0,14.2,1.0,N,100,123,2,40.0,0.5,0.5,0.0,0.0,0.3,43.8,2.5,0.0
2,2021-11-01 03:08:44,2021-11-01 03:13:16,6.0,1.41,1.0,N,48,68,1,6.0,0.5,0.5,1.96,0.0,0.3,11.76,2.5,0.0
2,2021-11-01 03:30:42,2021-11-01 03:43:59,1.0,6.02,1.0,N,48,42,1,19.0,0.5,0.5,5.7,0.0,0.3,28.5,2.5,0.0
2,2021-11-01 03:57:43,2021-11-01 04:21:14,2.0,17.18,2.0,N,132,170,2,52.0,0.0,0.5,0.0,6.55,0.3,63.1,2.5,1.25
1,2021-11-01 03:28:23,2021-11-01 03:30:22,1.0,0.8,1.0,N,74,75,1,4.5,0.5,0.5,0.0,0.0,0.3,5.8,0.0,0.0
1,2021-11-01 03:56:35,2021-11-01 04:08:11,1.0,2.8,1.0,N,79,48,2,11.0,3.0,0.5,0.0,0.0,0.3,14.8,2.5,0.0
2,2021-11-01 03:31:53,2021-11-01 03:41:02,1.0,3.06,1.0,N,142,230,1,10.5,0.5,0.5,2.86,0.0,0.3,17.16,2.5,0.0
2,2021-11-01 03:52:37,2021-11-01 04:10:04,1.0,7.46,1.0,N,237,138,2,23.0,0.5,0.5,0.0,0.0,0.3,26.8,2.5,0.0
1,2021-11-01 03:07:10,2021-11-01 03:29:01,2.0,8.0,1.0,N,48,69,1,25.0,3.0,0.5,5.75,0.0,0.3,34.55,2.5,0.0
1,2021-11-01 03:54:23,2021-11-01 04:09:50,2.0,3.1,1.0,N,148,68,1,13.0,3.0,0.5,3.35,0.0,0.3,20.15,2.5,0.0
1,2021-11-01 03:06:12,2021-11-01 03:32:36,3.0,12.2,1.0,N,144,228,2,36.0,3.0,0.5,0.0,0.0,0.3,39.8,2.5,0.0
2,2021-11-01 03:29:19,2021-11-01 03:49:03,1.0,6.19,1.0,N,158,226,1,20.0,0.5,0.5,4.76,0.0,0.3,28.56,2.5,0.0
2,2021-11-01 03:03:08,2021-11-01 03:34:29,1.0,9.94,1.0,N,132,72,2,31.5,0.5,0.5,0.0,0.0,0.3,34.05,0.0,1.25
1,2021-11-01 03:05:03,2021-11-01 03:20:58,1.0,3.5,1.0,N,100,232,2,14.5,3.0,0.5,0.0,0.0,0.3,18.3,2.5,0.0
1,2021-11-01 03:25:48,2021-11-01 03:47:08,1.0,6.7,1.0,N,79,179,1,22.0,3.0,0.5,5.0,0.0,0.3,30.8,2.5,0.0
1,2021-11-01 03:07:44,2021-11-01 03:42:11,1.0,11.7,1.0,N,132,188,2,37.0,1.75,0.5,0.0,0.0,0.3,39.55,0.0,1.25
1,2021-11-01 03:26:55,2021-11-01 03:37:01,1.0,3.6,1.0,N,230,151,1,12.0,3.0,0.5,0.0,0.0,0.3,15.8,2.5,0.0
2,2021-11-01 03:53:14,2021-11-01 04:13:09,1.0,5.96,1.0,N,90,7,1,20.5,0.5,0.5,4.86,0.0,0.3,29.16,2.5,0.0
2,2021-11-01 03:12:53,2021-11-01 03:18:48,1.0,1.47,1.0,N,263,75,2,6.5,0.5,0.5,0.0,0.0,0.3,10.3,2.5,0.0
2,2021-11-01 03:25:24,2021-11-01 03:29:22,1.0,0.78,1.0,N,263,263,1,5.0,0.5,0.5,1.76,0.0,0.3,10.56,2.5,0.0
2,2021-11-01 03:19:10,2021-11-01 03:22:22,1.0,1.39,1.0,N,114,186,2,6.0,0.5,0.5,0.0,0.0,0.3,9.8,2.5,0.0
2,2021-11-01 03:25:48,2021-11-01 03:30:56,1.0,1.22,1.0,N,68,48,2,6.0,0.5,0.5,0.0,0.0,0.3,9.8,2.5,0.0
2,2021-11-01 03:13:58,2021-11-01 03:36:59,1.0,4.18,1.0,N,79,13,1,17.5,0.5,0.5,6.39,0.0,0.3,27.69,2.5,0.0
2,2021-11-01 03:46:42,2021-11-01 03:59:32,1.0,1.86,1.0,N,249,148,1,9.5,0.5,0.5,2.66,0.0,0.3,15.96,2.5,0.0
1,2021-11-01 03:01:48,2021-11-01 03:19:19,1.0,5.0,1.0,N,43,224,1,17.0,3.0,0.5,3.21,0.0,0.3,24.01,2.5,0.0
1,2021-11-01 03:59:10,2021-11-01 04:02:04,1.0,0.6,1.0,N,90,164,1,4.0,3.0,0.5,1.55,0.0,0.3,9.35,2.5,0.0
2,2021-11-01 03:11:47,2021-11-01 03:18:46,2.0,2.35,1.0,N,107,229,1,8.5,0.5,0.5,2.46,0.0,0.3,14.76,2.5,0.0
2,2021-11-01 03:29:33,2021-11-01 03:37:28,1.0,1.45,1.0,N,100,48,1,7.5,0.5,0.5,3.39,0.0,0.3,14.69,2.5,0.0
2,2021-11-01 03:44:18,2021-11-01 03:59:14,2.0,4.35,1.0,N,48,13,1,15.5,0.5,0.5,3.86,0.0,0.3,23.16,2.5,0.0
2,2021-11-01 03:04:31,2021-11-01 03:14:41,2.0,3.25,1.0,N,79,230,1,11.5,0.5,0.5,0.0,0.0,0.3,15.3,2.5,0.0
2,2021-11-01 03:38:46,2021-11-01 03:47:21,2.0,1.57,1.0,N,163,50,1,8.0,0.5,0.5,1.0,0.0,0.3,12.8,2.5,0.0
2,2021-11-01 03:57:54,2021-11-01 04:07:32,2.0,2.36,1.0,N,163,68,1,10.0,0.5,0.5,1.0,0.0,0.3,14.8,2.5,0.0
2,2021-11-01 03:29:51,2021-11-01 03:38:48,6.0,3.35,1.0,N,249,239,1,11.5,0.5,0.5,1.0,0.0,0.3,16.3,2.5,0.0
2,2021-11-01 03:46:20,2021-11-01 03:48:40,6.0,0.58,1.0,N,48,50,2,4.0,0.5,0.5,0.0,0.0,0.3,7.8,2.5,0.0
1,2021-11-01 03:03:02,2021-11-01 03:06:04,3.0,1.0,1.0,N,249,90,1,5.0,3.0,0.5,1.75,0.0,0.3,10.55,2.5,0.0
1,2021-11-01 03:12:04,2021-11-01 03:26:04,1.0,3.0,1.0,N,249,230,1,12.5,3.0,0.5,3.25,0.0,0.3,19.55,2.5,0.0
1,2021-11-01 03:11:34,2021-11-01 03:31:36,1.0,4.7,1.0,N,48,209,2,17.5,3.0,0.5,0.0,0.0,0.3,21.3,2.5,0.0
1,2021-11-01 03:43:14,2021-11-01 03:50:10,2.0,1.2,1.0,N,209,211,1,6.5,3.0,0.5,3.0,0.0,0.3,13.3,2.5,0.0
2,2021-11-01 03:03:27,2021-11-01 03:22:59,1.0,5.67,1.0,N,114,188,1,19.0,0.5,0.5,4.0,0.0,0.3,26.8,2.5,0.0
2,2021-11-01 03:10:26,2021-11-01 03:13:45,1.0,1.19,1.0,N,68,48,1,5.5,0.5,0.5,2.79,0.0,0.3,12.09,2.5,0.0
2,2021-11-01 03:21:03,2021-11-01 03:21:46,2.0,0.0,1.0,N,186,186,2,-2.5,-0.5,-0.5,0.0,0.0,-0.3,-6.3,-2.5,0.0
2,2021-11-01 03:21:03,2021-11-01 03:21:46,2.0,0.0,1.0,N,186,68,2,2.5,0.5,0.5,0.0,0.0,0.3,6.3,2.5,0.0
2,2021-11-01 03:37:51,2021-11-01 03:39:39,1.0,0.58,1.0,N,68,48,1,4.0,0.5,0.5,1.0,0.0,0.3,8.8,2.5,0.0
2,2021-11-01 03:50:32,2021-11-01 03:55:52,1.0,1.12,1.0,N,48,233,2,6.0,0.5,0.5,0.0,0.0,0.3,9.8,2.5,0.0
2,2021-11-01 03:55:15,2021-11-01 04:15:41,1.0,8.29,1.0,N,79,74,1,26.0,0.5,0.5,1.0,0.0,0.3,30.8,2.5,0.0
1,2021-11-01 03:14:10,2021-11-01 03:19:14,1.0,1.1,1.0,N,68,186,2,6.0,3.0,0.5,0.0,0.0,0.3,9.8,2.5,0.0
1,2021-11-01 03:25:47,2021-11-01 03:32:59,1.0,1.6,1.0,N,186,48,1,7.5,3.0,0.5,2.25,0.0,0.3,13.55,2.5,0.0
1,2021-11-01 03:38:36,2021-11-01 03:50:00,1.0,2.6,1.0,N,68,79,1,10.5,3.0,0.5,2.15,0.0,0.3,16.45,2.5,0.0
1,2021-11-01 03:59:35,2021-11-01 04:07:20,1.0,1.8,1.0,Y,79,170,1,8.0,3.0,0.5,2.35,0.0,0.3,14.15,2.5,0.0
1,2021-11-01 03:35:25,2021-11-01 03:58:04,1.0,10.5,1.0,N,48,138,2,30.0,3.0,0.5,0.0,6.55,0.3,40.35,2.5,0.0
2,2021-11-01 03:13:27,2021-11-01 03:16:52,1.0,0.95,1.0,N,114,113,2,5.0,0.5,0.5,0.0,0.0,0.3,8.8,2.5,0.0
2,2021-11-01 03:25:46,2021-11-01 03:35:19,1.0,1.51,1.0,N,114,4,1,8.0,0.5,0.5,2.36,0.0,0.3,14.16,2.5,0.0
2,2021-11-01 03:43:46,2021-11-01 04:05:20,1.0,11.66,1.0,N,107,250,2,33.0,0.5,0.5,0.0,0.0,0.3,36.8,2.5,0.0
2,2021-11-01 03:52:35,2021-11-01 04:16:21,1.0,6.8,1.0,N,186,80,1,23.5,0.5,0.5,4.1,0.0,0.3,31.4,2.5,0.0
2,2021-11-01 03:03:11,2021-11-01 03:18:48,1.0,3.99,1.0,N,114,255,2,15.0,0.5,0.5,0.0,0.0,0.3,18.8,2.5,0.0
2,2021-11-01 03:08:17,2021-11-01 03:17:42,1.0,2.45,1.0,N,234,141,2,9.5,0.5,0.5,0.0,0.0,0.3,13.3,2.5,0.0
2,2021-11-01 03:25:07,2021-11-01 03:32:42,1.0,1.74,1.0,N,162,186,2,8.0,0.5,0.5,0.0,0.0,0.3,11.8,2.5,0.0
1,2021-11-01 03:01:03,2021-11-01 03:11:32,1.0,2.4,1.0,Y,68,230,1,10.0,3.0,0.5,3.0,0.0,0.3,16.8,2.5,0.0
1,2021-11-01 03:16:01,2021-11-01 03:21:40,1.0,1.7,1.0,Y,230,239,2,7.0,3.0,0.5,0.0,0.0,0.3,10.8,2.5,0.0
1,2021-11-01 03:47:06,2021-11-01 04:03:49,1.0,5.0,1.0,Y,68,151,2,18.0,3.0,0.5,0.0,0.0,0.3,21.8,2.5,0.0
2,2021-11-01 03:03:38,2021-11-01 03:10:02,1.0,1.45,1.0,N,107,148,1,7.0,0.5,0.5,2.7,0.0,0.3,13.5,2.5,0.0
2,2021-11-01 03:13:58,2021-11-01 03:22:42,2.0,1.94,1.0,N,148,144,1,8.5,0.5,0.5,4.0,0.0,0.3,16.3,2.5,0.0
2,2021-11-01 03:56:28,2021-11-01 04:07:28,3.0,1.78,1.0,N,125,79,1,9.0,0.5,0.5,2.56,0.0,0.3,15.36,2.5,0.0
2,2021-11-01 03:14:13,2021-11-01 03:18:50,1.0,0.8,1.0,N,148,231,2,5.0,0.5,0.5,0.0,0.0,0.3,8.8,2.5,0.0
2,2021-11-01 03:33:47,2021-11-01 03:51:49,3.0,7.94,1.0,N,144,82,1,24.0,0.5,0.5,0.0,0.0,0.3,27.8,2.5,0.0
2,2021-11-01 03:05:27,2021-11-01 03:31:20,1.0,8.45,1.0,N,186,244,1,27.5,0.5,0.5,6.26,0.0,0.3,37.56,2.5,0.0
2,2021-11-01 03:11:33,2021-11-01 03:21:12,1.0,2.69,1.0,N,249,48,1,10.5,0.5,0.5,3.58,0.0,0.3,17.88,2.5,0.0
2,2021-11-01 03:29:14,2021-11-01 03:41:31,1.0,1.82,1.0,N,158,79,2,9.5,0.5,0.5,0.0,0.0,0.3,13.3,2.5,0.0
2,2021-11-01 03:47:41,2021-11-01 04:14:07,1.0,16.05,1.0,N,132,188,1,44.0,0.5,0.5,9.31,0.0,0.3,55.86,0.0,1.25
2,2021-11-01 03:45:48,2021-11-01 03:52:20,1.0,2.61,1.0,N,236,170,1,9.0,0.5,0.5,2.56,0.0,0.3,15.36,2.5,0.0
1,2021-11-01 03:14:00,2021-11-01 03:16:24,1.0,0.6,1.0,N,48,68,2,4.0,3.0,0.5,0.0,0.0,0.3,7.8,2.5,0.0
1,2021-11-01 03:19:24,2021-11-01 03:34:20,1.0,3.6,1.0,N,68,140,2,14.5,3.0,0.5,0.0,0.0,0.3,18.3,2.5,0.0
1,2021-11-01 03:39:32,2021-11-01 03:56:48,1.0,7.7,1.0,N,141,37,1,23.0,3.0,0.5,5.35,0.0,0.3,32.15,2.5,0.0
1,2021-11-01 03:08:46,2021-11-01 03:09:56,1.0,0.2,1.0,N,79,79,3,3.0,3.0,0.5,0.0,0.0,0.3,6.8,2.5,0.0
1,2021-11-01 03:10:37,2021-11-01 03:28:42,1.0,7.8,1.0,N,79,41,2,24.0,3.0,0.5,0.0,0.0,0.3,27.8,2.5,0.0
2,2021-11-01 03:17:46,2021-11-01 03:17:50,3.0,0.0,5.0,N,211,211,1,30.0,0.0,0.0,9.84,0.0,0.3,42.64,2.5,0.0
2,2021-11-01 03:40:11,2021-11-01 03:47:16,2.0,4.83,5.0,N,226,70,1,40.0,0.0,0.0,12.09,0.0,0.3,52.39,0.0,0.0
2,2021-11-01 03:40:16,2021-11-01 03:51:16,2.0,3.56,1.0,N,231,48,1,12.5,0.5,0.5,3.26,0.0,0.3,19.56,2.5,0.0
2,2021-11-01 03:54:37,2021-11-01 04:01:19,3.0,1.54,1.0,N,48,164,1,7.0,0.5,0.5,3.24,0.0,0.3,14.04,2.5,0.0
1,2021-11-01 03:12:26,2021-11-01 03:22:18,0.0,4.0,1.0,N,132,218,1,13.5,0.5,0.5,2.0,0.0,0.3,16.8,0.0,0.0
1,2021-11-01 03:55:31,2021-11-01 04:08:15,0.0,7.6,1.0,N,132,95,1,22.0,1.75,0.5,2.0,0.0,0.3,26.55,0.0,1.25
2,2021-11-01 03:41:57,2021-11-01 03:46:10,1.0,0.84,1.0,N,79,148,2,5.0,0.5,0.5,0.0,0.0,0.3,8.8,2.5,0.0
1,2021-11-01 03:02:01,2021-11-01 03:10:17,1.0,2.2,1.0,N,148,65,2,9.5,3.0,0.5,0.0,0.0,0.3,13.3,2.5,0.0
2,2021-11-01 03:43:29,2021-11-01 03:43:32,0.0,0.0,5.0,N,264,264,1,30.0,0.0,0.5,0.0,0.0,0.3,30.8,0.0,0.0
2,2021-11-01 03:07:57,2021-11-01 03:21:02,1.0,4.22,1.0,N,79,262,1,14.0,0.5,0.5,3.56,0.0,0.3,21.36,2.5,0.0
2,2021-11-01 03:28:19,2021-11-01 03:41:27,1.0,8.36,1.0,N,262,138,1,24.0,0.5,0.5,2.5,6.55,0.3,36.85,2.5,0.0
2,2021-11-01 03:27:08,2021-11-01 03:32:17,1.0,0.86,1.0,N,232,4,2,5.5,0.5,0.5,0.0,0.0,0.3,9.3,2.5,0.0
2,2021-11-01 03:39:52,2021-11-01 03:51:23,1.0,2.58,1.0,N,79,186,1,11.0,0.5,0.5,3.7,0.0,0.3,18.5,2.5,0.0
2,2021-11-01 03:30:45,2021-11-01 03:53:19,1.0,11.9,1.0,N,132,201,1,33.5,0.5,0.5,9.31,2.45,0.3,47.81,0.0,1.25
2,2021-11-01 03:12:01,2021-11-01 03:20:35,1.0,1.74,1.0,N,68,224,1,8.5,0.5,0.5,3.08,0.0,0.3,15.38,2.5,0.0
2,2021-11-01 03:26:11,2021-11-01 03:31:14,1.0,1.87,1.0,N,79,229,1,7.0,0.5,0.5,3.24,0.0,0.3,14.04,2.5,0.0
1,2021-11-01 03:03:21,2021-11-01 03:03:56,1.0,4.2,1.0,N,48,48,4,2.5,3.0,0.5,0.0,0.0,0.3,6.3,2.5,0.0
1,2021-11-01 03:10:18,2021-11-01 03:12:27,1.0,0.8,1.0,N,186,90,2,4.5,3.0,0.5,0.0,0.0,0.3,8.3,2.5,0.0
1,2021-11-01 03:04:58,2021-11-01 03:13:23,1.0,2.7,1.0,N,249,163,1,9.5,3.0,0.5,5.0,0.0,0.3,18.3,2.5,0.0
1,2021-11-01 03:31:08,2021-11-01 03:39:55,1.0,3.1,1.0,N,68,239,1,11.0,3.0,0.5,2.95,0.0,0.3,17.75,2.5,0.0
2,2021-11-01 02:42:29,2021-11-01 02:46:54,1.0,0.44,1.0,N,48,48,1,4.5,0.5,0.5,2.49,0.0,0.3,10.79,2.5,0.0
2,2021-11-01 02:54:50,2021-11-01 03:03:52,1.0,1.6,1.0,N,158,79,1,8.0,0.5,0.5,1.0,0.0,0.3,12.8,2.5,0.0
2,2021-11-01 03:10:04,2021-11-01 03:21:02,1.0,2.11,1.0,N,113,161,1,10.0,0.5,0.5,2.76,0.0,0.3,16.56,2.5,0.0
2,2021-11-01 03:27:36,2021-11-01 03:42:45,1.0,4.23,1.0,N,100,13,1,14.5,0.5,0.5,3.66,0.0,0.3,21.96,2.5,0.0
1,2021-11-01 03:18:22,2021-11-01 03:32:12,1.0,4.2,1.0,Y,234,262,2,14.5,3.0,0.5,0.0,0.0,0.3,18.3,2.5,0.0
1,2021-11-01 03:50:52,2021-11-01 03:57:55,1.0,2.2,1.0,N,114,170,1,8.5,3.0,0.5,2.45,0.0,0.3,14.75,2.5,0.0
2,2021-11-01 03:17:39,2021-11-01 03:17:42,1.0,0.1,5.0,N,264,264,1,7.0,0.0,0.0,1.46,0.0,0.3,8.76,0.0,0.0
2,2021-11-01 03:42:39,2021-11-01 03:47:13,1.0,1.11,1.0,N,246,48,1,5.5,0.5,0.5,1.86,0.0,0.3,11.16,2.5,0.0
2,2021-11-01 03:51:18,2021-11-01 04:08:39,1.0,10.28,1.0,N,48,138,1,29.0,0.5,0.5,7.87,6.55,0.3,47.22,2.5,0.0
2,2021-11-01 03:28:56,2021-11-01 03:39:33,1.0,2.73,1.0,N,249,233,1,10.5,0.5,0.5,2.86,0.0,0.3,17.16,2.5,0.0
2,2021-11-01 03:57:49,2021-11-01 04:23:59,2.0,9.05,1.0,N,249,198,1,28.5,0.5,0.5,6.46,0.0,0.3,38.76,2.5,0.0
2,2021-11-01 03:33:04,2021-11-01 03:48:10,1.0,3.79,1.0,N,148,50,1,14.5,0.5,0.5,3.66,0.0,0.3,21.96,2.5,0.0
1,2021-11-01 03:39:19,2021-11-01 03:49:32,1.0,3.7,1.0,N,79,141,1,12.0,3.0,0.5,3.15,0.0,0.3,18.95,2.5,0.0
2,2021-11-01 03:02:28,2021-11-01 03:05:47,1.0,1.54,1.0,N,107,229,1,6.0,0.5,0.5,2.45,0.0,0.3,12.25,2.5,0.0
2,2021-11-01 03:16:34,2021-11-01 03:23:56,1.0,1.44,1.0,N,125,45,1,7.5,0.5,0.5,2.26,0.0,0.3,13.56,2.5,0.0
2,2021-11-01 03:53:02,2021-11-01 04:23:22,2.0,18.53,2.0,N,132,90,1,52.0,0.0,0.5,12.62,6.55,0.3,75.72,2.5,1.25
2,2021-11-01 03:39:29,2021-11-01 03:53:51,1.0,2.57,1.0,N,141,164,1,12.0,0.5,0.5,1.0,0.0,0.3,16.8,2.5,0.0
2,2021-11-01 03:36:53,2021-11-01 04:06:26,1.0,11.34,1.0,N,107,112,1,34.0,0.5,0.5,4.0,0.0,0.3,41.8,2.5,0.0
2,2021-11-01 03:20:53,2021-11-01 03:42:22,1.0,10.66,1.0,N,148,42,2,31.0,0.5,0.5,0.0,0.0,0.3,34.8,2.5,0.0
2,2021-11-01 03:11:29,2021-11-01 03:25:37,1.0,2.53,1.0,N,148,68,1,11.0,0.5,0.5,2.96,0.0,0.3,17.76,2.5,0.0
2,2021-11-01 03:11:54,2021-11-01 03:29:44,1.0,7.98,1.0,N,164,42,1,24.0,0.5,0.5,5.56,0.0,0.3,33.36,2.5,0.0
2,2021-11-01 03:29:22,2021-11-01 03:39:06,1.0,2.3,1.0,N,79,164,1,9.5,0.5,0.5,2.66,0.0,0.3,15.96,2.5,0.0
1,2021-11-01 03:07:33,2021-11-01 03:13:20,3.0,1.6,1.0,N,249,164,1,7.0,3.0,0.5,2.15,0.0,0.3,12.95,2.5,0.0
1,2021-11-01 03:17:00,2021-11-01 03:18:39,1.0,0.5,1.0,N,164,164,4,4.0,3.0,0.5,0.0,0.0,0.3,7.8,2.5,0.0
1,2021-11-01 03:28:16,2021-11-01 03:54:17,1.0,3.0,1.0,N,161,236,4,11.0,3.0,0.5,0.0,0.0,0.3,14.8,2.5,0.0
2,2021-11-01 03:24:35,2021-11-01 03:32:34,2.0,1.32,1.0,N,107,68,1,7.5,0.5,0.5,1.13,0.0,0.3,12.43,2.5,0.0
2,2021-11-01 03:35:22,2021-11-01 03:43:51,2.0,1.8,1.0,N,68,164,1,8.5,0.5,0.5,0.0,0.0,0.3,12.3,2.5,0.0
2,2021-11-01 03:47:26,2021-11-01 03:53:42,1.0,1.56,1.0,N,234,158,1,7.0,0.5,0.5,1.5,0.0,0.3,12.3,2.5,0.0
1,2021-11-01 03:08:36,2021-11-01 03:20:19,1.0,3.1,1.0,N,249,48,1,11.5,3.0,0.5,3.05,0.0,0.3,18.35,2.5,0.0
1,2021-11-01 03:37:56,2021-11-01 03:50:39,2.0,2.9,1.0,N,234,50,1,12.0,3.0,0.5,3.15,0.0,0.3,18.95,2.5,0.0
1,2021-11-01 03:55:17,2021-11-01 03:59:01,1.0,1.4,1.0,N,50,239,2,6.0,3.0,0.5,0.0,0.0,0.3,9.8,2.5,0.0
2,2021-11-01 03:06:26,2021-11-01 03:11:44,2.0,0.94,1.0,N,230,230,2,6.0,0.5,0.5,0.0,0.0,0.3,9.8,2.5,0.0
2,2021-11-01 03:25:55,2021-11-01 03:33:54,1.0,1.63,1.0,N,163,48,1,8.0,0.5,0.5,2.36,0.0,0.3,14.16,2.5,0.0
2,2021-11-01 03:38:29,2021-11-01 03:42:31,2.0,0.93,1.0,N,230,229,1,5.0,0.5,0.5,1.76,0.0,0.3,10.56,2.5,0.0
1,2021-11-01 03:10:03,2021-11-01 03:29:17,1.0,5.5,1.0,N,90,37,1,18.5,3.0,0.5,2.0,0.0,0.3,24.3,2.5,0.0
2,2021-11-01 03:22:26,2021-11-01 03:29:57,1.0,1.14,1.0,N,230,229,1,7.0,0.5,0.5,2.0,0.0,0.3,12.8,2.5,0.0
2,2021-11-01 03:38:16,2021-11-01 03:42:43,1.0,1.31,1.0,N,162,237,1,6.0,0.5,0.5,1.96,0.0,0.3,11.76,2.5,0.0
2,2021-11-01 03:44:23,2021-11-01 03:56:36,1.0,4.26,1.0,N,237,42,2,13.5,0.5,0.5,0.0,0.0,0.3,17.3,2.5,0.0
2,2021-11-01 03:02:56,2021-11-01 03:19:49,1.0,2.52,1.0,N,246,79,1,13.0,0.5,0.5,3.36,0.0,0.3,20.16,2.5,0.0
2,2021-11-01 03:20:36,2021-11-01 03:28:46,1.0,2.21,1.0,N,79,233,1,9.0,0.5,0.5,2.0,0.0,0.3,14.8,2.5,0.0
2,2021-11-01 03:21:54,2021-11-01 03:31:19,1.0,3.81,1.0,N,79,263,1,12.0,0.5,0.5,3.0,0.0,0.3,18.8,2.5,0.0
2,2021-11-01 03:40:31,2021-11-01 03:40:52,1.0,0.0,5.0,N,259,259,1,80.5,0.0,0.0,16.16,0.0,0.3,96.96,0.0,0.0
2,2021-11-01 03:26:17,2021-11-01 03:29:43,2.0,0.76,1.0,N,79,4,1,4.5,0.5,0.5,3.0,0.0,0.3,11.3,2.5,0.0
2,2021-11-01 03:38:30,2021-11-01 03:54:53,2.0,5.5,1.0,N,148,198,2,18.0,0.5,0.5,0.0,0.0,0.3,21.8,2.5,0.0
2,2021-11-01 03:02:53,2021-11-01 03:15:40,1.0,4.17,1.0,N,230,232,1,14.5,0.5,0.5,3.66,0.0,0.3,21.96,2.5,0.0
2,2021-11-01 03:50:27,2021-11-01 04:02:17,1.0,4.53,1.0,N,79,263,2,14.0,0.5,0.5,0.0,0.0,0.3,17.8,2.5,0.0
2,2021-11-01 03:14:16,2021-11-01 03:15:48,5.0,0.52,1.0,N,163,237,2,3.5,0.5,0.5,0.0,0.0,0.3,7.3,2.5,0.0
2,2021-11-01 03:53:16,2021-11-01 04:24:10,5.0,7.41,1.0,N,114,37,1,25.0,0.5,0.5,3.0,0.0,0.3,31.8,2.5,0.0
2,2021-11-01 03:01:33,2021-11-01 03:10:32,1.0,1.62,1.0,N,230,164,1,8.0,0.5,0.5,2.95,0.0,0.3,14.75,2.5,0.0
2,2021-11-01 03:20:46,2021-11-01 03:29:46,1.0,1.95,1.0,N,113,68,1,8.5,0.5,0.5,2.46,0.0,0.3,14.76,2.5,0.0
2,2021-11-01 03:35:06,2021-11-01 03:40:25,1.0,1.53,1.0,N,186,48,1,6.5,0.5,0.5,2.06,0.0,0.3,12.36,2.5,0.0
2,2021-11-01 03:41:57,2021-11-01 04:03:32,1.0,4.61,1.0,N,48,45,1,17.5,0.5,0.5,4.26,0.0,0.3,25.56,2.5,0.0
2,2021-11-01 03:16:11,2021-11-01 03:35:54,1.0,4.02,1.0,N,113,140,1,16.0,0.5,0.5,3.0,0.0,0.3,22.8,2.5,0.0
2,2021-11-01 03:01:30,2021-11-01 03:05:50,1.0,0.95,1.0,N,48,230,1,5.0,0.5,0.5,2.64,0.0,0.3,11.44,2.5,0.0
2,2021-11-01 03:33:53,2021-11-01 03:41:33,1.0,1.85,1.0,N,48,90,2,8.0,0.5,0.5,0.0,0.0,0.3,11.8,2.5,0.0
2,2021-11-01 03:48:44,2021-11-01 04:00:31,1.0,3.28,1.0,N,186,140,1,12.5,0.5,0.5,3.26,0.0,0.3,19.56,2.5,0.0
2,2021-11-01 03:16:31,2021-11-01 03:32:50,1.0,7.2,1.0,N,164,116,2,22.5,0.5,0.5,0.0,0.0,0.3,26.3,2.5,0.0
1,2021-11-01 03:49:44,2021-11-01 04:17:31,2.0,20.8,2.0,N,132,87,1,52.0,3.75,0.5,11.3,0.0,0.3,67.85,2.5,1.25
2,2021-11-01 03:01:54,2021-11-01 03:08:04,1.0,1.51,1.0,N,238,142,1,7.5,0.5,0.5,2.26,0.0,0.3,13.56,2.5,0.0
2,2021-11-01 03:17:17,2021-11-01 03:36:28,1.0,5.18,1.0,N,48,193,2,19.0,0.5,0.5,0.0,0.0,0.3,22.8,2.5,0.0
2,2021-11-01 03:48:23,2021-11-01 03:52:59,1.0,2.03,1.0,N,141,74,1,7.5,0.5,0.5,2.26,0.0,0.3,13.56,2.5,0.0
2,2021-11-01 03:03:50,2021-11-01 03:14:44,1.0,1.86,1.0,N,79,249,2,9.0,0.5,0.5,0.0,0.0,0.3,12.8,2.5,0.0
2,2021-11-01 03:16:36,2021-11-01 03:25:22,1.0,2.31,1.0,N,249,88,1,9.0,0.5,0.5,2.56,0.0,0.3,15.36,2.5,0.0
2,2021-11-01 03:37:02,2021-11-01 03:44:13,1.0,2.26,1.0,N,231,164,1,8.5,0.5,0.5,2.46,0.0,0.3,14.76,2.5,0.0
2,2021-11-01 03:46:08,2021-11-01 04:03:27,1.0,5.23,1.0,N,164,7,1,18.0,0.5,0.5,0.0,0.0,0.3,21.8,2.5,0.0
2,2021-11-01 03:04:33,2021-11-01 03:19:52,1.0,6.34,1.0,N,48,116,1,20.5,0.5,0.5,4.86,0.0,0.3,29.16,2.5,0.0
2,2021-11-01 03:39:30,2021-11-01 03:53:13,1.0,4.22,1.0,N,48,7,2,15.0,0.5,0.5,0.0,0.0,0.3,18.8,2.5,0.0
2,2021-11-01 03:56:55,2021-11-01 04:09:47,1.0,2.74,1.0,N,193,223,2,12.0,0.5,0.5,0.0,0.0,0.3,13.3,0.0,0.0
2,2021-11-01 03:11:20,2021-11-01 03:21:55,1.0,4.1,1.0,N,114,263,1,13.0,0.5,0.5,3.36,0.0,0.3,20.16,2.5,0.0
2,2021-11-01 03:42:07,2021-11-01 03:55:19,1.0,7.78,1.0,N,148,7,1,22.5,0.5,0.5,2.0,0.0,0.3,28.3,2.5,0.0
1,2021-11-01 03:03:18,2021-11-01 03:10:21,1.0,0.7,1.0,N,230,230,1,6.0,3.0,0.5,10.0,0.0,0.3,19.8,2.5,0.0
1,2021-11-01 03:09:35,2021-11-01 03:25:13,1.0,4.2,1.0,N,68,41,1,15.5,3.0,0.5,3.85,0.0,0.3,23.15,2.5,0.0
1,2021-11-01 03:41:46,2021-11-01 03:59:46,1.0,4.7,1.0,N,230,260,1,17.0,3.0,0.5,4.15,0.0,0.3,24.95,2.5,0.0
2,2021-11-01 03:54:20,2021-11-01 04:10:09,1.0,9.75,1.0,N,132,92,2,28.0,0.5,0.5,0.0,0.0,0.3,30.55,0.0,1.25
2,2021-11-01 03:00:21,2021-11-01 03:24:14,1.0,6.15,1.0,N,68,264,1,22.0,0.5,0.5,5.16,0.0,0.3,30.96,2.5,0.0
2,2021-11-01 03:44:17,2021-11-01 03:55:27,1.0,3.71,1.0,N,114,255,1,12.5,0.5,0.5,32.63,0.0,0.3,48.93,2.5,0.0
2,2021-11-01 03:34:20,2021-11-01 03:46:59,1.0,4.5,1.0,N,148,145,1,14.5,0.5,0.5,3.66,0.0,0.3,21.96,2.5,0.0
2,2021-11-01 03:22:56,2021-11-01 03:28:40,1.0,1.87,1.0,N,90,233,1,7.0,0.5,0.5,2.16,0.0,0.3,12.96,2.5,0.0
1,2021-11-01 03:19:38,2021-11-01 03:21:30,1.0,0.5,1.0,N,48,230,2,3.5,3.0,0.5,0.0,0.0,0.3,7.3,2.5,0.0
1,2021-11-01 03:31:53,2021-11-01 03:46:32,1.0,8.2,1.0,N,163,244,1,24.0,3.0,0.5,1.0,0.0,0.3,28.8,2.5,0.0
2,2021-11-01 03:01:39,2021-11-01 03:20:58,1.0,7.66,1.0,N,113,152,1,24.0,0.5,0.5,0.0,0.0,0.3,27.8,2.5,0.0
2,2021-11-01 03:27:59,2021-11-01 03:31:33,1.0,0.4,1.0,N,24,24,1,4.5,0.5,0.5,0.0,0.0,0.3,5.8,0.0,0.0
2,2021-11-01 03:43:11,2021-11-01 04:20:07,1.0,7.66,1.0,N,48,198,1,26.0,0.5,0.5,5.96,0.0,0.3,35.76,2.5,0.0
1,2021-11-01 03:25:15,2021-11-01 03:36:47,2.0,2.3,1.0,N,246,79,1,10.0,3.0,0.5,4.1,0.0,0.3,17.9,2.5,0.0
1,2021-11-01 03:44:11,2021-11-01 03:58:24,1.0,5.3,1.0,N,107,179,2,16.5,3.0,0.5,0.0,0.0,0.3,20.3,2.5,0.0
1,2021-11-01 03:15:10,2021-11-01 03:19:46,1.0,0.7,1.0,N,246,90,1,5.0,3.0,0.5,1.2,0.0,0.3,10.0,2.5,0.0
2,2021-11-01 03:27:59,2021-11-01 03:39:39,2.0,7.19,1.0,N,50,243,2,21.0,0.5,0.5,0.0,0.0,0.3,24.8,2.5,0.0
1,2021-11-01 03:08:27,2021-11-01 03:20:19,1.0,3.1,1.0,N,263,48,1,11.5,3.0,0.5,3.05,0.0,0.3,18.35,2.5,0.0
1,2021-11-01 03:28:41,2021-11-01 03:36:13,1.0,2.2,1.0,N,249,261,1,8.5,3.0,0.5,3.65,0.0,0.3,15.95,2.5,0.0
1,2021-11-01 03:43:05,2021-11-01 04:01:13,1.0,9.5,1.0,N,125,7,1,27.0,3.0,0.5,6.15,0.0,0.3,36.95,2.5,0.0
2,2021-11-01 03:59:17,2021-11-01 04:45:42,1.0,47.01,1.0,N,64,44,1,120.5,0.5,0.5,0.0,6.55,0.3,128.35,0.0,0.0
2,2021-11-01 03:49:39,2021-11-01 04:05:49,1.0,4.29,1.0,N,230,260,2,16.0,0.5,0.5,0.0,0.0,0.3,19.8,2.5,0.0
2,2021-11-01 03:56:16,2021-11-01 04:14:36,1.0,12.23,1.0,N,132,160,1,33.5,0.5,0.5,7.21,0.0,0.3,43.26,0.0,1.25
2,2021-11-01 03:17:19,2021-11-01 03:36:57,1.0,6.39,1.0,N,137,24,1,21.5,0.5,0.5,0.0,0.0,0.3,25.3,2.5,0.0
2,2021-11-01 03:00:29,2021-11-01 03:11:17,1.0,2.27,1.0,N,79,137,1,10.0,0.5,0.5,2.76,0.0,0.3,16.56,2.5,0.0
2,2021-11-01 03:20:42,2021-11-01 03:35:20,1.0,7.14,1.0,N,164,244,2,21.5,0.5,0.5,0.0,0.0,0.3,25.3,2.5,0.0
2,2021-11-01 03:36:53,2021-11-01 03:46:01,1.0,3.04,1.0,N,114,229,2,10.5,0.5,0.5,0.0,0.0,0.3,14.3,2.5,0.0
2,2021-11-01 03:13:05,2021-11-01 03:33:00,1.0,7.32,1.0,N,249,166,1,23.0,0.5,0.5,0.0,0.0,0.3,26.8,2.5,0.0
2,2021-11-01 03:58:51,2021-11-01 04:06:52,1.0,1.16,1.0,N,48,170,1,7.0,0.5,0.5,0.0,0.0,0.3,10.8,2.5,0.0
2,2021-11-01 03:43:27,2021-11-01 04:01:42,2.0,5.47,1.0,N,140,157,2,18.5,0.5,0.5,0.0,0.0,0.3,22.3,2.5,0.0
2,2021-11-01 03:17:11,2021-11-01 03:36:54,1.0,9.21,1.0,N,249,244,1,27.5,0.5,0.5,5.0,0.0,0.3,36.3,2.5,0.0
2,2021-11-01 03:19:13,2021-11-01 03:23:18,1.0,0.89,1.0,N,186,68,2,5.0,0.5,0.5,0.0,0.0,0.3,8.8,2.5,0.0
2,2021-11-01 03:24:30,2021-11-01 03:35:42,1.0,2.82,1.0,N,68,87,1,10.5,0.5,0.5,2.86,0.0,0.3,17.16,2.5,0.0
2,2021-11-01 03:05:44,2021-11-01 03:18:08,1.0,4.37,1.0,N,230,226,2,14.5,0.5,0.5,0.0,0.0,0.3,18.3,2.5,0.0
2,2021-11-01 03:40:30,2021-11-01 03:52:33,1.0,2.72,1.0,N,234,141,1,11.5,0.5,0.5,3.06,0.0,0.3,18.36,2.5,0.0
2,2021-11-01 03:52:45,2021-11-01 03:59:53,1.0,2.98,1.0,N,132,216,2,10.5,0.5,0.5,0.0,0.0,0.3,13.05,0.0,1.25
2,2021-11-01 03:22:45,2021-11-01 03:30:08,1.0,1.1,1.0,N,100,50,1,6.5,0.5,0.5,2.06,0.0,0.3,12.36,2.5,0.0
2,2021-11-01 03:41:36,2021-11-01 03:46:01,1.0,1.04,1.0,N,90,48,1,5.5,0.5,0.5,1.86,0.0,0.3,11.16,2.5,0.0
2,2021-11-01 03:01:35,2021-11-01 03:13:20,1.0,3.18,1.0,N,234,87,1,12.0,0.5,0.5,3.16,0.0,0.3,18.96,2.5,0.0
2,2021-11-01 03:15:13,2021-11-01 03:24:01,1.0,1.97,1.0,N,87,114,1,8.5,0.5,0.5,3.69,0.0,0.3,15.99,2.5,0.0
2,2021-11-01 03:34:34,2021-11-01 03:38:58,1.0,0.45,1.0,N,249,113,2,5.0,0.5,0.5,0.0,0.0,0.3,8.8,2.5,0.0
2,2021-11-01 03:44:17,2021-11-01 04:02:07,1.0,8.6,1.0,N,249,89,1,25.0,0.5,0.5,5.76,0.0,0.3,34.56,2.5,0.0
2,2021-11-01 03:08:50,2021-11-01 03:14:47,1.0,3.25,1.0,N,132,218,2,11.0,0.5,0.5,0.0,0.0,0.3,13.55,0.0,1.25
2,2021-11-01 03:20:38,2021-11-01 03:31:25,1.0,3.24,1.0,N,148,230,1,11.5,0.5,0.5,0.0,0.0,0.3,15.3,2.5,0.0
2,2021-11-01 03:08:40,2021-11-01 03:09:37,2.0,0.17,1.0,N,79,79,1,3.0,0.5,0.5,5.0,0.0,0.3,11.8,2.5,0.0
2,2021-11-01 03:15:26,2021-11-01 03:31:04,3.0,2.18,1.0,N,79,107,1,12.5,0.5,0.5,4.89,0.0,0.3,21.19,2.5,0.0
1,2021-11-01 03:05:35,2021-11-01 03:13:23,1.0,2.3,1.0,Y,141,234,2,9.0,3.0,0.5,0.0,0.0,0.3,12.8,2.5,0.0
1,2021-11-01 03:24:33,2021-11-01 03:32:38,2.0,1.4,1.0,N,186,158,1,7.5,3.0,0.5,2.8,0.0,0.3,14.1,2.5,0.0
1,2021-11-01 03:40:24,2021-11-01 03:44:25,1.0,1.0,1.0,N,186,48,1,5.5,3.0,0.5,1.85,0.0,0.3,11.15,2.5,0.0
1,2021-11-01 03:50:03,2021-11-01 03:53:49,1.0,0.8,1.0,Y,48,68,1,5.0,3.0,0.5,0.0,0.0,0.3,8.8,2.5,0.0
1,2021-11-01 03:58:09,2021-11-01 04:03:19,1.0,0.6,1.0,N,230,48,2,5.5,3.0,0.5,0.0,0.0,0.3,9.3,2.5,0.0
2,2021-11-01 03:41:09,2021-11-01 03:48:20,5.0,1.85,1.0,N,162,43,1,8.0,0.5,0.5,2.36,0.0,0.3,14.16,2.5,0.0
2,2021-11-01 03:26:36,2021-11-01 03:45:50,1.0,5.34,1.0,N,211,36,1,19.0,0.5,0.5,4.56,0.0,0.3,27.36,2.5,0.0
2,2021-11-01 03:22:04,2021-11-01 03:46:30,1.0,15.69,3.0,N,68,1,1,59.5,0.5,0.0,0.0,14.75,0.3,75.05,0.0,0.0
2,2021-11-01 03:18:07,2021-11-01 03:32:37,1.0,3.11,1.0,N,144,25,1,13.0,0.5,0.5,2.52,0.0,0.3,19.32,2.5,0.0
2,2021-11-01 03:32:54,2021-11-01 03:43:38,1.0,5.32,1.0,N,25,256,1,16.5,0.5,0.5,3.56,0.0,0.3,21.36,0.0,0.0
2,2021-11-01 03:21:39,2021-11-01 03:21:44,1.0,0.0,5.0,N,70,70,1,20.0,0.0,0.5,0.2,0.0,0.3,21.0,0.0,0.0
2,2021-11-01 03:03:24,2021-11-01 03:11:03,1.0,1.64,1.0,N,166,239,1,8.0,0.5,0.5,2.36,0.0,0.3,14.16,2.5,0.0
2,2021-11-01 03:19:12,2021-11-01 03:35:04,1.0,4.11,1.0,N,143,74,2,15.0,0.5,0.5,0.0,0.0,0.3,18.8,2.5,0.0
2,2021-11-01 03:45:40,2021-11-01 03:54:29,1.0,4.44,1.0,N,148,140,1,14.0,0.5,0.5,3.56,0.0,0.3,21.36,2.5,0.0
1,2021-11-01 03:08:45,2021-11-01 03:17:46,1.0,2.4,1.0,Y,90,231,1,9.5,3.0,0.5,2.65,0.0,0.3,15.95,2.5,0.0
1,2021-11-01 03:26:12,2021-11-01 03:28:08,2.0,0.7,1.0,N,249,186,1,4.0,3.0,0.5,1.55,0.0,0.3,9.35,2.5,0.0
1,2021-11-01 03:29:00,2021-11-01 03:39:53,2.0,2.0,1.0,N,186,224,1,9.5,3.0,0.5,2.65,0.0,0.3,15.95,2.5,0.0
1,2021-11-01 03:51:35,2021-11-01 04:03:39,1.0,3.3,1.0,N,114,256,1,12.5,3.0,0.5,0.0,0.0,0.3,16.3,2.5,0.0
2,2021-11-01 03:29:26,2021-11-01 03:47:55,1.0,5.49,1.0,N,137,41,1,18.0,0.5,0.5,4.36,0.0,0.3,26.16,2.5,0.0
2,2021-11-01 03:11:47,2021-11-01 03:17:51,1.0,1.56,1.0,N,36,160,2,7.0,0.5,0.5,0.0,0.0,0.3,8.3,0.0,0.0
1,2021-11-01 03:16:54,2021-11-01 03:37:05,2.0,4.9,1.0,N,230,261,1,18.0,3.0,0.5,1.0,0.0,0.3,22.8,2.5,0.0
2,2021-11-01 03:01:45,2021-11-01 03:09:10,2.0,1.28,1.0,N,162,142,1,7.0,0.5,0.5,2.16,0.0,0.3,12.96,2.5,0.0
2,2021-11-01 03:24:20,2021-11-01 03:28:13,1.0,0.51,1.0,N,186,107,1,4.5,0.5,0.5,1.66,0.0,0.3,9.96,2.5,0.0
2,2021-11-01 03:58:58,2021-11-01 04:30:18,2.0,17.81,2.0,N,230,132,2,52.0,0.0,0.5,0.0,0.0,0.3,55.3,2.5,0.0
2,2021-11-01 03:16:56,2021-11-01 03:39:42,1.0,7.62,1.0,N,36,100,1,23.5,0.5,0.5,5.46,0.0,0.3,32.76,2.5,0.0
2,2021-11-01 03:45:47,2021-11-01 03:54:57,1.0,2.04,1.0,N,186,50,1,9.0,0.5,0.5,1.0,0.0,0.3,13.8,2.5,0.0
2,2021-11-01 03:45:39,2021-11-01 03:46:44,1.0,0.36,1.0,N,48,48,1,3.0,0.5,0.5,1.36,0.0,0.3,8.16,2.5,0.0
2,2021-11-01 03:40:05,2021-11-01 04:17:25,1.0,6.75,1.0,N,114,7,2,24.5,0.5,0.5,0.0,0.0,0.3,28.3,2.5,0.0
2,2021-11-01 03:30:14,2021-11-01 03:30:37,1.0,0.0,5.0,N,114,114,1,70.0,0.0,0.5,14.66,0.0,0.3,87.96,2.5,0.0
2,2021-11-01 03:47:12,2021-11-01 04:10:49,1.0,21.71,2.0,N,132,229,1,52.0,0.0,0.5,9.46,6.55,0.3,72.56,2.5,1.25
2,2021-11-01 03:11:15,2021-11-01 03:23:46,1.0,2.8,1.0,N,143,75,2,11.0,0.5,0.5,0.0,0.0,0.3,14.8,2.5,0.0
2,2021-11-01 03:53:09,2021-11-01 04:05:32,1.0,4.08,1.0,N,230,232,2,14.0,0.5,0.5,0.0,0.0,0.3,17.8,2.5,0.0
2,2021-11-01 03:51:02,2021-11-01 03:59:16,1.0,0.87,1.0,N,163,141,1,7.0,0.5,0.5,2.16,0.0,0.3,12.96,2.5,0.0
1,2021-11-01 03:10:02,2021-11-01 03:16:23,2.0,1.4,1.0,N,249,79,1,7.0,3.0,0.5,2.15,0.0,0.3,12.95,2.5,0.0
1,2021-11-01 03:29:59,2021-11-01 03:36:01,1.0,2.1,1.0,N,137,141,1,8.0,3.0,0.5,2.95,0.0,0.3,14.75,2.5,0.0
1,2021-11-01 03:50:56,2021-11-01 04:01:28,1.0,3.0,1.0,N,79,48,2,11.0,3.0,0.5,0.0,0.0,0.3,14.8,2.5,0.0
2,2021-11-01 03:05:12,2021-11-01 03:17:36,1.0,2.62,1.0,N,164,143,1,11.0,0.5,0.5,0.0,0.0,0.3,14.8,2.5,0.0
2,2021-11-01 03:36:43,2021-11-01 03:52:11,1.0,4.39,1.0,N,90,97,1,15.5,0.5,0.5,3.86,0.0,0.3,23.16,2.5,0.0
2,2021-11-01 03:14:47,2021-11-01 03:38:45,1.0,4.38,1.0,N,125,237,2,16.5,0.5,0.5,0.0,0.0,0.3,20.3,2.5,0.0
2,2021-11-01 03:30:08,2021-11-01 03:45:05,1.0,3.52,1.0,N,246,141,1,13.5,0.5,0.5,3.46,0.0,0.3,20.76,2.5,0.0
2,2021-11-01 03:41:21,2021-11-01 03:48:14,1.0,1.37,1.0,N,148,87,1,7.0,0.5,0.5,2.16,0.0,0.3,12.96,2.5,0.0
2,2021-11-01 03:55:49,2021-11-01 04:16:33,1.0,13.41,3.0,N,261,1,2,53.5,0.5,0.0,0.0,11.75,0.3,66.05,0.0,0.0
2,2021-11-01 03:37:43,2021-11-01 04:01:39,1.0,11.96,1.0,N,230,138,2,34.5,0.5,0.5,0.0,6.55,0.3,44.85,2.5,0.0
1,2021-11-01 03:02:08,2021-11-01 03:19:08,1.0,5.7,1.0,N,79,75,1,19.5,3.0,0.5,5.8,0.0,0.3,29.1,2.5,0.0
1,2021-11-01 03:52:30,2021-11-01 04:28:49,1.0,19.9,2.0,N,132,161,1,52.0,3.75,0.5,11.3,0.0,0.3,67.85,2.5,1.25
2,2021-11-01 03:56:14,2021-11-01 04:11:51,2.0,6.42,1.0,N,132,258,2,20.0,0.5,0.5,0.0,0.0,0.3,22.55,0.0,1.25
2,2021-11-01 03:00:30,2021-11-01 03:04:15,2.0,1.1,1.0,N,137,79,2,5.5,0.5,0.5,0.0,0.0,0.3,9.3,2.5,0.0
2,2021-11-01 03:09:57,2021-11-01 03:14:16,1.0,1.04,1.0,N,68,90,2,5.5,0.5,0.5,0.0,0.0,0.3,9.3,2.5,0.0
2,2021-11-01 03:16:37,2021-11-01 03:22:25,1.0,1.5,1.0,N,90,246,1,7.0,0.5,0.5,2.7,0.0,0.3,13.5,2.5,0.0
2,2021-11-01 03:25:10,2021-11-01 03:50:32,1.0,7.55,1.0,N,246,112,2,25.5,0.5,0.5,0.0,0.0,0.3,29.3,2.5,0.0
2,2021-11-01 02:11:08,2021-11-01 02:29:48,1.0,5.46,1.0,N,186,87,1,19.5,0.5,0.5,4.66,0.0,0.3,27.96,2.5,0.0
2,2021-11-01 02:40:46,2021-11-01 02:49:09,1.0,1.64,1.0,N,90,48,2,8.0,0.5,0.5,0.0,0.0,0.3,11.8,2.5,0.0
1,2021-11-01 03:15:53,2021-11-01 03:35:58,1.0,6.0,1.0,N,79,188,1,20.5,3.0,0.5,4.85,0.0,0.3,29.15,2.5,0.0
2,2021-11-01 03:11:58,2021-11-01 03:17:47,3.0,1.24,1.0,N,234,68,1,6.0,0.5,0.5,2.0,0.0,0.3,11.8,2.5,0.0
2,2021-11-01 03:19:22,2021-11-01 03:33:17,1.0,2.4,1.0,N,68,233,2,12.0,0.5,0.5,0.0,0.0,0.3,15.8,2.5,0.0
2,2021-11-01 03:59:46,2021-11-01 04:05:49,2.0,1.4,1.0,N,90,230,1,6.5,0.5,0.5,2.06,0.0,0.3,12.36,2.5,0.0
1,2021-11-01 03:12:33,2021-11-01 03:19:58,1.0,1.9,1.0,N,249,246,1,8.0,3.0,0.5,2.5,0.0,0.3,14.3,2.5,0.0
1,2021-11-01 03:24:14,2021-11-01 03:38:22,1.0,5.1,1.0,N,246,166,1,17.0,3.0,0.5,1.0,0.0,0.3,21.8,2.5,0.0
1,2021-11-01 03:47:25,2021-11-01 04:00:03,1.0,2.1,1.0,N,238,41,1,11.0,0.5,0.5,3.05,0.0,0.3,15.35,0.0,0.0
2,2021-11-01 03:12:41,2021-11-01 03:30:30,1.0,4.89,1.0,N,249,263,1,16.5,0.5,0.5,4.06,0.0,0.3,24.36,2.5,0.0
2,2021-11-01 02:20:19,2021-11-01 02:39:06,3.0,6.26,1.0,N,148,181,1,21.0,0.5,0.5,4.96,0.0,0.3,29.76,2.5,0.0
1,2021-11-01 03:19:43,2021-11-01 03:28:12,1.0,2.3,1.0,N,249,230,2,9.0,3.0,0.5,0.0,0.0,0.3,12.8,2.5,0.0
1,2021-11-01 03:29:02,2021-11-01 03:46:07,2.0,3.6,1.0,N,230,125,1,14.5,3.0,0.5,4.55,0.0,0.3,22.85,2.5,0.0
1,2021-11-01 03:53:17,2021-11-01 04:03:12,2.0,2.2,1.0,N,158,50,1,9.5,3.0,0.5,1.0,0.0,0.3,14.3,2.5,0.0
1,2021-11-01 03:32:08,2021-11-01 03:46:15,1.0,4.3,1.0,N,230,226,1,15.0,3.0,0.5,4.7,0.0,0.3,23.5,2.5,0.0
1,2021-11-01 03:59:07,2021-11-01 04:11:59,4.0,3.1,1.0,N,141,90,1,12.0,3.0,0.5,2.0,0.0,0.3,17.8,2.5,0.0
2,2021-11-01 03:07:24,2021-11-01 03:32:22,1.0,10.13,1.0,N,132,117,2,30.5,0.5,0.5,0.0,0.0,0.3,33.05,0.0,1.25
2,2021-11-01 03:04:52,2021-11-01 03:11:59,1.0,1.53,1.0,N,68,137,1,7.5,0.5,0.5,3.39,0.0,0.3,14.69,2.5,0.0
2,2021-11-01 03:36:16,2021-11-01 03:55:33,1.0,8.83,1.0,N,170,70,1,26.0,0.5,0.5,7.27,6.55,0.3,43.62,2.5,0.0
2,2021-11-01 03:31:29,2021-11-01 03:37:59,1.0,2.31,1.0,N,249,161,1,8.5,0.5,0.5,2.46,0.0,0.3,14.76,2.5,0.0
2,2021-11-01 03:40:30,2021-11-01 03:52:07,1.0,3.36,1.0,N,230,75,1,12.0,0.5,0.5,3.16,0.0,0.3,18.96,2.5,0.0
2,2021-11-01 03:54:53,2021-11-01 04:14:46,1.0,17.91,2.0,N,75,132,1,52.0,0.0,0.5,10.0,6.55,0.3,69.35,0.0,0.0
2,2021-11-01 03:53:01,2021-11-01 04:10:21,1.0,6.49,1.0,N,148,263,1,21.5,0.5,0.5,5.06,0.0,0.3,30.36,2.5,0.0
2,2021-11-01 03:47:22,2021-11-01 04:09:51,1.0,18.28,2.0,N,132,232,1,52.0,0.0,0.5,11.31,0.0,0.3,67.86,2.5,1.25
2,2021-11-01 03:15:21,2021-11-01 03:15:58,1.0,0.03,5.0,N,230,230,2,-18.44,0.0,-0.5,0.0,0.0,-0.3,-21.74,-2.5,0.0
2,2021-11-01 03:15:21,2021-11-01 03:15:58,1.0,0.03,5.0,N,230,230,2,18.44,0.0,0.5,0.0,0.0,0.3,21.74,2.5,0.0
2,2021-11-01 03:18:23,2021-11-01 03:37:48,1.0,5.06,1.0,N,230,223,1,18.0,0.5,0.5,4.36,0.0,0.3,26.16,2.5,0.0
2,2021-11-01 03:47:38,2021-11-01 04:28:13,4.0,32.27,5.0,N,234,265,1,180.0,0.0,0.0,10.0,0.0,0.3,192.8,2.5,0.0
2,2021-11-01 03:12:49,2021-11-01 03:21:12,1.0,2.3,1.0,N,141,50,1,8.5,0.5,0.5,2.46,0.0,0.3,14.76,2.5,0.0
2,2021-11-01 03:42:49,2021-11-01 03:52:08,1.0,1.6,1.0,N,125,79,1,8.5,0.5,0.5,2.46,0.0,0.3,14.76,2.5,0.0
2,2021-11-01 03:55:27,2021-11-01 04:07:22,1.0,4.18,1.0,N,148,141,1,13.5,0.5,0.5,3.46,0.0,0.3,20.76,2.5,0.0
2,2021-11-01 03:07:14,2021-11-01 03:12:13,1.0,1.23,1.0,N,90,246,1,6.0,0.5,0.5,1.0,0.0,0.3,10.8,2.5,0.0
2,2021-11-01 03:34:42,2021-11-01 03:50:14,1.0,4.99,1.0,N,164,226,1,17.0,0.5,0.5,2.0,0.0,0.3,22.8,2.5,0.0
2,2021-11-01 03:38:03,2021-11-01 03:50:45,1.0,2.89,1.0,N,79,48,1,11.5,0.5,0.5,3.06,0.0,0.3,18.36,2.5,0.0
2,2021-11-01 03:54:05,2021-11-01 04:06:16,1.0,4.26,1.0,N,48,41,2,13.5,0.5,0.5,0.0,0.0,0.3,17.3,2.5,0.0
1,2021-11-01 03:46:40,2021-11-01 04:12:35,2.0,20.5,2.0,N,132,140,1,52.0,3.75,0.5,12.6,6.55,0.3,75.7,2.5,1.25
1,2021-11-01 03:18:43,2021-11-01 03:45:02,3.0,5.0,1.0,N,148,170,1,20.5,3.0,0.5,0.0,0.0,0.3,24.3,2.5,0.0
2,2021-11-01 03:20:51,2021-11-01 03:53:39,1.0,7.7,1.0,N,79,40,1,28.0,0.5,0.5,9.54,0.0,0.3,41.34,2.5,0.0
1,2021-11-01 03:03:42,2021-11-01 03:22:53,0.0,4.0,1.0,N,90,263,1,16.0,3.0,0.5,0.0,0.0,0.3,19.8,2.5,0.0
1,2021-11-01 03:32:40,2021-11-01 03:52:04,0.0,7.0,1.0,N,237,138,1,22.5,3.0,0.5,5.25,0.0,0.3,31.55,2.5,0.0
2,2021-11-01 03:33:04,2021-11-01 03:42:57,4.0,2.68,1.0,N,148,186,1,10.0,0.5,0.5,2.76,0.0,0.3,16.56,2.5,0.0
2,2021-11-01 03:44:23,2021-11-01 03:49:20,4.0,0.54,1.0,N,186,186,1,5.0,0.5,0.5,2.64,0.0,0.3,11.44,2.5,0.0
2,2021-11-01 03:50:53,2021-11-01 04:00:17,2.0,1.71,1.0,N,186,79,1,8.5,0.5,0.5,2.46,0.0,0.3,14.76,2.5,0.0
2,2021-11-01 02:57:32,2021-11-01 03:03:51,1.0,2.21,1.0,N,211,186,1,8.0,0.5,0.5,2.36,0.0,0.3,14.16,2.5,0.0
2,2021-11-01 03:12:52,2021-11-01 03:23:06,1.0,2.05,1.0,N,90,79,1,9.5,0.5,0.5,0.0,0.0,0.3,13.3,2.5,0.0
2,2021-11-01 03:25:23,2021-11-01 03:36:57,1.0,6.37,1.0,N,79,262,1,19.0,0.5,0.5,4.56,0.0,0.3,27.36,2.5,0.0
2,2021-11-01 03:54:04,2021-11-01 03:54:38,1.0,0.0,5.0,N,186,264,1,50.0,0.0,0.5,0.0,0.0,0.3,53.3,2.5,0.0
2,2021-11-01 03:55:42,2021-11-01 04:11:49,1.0,4.44,1.0,N,186,263,1,15.5,0.5,0.5,0.0,0.0,0.3,19.3,2.5,0.0
1,2021-11-01 03:06:23,2021-11-01 03:29:22,1.0,6.4,1.0,N,68,62,2,22.0,3.0,0.5,0.0,0.0,0.3,25.8,2.5,0.0
1,2021-11-01 03:13:58,2021-11-01 03:17:15,1.0,1.1,1.0,N,107,170,1,5.0,3.0,0.5,1.75,0.0,0.3,10.55,2.5,0.0
1,2021-11-01 03:24:10,2021-11-01 03:49:15,1.0,7.3,1.0,N,79,223,1,23.5,3.0,0.5,6.8,0.0,0.3,34.1,2.5,0.0
1,2021-11-01 03:39:41,2021-11-01 03:45:03,2.0,1.4,1.0,N,90,246,1,6.5,3.0,0.5,1.0,0.0,0.3,11.3,2.5,0.0
1,2021-11-01 03:48:51,2021-11-01 03:54:38,2.0,1.0,1.0,N,68,170,1,6.0,3.0,0.5,0.0,0.0,0.3,9.8,2.5,0.0
2,2021-11-01 03:13:23,2021-11-01 03:21:53,5.0,2.32,1.0,N,79,170,1,9.5,0.5,0.5,3.99,0.0,0.3,17.29,2.5,0.0
2,2021-11-01 03:25:09,2021-11-01 03:46:11,5.0,6.41,1.0,N,164,49,1,21.5,0.5,0.5,5.06,0.0,0.3,30.36,2.5,0.0
2,2021-11-01 03:57:30,2021-11-01 04:02:56,5.0,1.1,1.0,N,148,79,1,6.0,0.5,0.5,1.96,0.0,0.3,11.76,2.5,0.0
2,2021-11-01 03:10:03,2021-11-01 03:11:38,1.0,0.44,1.0,N,231,231,2,3.5,0.5,0.5,0.0,0.0,0.3,7.3,2.5,0.0
2,2021-11-01 03:21:10,2021-11-01 03:27:29,1.0,2.38,1.0,N,125,230,1,8.5,0.5,0.5,10.0,0.0,0.3,22.3,2.5,0.0
2,2021-11-01 03:36:08,2021-11-01 03:36:12,2.0,0.19,5.0,N,164,264,1,30.0,0.0,0.0,7.58,0.0,0.3,37.88,0.0,0.0
2,2021-11-01 03:56:10,2021-11-01 03:56:12,1.0,0.0,5.0,N,264,264,1,15.0,0.0,0.0,3.06,0.0,0.3,18.36,0.0,0.0
1,2021-11-01 03:02:13,2021-11-01 03:08:15,3.0,0.9,1.0,N,264,264,1,6.0,0.5,0.5,1.45,0.0,0.3,8.75,0.0,0.0
1,2021-11-01 03:15:08,2021-11-01 03:19:44,1.0,0.8,1.0,N,264,264,1,5.5,0.5,0.5,1.35,0.0,0.3,8.15,0.0,0.0
1,2021-11-01 03:33:42,2021-11-01 03:47:14,2.0,3.3,1.0,N,264,264,1,13.0,0.5,0.5,2.85,0.0,0.3,17.15,0.0,0.0
1,2021-11-01 03:58:16,2021-11-01 04:02:28,2.0,1.2,1.0,N,264,264,1,6.0,0.5,0.5,2.15,0.0,0.3,9.45,0.0,0.0
1,2021-11-01 03:12:17,2021-11-01 03:21:38,1.0,2.6,1.0,N,186,239,2,9.0,3.0,0.5,0.0,0.0,0.3,12.8,2.5,0.0
1,2021-11-01 03:40:55,2021-11-01 03:47:23,1.0,1.4,1.0,N,186,48,1,6.5,3.0,0.5,2.05,0.0,0.3,12.35,2.5,0.0
1,2021-11-01 03:59:28,2021-11-01 04:08:12,1.0,2.0,1.0,N,48,239,1,8.0,4.0,0.5,2.55,0.0,0.3,15.35,2.5,0.0
2,2021-11-01 03:28:57,2021-11-01 03:28:59,1.0,0.0,5.0,N,264,264,1,70.0,0.0,0.0,0.0,0.0,0.3,70.3,0.0,0.0
2,2021-11-01 03:11:14,2021-11-01 03:36:15,2.0,12.79,1.0,N,107,14,1,36.5,0.5,0.5,8.06,0.0,0.3,48.36,2.5,0.0
1,2021-11-01 03:07:10,2021-11-01 03:16:56,1.0,2.2,1.0,N,90,148,2,9.5,3.0,0.5,0.0,0.0,0.3,13.3,2.5,0.0
1,2021-11-01 03:24:53,2021-11-01 03:31:48,1.0,2.4,1.0,N,148,256,1,9.5,3.0,0.5,2.65,0.0,0.3,15.95,2.5,0.0
2,2021-11-01 02:58:13,2021-11-01 03:04:46,2.0,1.58,1.0,N,79,164,1,7.0,0.5,0.5,2.16,0.0,0.3,12.96,2.5,0.0
2,2021-11-01 03:08:27,2021-11-01 03:23:17,1.0,3.31,1.0,N,164,87,1,13.5,0.5,0.5,3.46,0.0,0.3,20.76,2.5,0.0
1,2021-11-01 03:47:49,2021-11-01 03:55:54,1.0,3.1,1.0,N,186,239,1,10.5,3.0,0.5,2.0,0.0,0.3,16.3,2.5,0.0
2,2021-11-01 03:11:09,2021-11-01 03:32:40,1.0,6.98,1.0,N,113,223,2,22.0,0.5,0.5,0.0,0.0,0.3,25.8,2.5,0.0
2,2021-11-01 03:04:02,2021-11-01 03:23:23,5.0,6.5,1.0,N,264,264,2,21.0,0.5,0.5,0.0,0.0,0.3,22.3,0.0,0.0
2,2021-11-01 04:00:33,2021-11-01 04:10:53,5.0,2.08,1.0,N,264,264,1,9.5,0.5,0.5,2.16,0.0,0.3,12.96,0.0,0.0
2,2021-11-01 03:14:18,2021-11-01 03:41:43,1.0,20.32,1.0,N,132,18,2,54.0,0.5,0.5,0.0,6.55,0.3,63.1,0.0,1.25
1,2021-11-01 03:08:27,2021-11-01 03:14:27,0.0,1.2,1.0,N,107,90,1,6.5,3.0,0.5,2.05,0.0,0.3,12.35,2.5,0.0
1,2021-11-01 03:15:50,2021-11-01 03:26:49,1.0,2.4,1.0,Y,90,144,1,10.0,3.0,0.5,2.76,0.0,0.3,16.56,2.5,0.0
1,2021-11-01 03:37:27,2021-11-01 03:46:19,1.0,2.0,1.0,N,158,148,1,8.5,3.0,0.5,2.45,0.0,0.3,14.75,2.5,0.0
1,2021-11-01 03:59:49,2021-11-01 04:07:10,1.0,1.6,1.0,N,170,48,2,7.5,3.0,0.5,0.0,0.0,0.3,11.3,2.5,0.0
2,2021-11-01 03:22:45,2021-11-01 03:32:01,1.0,2.14,1.0,N,151,143,2,9.5,0.5,0.5,0.0,0.0,0.3,13.3,2.5,0.0
2,2021-11-01 03:36:32,2021-11-01 03:39:07,1.0,0.85,1.0,N,50,163,1,4.5,0.5,0.5,1.0,0.0,0.3,9.3,2.5,0.0
2,2021-11-01 03:40:57,2021-11-01 03:51:36,1.0,2.29,1.0,N,163,263,1,10.0,0.5,0.5,1.4,0.0,0.3,15.2,2.5,0.0
2,2021-11-01 03:57:53,2021-11-01 04:07:13,1.0,2.99,1.0,N,141,113,1,10.5,0.5,0.5,2.86,0.0,0.3,17.16,2.5,0.0
1,2021-11-01 03:13:51,2021-11-01 03:43:09,1.0,7.2,1.0,N,234,223,1,25.5,3.0,0.5,2.0,0.0,0.3,31.3,2.5,0.0
2,2021-11-01 03:57:43,2021-11-01 04:20:15,1.0,6.61,1.0,N,142,129,1,22.0,0.5,0.5,6.45,0.0,0.3,32.25,2.5,0.0
2,2021-11-01 03:18:03,2021-11-01 03:32:59,1.0,4.27,1.0,N,48,68,1,15.0,0.5,0.5,3.76,0.0,0.3,22.56,2.5,0.0
2,2021-11-01 03:48:15,2021-11-01 04:12:42,1.0,10.5,1.0,N,230,138,1,31.0,0.5,0.5,0.0,0.0,0.3,34.8,2.5,0.0
2,2021-11-01 03:11:54,2021-11-01 03:20:29,2.0,2.61,1.0,N,148,186,1,9.5,0.5,0.5,2.66,0.0,0.3,15.96,2.5,0.0
2,2021-11-01 03:24:15,2021-11-01 03:28:04,2.0,0.93,1.0,N,186,68,1,5.0,0.5,0.5,1.76,0.0,0.3,10.56,2.5,0.0
2,2021-11-01 03:32:31,2021-11-01 03:33:50,2.0,0.0,1.0,N,68,68,1,3.0,0.5,0.5,0.0,0.0,0.3,6.8,2.5,0.0
2,2021-11-01 03:39:48,2021-11-01 03:46:54,2.0,1.96,1.0,N,249,209,1,8.0,0.5,0.5,2.36,0.0,0.3,14.16,2.5,0.0
2,2021-11-01 03:48:26,2021-11-01 04:08:12,2.0,12.36,1.0,N,209,138,1,34.5,0.5,0.5,9.58,0.0,0.3,47.88,2.5,0.0
2,2021-11-01 03:45:10,2021-11-01 04:13:49,6.0,10.74,1.0,N,163,92,1,34.0,0.5,0.5,1.0,0.0,0.3,38.8,2.5,0.0
1,2021-11-01 03:49:56,2021-11-01 03:52:41,2.0,0.4,1.0,N,116,116,2,4.0,0.0,0.5,0.0,0.0,0.3,4.8,0.0,0.0
2,2021-11-01 03:26:31,2021-11-01 03:40:46,1.0,2.47,1.0,N,234,148,2,11.5,0.5,0.5,0.0,0.0,0.3,15.3,2.5,0.0
2,2021-11-01 03:59:13,2021-11-01 04:11:14,1.0,2.31,1.0,N,158,45,1,11.0,0.5,0.5,2.96,0.0,0.3,17.76,2.5,0.0
2,2021-11-01 03:02:57,2021-11-01 03:12:28,1.0,1.89,1.0,N,224,234,1,9.0,0.5,0.5,2.56,0.0,0.3,15.36,2.5,0.0
2,2021-11-01 03:13:38,2021-11-01 03:20:31,1.0,1.74,1.0,N,234,230,2,7.5,0.5,0.5,0.0,0.0,0.3,11.3,2.5,0.0
2,2021-11-01 03:31:50,2021-11-01 03:31:52,1.0,0.0,1.0,N,264,264,2,2.5,0.5,0.5,0.0,0.0,0.3,3.8,0.0,0.0
2,2021-11-01 03:32:11,2021-11-01 03:32:45,1.0,0.05,1.0,N,100,100,2,2.5,0.5,0.5,0.0,0.0,0.3,6.3,2.5,0.0
2,2021-11-01 03:33:16,2021-11-01 04:01:45,1.0,8.69,1.0,N,68,129,1,29.0,0.5,0.5,6.56,0.0,0.3,39.36,2.5,0.0
2,2021-11-01 03:08:58,2021-11-01 03:12:49,1.0,1.19,1.0,N,113,79,1,6.0,0.5,0.5,1.96,0.0,0.3,11.76,2.5,0.0
2,2021-11-01 03:14:37,2021-11-01 03:22:24,1.0,3.12,1.0,N,79,140,1,10.5,0.5,0.5,2.86,0.0,0.3,17.16,2.5,0.0
2,2021-11-01 03:27:27,2021-11-01 03:31:39,1.0,1.6,1.0,N,141,263,1,7.0,0.5,0.5,2.16,0.0,0.3,12.96,2.5,0.0
2,2021-11-01 03:15:06,2021-11-01 03:29:29,1.0,3.09,1.0,N,114,68,2,12.0,0.5,0.5,0.0,0.0,0.3,15.8,2.5,0.0
2,2021-11-01 03:35:49,2021-11-01 03:57:49,1.0,16.0,2.0,N,170,132,1,52.0,0.0,0.5,12.37,6.55,0.3,74.22,2.5,0.0
1,2021-11-01 03:12:54,2021-11-01 03:35:59,1.0,6.8,1.0,N,148,35,2,23.0,3.0,0.5,0.0,0.0,0.3,26.8,2.5,0.0
1,2021-11-01 03:59:48,2021-11-01 04:08:18,1.0,3.0,1.0,N,148,80,1,11.5,3.0,0.5,4.55,0.0,0.3,19.85,2.5,0.0
2,2021-11-01 03:29:33,2021-11-01 03:36:22,1.0,1.33,1.0,N,163,170,1,7.0,0.5,0.5,2.7,0.0,0.3,13.5,2.5,0.0
2,2021-11-01 03:08:24,2021-11-01 03:14:46,1.0,1.45,1.0,N,166,152,1,7.0,0.5,0.5,1.0,0.0,0.3,9.3,0.0,0.0
1,2021-11-01 03:08:05,2021-11-01 03:20:25,1.0,2.2,1.0,N,164,143,1,10.5,3.0,0.5,3.55,0.0,0.3,17.85,2.5,0.0
1,2021-11-01 03:33:16,2021-11-01 03:46:53,1.0,4.1,1.0,N,100,75,1,14.0,3.0,0.5,3.0,0.0,0.3,20.8,2.5,0.0
2,2021-11-01 03:36:26,2021-11-01 03:46:16,2.0,2.35,1.0,N,148,164,1,10.0,0.5,0.5,7.0,0.0,0.3,20.8,2.5,0.0
1,2021-11-01 03:50:47,2021-11-01 04:06:51,2.0,3.4,1.0,N,230,230,1,14.0,3.0,0.5,3.55,0.0,0.3,21.35,2.5,0.0
2,2021-11-01 03:05:30,2021-11-01 03:06:51,1.0,0.36,1.0,N,68,249,1,3.0,0.5,0.5,4.88,0.0,0.3,11.68,2.5,0.0
2,2021-11-01 03:11:47,2021-11-01 03:15:06,1.0,1.1,1.0,N,90,246,2,5.0,0.5,0.5,0.0,0.0,0.3,8.8,2.5,0.0
2,2021-11-01 03:22:13,2021-11-01 03:28:27,1.0,1.55,1.0,N,246,170,1,7.0,0.5,0.5,1.0,0.0,0.3,11.8,2.5,0.0
2,2021-11-01 03:39:05,2021-11-01 03:53:40,1.0,2.88,1.0,N,68,229,1,12.5,0.5,0.5,3.26,0.0,0.3,19.56,2.5,0.0
2,2021-11-01 03:38:23,2021-11-01 04:04:22,1.0,17.5,5.0,N,163,132,2,65.0,0.0,0.0,0.0,6.55,0.3,74.35,2.5,0.0
2,2021-11-01 03:04:54,2021-11-01 03:17:09,1.0,3.15,1.0,N,79,217,1,12.5,0.5,0.5,3.26,0.0,0.3,19.56,2.5,0.0
1,2021-11-01 03:37:26,2021-11-01 03:46:59,2.0,2.6,1.0,N,148,68,1,10.0,3.0,0.5,1.0,0.0,0.3,14.8,2.5,0.0
1,2021-11-01 03:48:43,2021-11-01 03:54:27,3.0,1.2,1.0,N,68,158,1,6.5,3.0,0.5,2.05,0.0,0.3,12.35,2.5,0.0
1,2021-11-01 03:55:18,2021-11-01 04:19:29,2.0,11.4,1.0,N,158,89,1,32.5,3.0,0.5,9.05,0.0,0.3,45.35,2.5,0.0
2,2021-11-01 03:09:33,2021-11-01 03:21:28,1.0,3.63,1.0,N,48,75,1,12.5,0.5,0.5,3.26,0.0,0.3,19.56,2.5,0.0
2,2021-11-01 03:31:32,2021-11-01 03:53:22,1.0,6.35,1.0,N,162,17,1,21.0,0.5,0.5,6.2,0.0,0.3,31.0,2.5,0.0
2,2021-11-01 03:00:44,2021-11-01 03:16:06,1.0,9.81,1.0,N,132,39,2,28.0,0.5,0.5,0.0,0.0,0.3,30.55,0.0,1.25
2,2021-11-01 03:57:19,2021-11-01 04:18:34,1.0,10.73,1.0,N,132,57,2,31.0,0.5,0.5,0.0,0.0,0.3,33.55,0.0,1.25
2,2021-11-01 03:14:38,2021-11-01 03:38:17,1.0,8.29,1.0,N,132,77,1,26.5,0.5,0.5,10.0,0.0,0.3,39.05,0.0,1.25
1,2021-11-01 03:21:17,2021-11-01 03:35:17,2.0,2.1,1.0,N,230,170,1,10.5,3.0,0.5,2.85,0.0,0.3,17.15,2.5,0.0
2,2021-11-01 03:12:21,2021-11-01 03:17:37,1.0,1.69,1.0,N,79,79,1,7.5,0.5,0.5,3.0,0.0,0.3,14.3,2.5,0.0
2,2021-11-01 03:00:22,2021-11-01 03:08:02,4.0,1.36,1.0,N,114,45,2,7.5,0.5,0.5,0.0,0.0,0.3,11.3,2.5,0.0
2,2021-11-01 03:48:51,2021-11-01 04:00:11,3.0,2.59,1.0,N,234,50,1,11.0,0.5,0.5,1.0,0.0,0.3,15.8,2.5,0.0
2,2021-11-01 03:18:49,2021-11-01 03:18:53,1.0,0.0,5.0,N,144,144,4,-10.0,0.0,0.0,0.0,0.0,-0.3,-12.8,-2.5,0.0
2,2021-11-01 03:18:49,2021-11-01 03:18:53,1.0,0.0,5.0,N,144,144,2,10.0,0.0,0.0,0.0,0.0,0.3,12.8,2.5,0.0
2,2021-11-01 03:09:27,2021-11-01 03:12:37,1.0,0.15,5.0,N,186,264,1,10.0,0.0,0.5,50.0,0.0,0.3,63.3,2.5,0.0
2,2021-11-01 03:15:52,2021-11-01 03:25:30,2.0,1.83,1.0,N,186,48,1,9.0,0.5,0.5,1.0,0.0,0.3,13.8,2.5,0.0
2,2021-11-01 03:00:38,2021-11-01 03:07:01,1.0,1.46,1.0,N,263,238,1,7.0,0.5,0.5,2.16,0.0,0.3,12.96,2.5,0.0
2,2021-11-01 03:17:21,2021-11-01 03:29:50,2.0,3.35,1.0,N,48,79,1,12.0,0.5,0.5,3.16,0.0,0.3,18.96,2.5,0.0
2,2021-11-01 03:31:47,2021-11-01 03:51:27,1.0,5.21,1.0,N,79,239,1,18.5,0.5,0.5,0.0,0.0,0.3,22.3,2.5,0.0
2,2021-11-01 03:55:42,2021-11-01 04:04:36,1.0,1.97,1.0,N,239,230,1,9.0,0.5,0.5,2.56,0.0,0.3,15.36,2.5,0.0
2,2021-11-01 03:08:58,2021-11-01 03:14:28,1.0,2.41,1.0,N,107,141,2,8.5,0.5,0.5,0.0,0.0,0.3,12.3,2.5,0.0
2,2021-11-01 03:22:04,2021-11-01 03:25:22,1.0,1.12,1.0,N,230,90,1,5.0,0.5,0.5,1.76,0.0,0.3,10.56,2.5,0.0
2,2021-11-01 03:28:09,2021-11-01 03:31:22,1.0,0.58,1.0,N,90,79,2,4.5,0.5,0.5,0.0,0.0,0.3,8.3,2.5,0.0
2,2021-11-01 02:59:27,2021-11-01 03:07:26,1.0,1.46,1.0,N,164,68,2,7.5,0.5,0.5,0.0,0.0,0.3,11.3,2.5,0.0
1,2021-11-01 03:10:59,2021-11-01 03:16:20,1.0,0.8,1.0,N,230,50,1,5.5,3.0,0.0,2.6,0.0,0.3,11.4,2.5,0.0
1,2021-11-01 03:28:31,2021-11-01 03:37:49,1.0,3.5,1.0,N,68,238,1,11.5,3.0,0.0,2.95,0.0,0.3,17.75,2.5,0.0
1,2021-11-01 03:56:34,2021-11-01 04:01:41,2.0,1.4,1.0,N,238,75,1,7.0,0.5,0.0,10.0,0.0,0.3,17.8,0.0,0.0
1,2021-11-01 03:18:40,2021-11-01 03:20:46,2.0,0.6,1.0,N,234,100,1,4.0,3.0,0.5,0.0,0.0,0.3,7.8,2.5,0.0
1,2021-11-01 03:23:34,2021-11-01 03:28:16,2.0,1.5,1.0,N,164,50,1,6.5,3.0,0.5,2.05,0.0,0.3,12.35,2.5,0.0
1,2021-11-01 03:46:12,2021-11-01 03:49:23,0.0,1.2,1.0,N,186,163,3,5.5,3.0,0.5,0.0,0.0,0.3,9.3,2.5,0.0
2,2021-11-01 03:43:25,2021-11-01 03:57:04,3.0,6.07,1.0,N,100,42,1,19.0,0.5,0.5,5.7,0.0,0.3,28.5,2.5,0.0
2,2021-11-01 03:09:04,2021-11-01 03:14:07,3.0,1.24,1.0,N,42,41,2,6.5,0.5,0.5,0.0,0.0,0.3,7.8,0.0,0.0
2,2021-11-01 03:26:04,2021-11-01 03:36:08,1.0,2.04,1.0,N,164,237,1,9.5,0.5,0.5,1.5,0.0,0.3,14.8,2.5,0.0
2,2021-11-01 03:05:29,2021-11-01 03:21:20,3.0,3.4,1.0,N,263,48,1,13.5,0.5,0.5,3.46,0.0,0.3,20.76,2.5,0.0
2,2021-11-01 03:46:38,2021-11-01 03:50:01,3.0,0.74,1.0,N,100,230,1,4.5,0.5,0.5,1.66,0.0,0.3,9.96,2.5,0.0
1,2021-11-01 03:22:18,2021-11-01 03:25:13,0.0,0.7,1.0,N,80,255,1,4.5,0.5,0.5,1.4,0.0,0.3,7.2,0.0,0.0
2,2021-11-01 03:22:06,2021-11-01 03:46:46,1.0,6.42,1.0,N,263,129,2,22.0,0.5,0.5,0.0,0.0,0.3,25.8,2.5,0.0
2,2021-11-01 03:14:04,2021-11-01 03:21:16,1.0,1.38,1.0,N,90,48,1,7.5,0.5,0.5,1.08,0.0,0.3,12.38,2.5,0.0
2,2021-11-01 03:38:21,2021-11-01 03:50:23,1.0,3.85,1.0,N,230,247,2,12.5,0.5,0.5,0.0,0.0,0.3,16.3,2.5,0.0
2,2021-11-01 03:55:53,2021-11-01 04:13:35,1.0,3.89,1.0,N,43,90,1,14.5,0.5,0.5,3.66,0.0,0.3,21.96,2.5,0.0
2,2021-11-01 03:05:10,2021-11-01 03:15:53,1.0,2.21,1.0,N,163,90,1,9.5,0.5,0.5,2.66,0.0,0.3,15.96,2.5,0.0
2,2021-11-01 03:10:15,2021-11-01 03:29:07,1.0,2.86,1.0,N,79,68,1,15.0,0.5,0.5,2.08,0.0,0.3,20.88,2.5,0.0
2,2021-11-01 03:33:16,2021-11-01 03:37:31,1.0,1.79,1.0,N,90,48,1,6.5,0.5,0.5,2.06,0.0,0.3,12.36,2.5,0.0
2,2021-11-01 03:44:40,2021-11-01 04:00:23,1.0,7.0,1.0,N,230,80,2,21.0,0.5,0.5,0.0,6.55,0.3,31.35,2.5,0.0
1,2021-11-01 03:41:30,2021-11-01 03:43:52,0.0,0.0,1.0,N,107,107,3,3.5,3.0,0.5,0.0,0.0,0.3,7.3,2.5,0.0
1,2021-11-01 03:47:41,2021-11-01 04:05:43,0.0,5.7,1.0,N,234,112,2,19.0,3.0,0.5,0.0,0.0,0.3,22.8,2.5,0.0
2,2021-11-01 03:15:34,2021-11-01 03:17:56,1.0,0.23,1.0,N,90,90,4,-3.5,-0.5,-0.5,0.0,0.0,-0.3,-7.3,-2.5,0.0
2,2021-11-01 03:15:34,2021-11-01 03:17:56,1.0,0.23,1.0,N,90,90,2,3.5,0.5,0.5,0.0,0.0,0.3,7.3,2.5,0.0
2,2021-11-01 03:56:56,2021-11-01 04:00:58,1.0,0.97,1.0,N,141,233,1,5.0,0.5,0.5,1.0,0.0,0.3,9.8,2.5,0.0
2,2021-11-01 03:13:29,2021-11-01 03:25:52,1.0,4.22,1.0,N,237,166,1,13.5,0.5,0.5,3.46,0.0,0.3,20.76,2.5,0.0
2,2021-11-01 03:51:44,2021-11-01 04:16:10,1.0,8.5,1.0,N,100,244,2,26.0,0.5,0.5,0.0,0.0,0.3,29.8,2.5,0.0
2,2021-11-01 03:09:55,2021-11-01 03:17:03,1.0,1.16,1.0,N,230,234,2,7.0,0.5,0.5,0.0,0.0,0.3,10.8,2.5,0.0
2,2021-11-01 03:22:32,2021-11-01 03:35:11,1.0,2.38,1.0,N,164,79,2,10.5,0.5,0.5,0.0,0.0,0.3,14.3,2.5,0.0
2,2021-11-01 03:46:00,2021-11-01 04:06:37,1.0,4.34,1.0,N,79,13,1,17.5,0.5,0.5,3.83,0.0,0.3,25.13,2.5,0.0
2,2021-11-01 03:39:03,2021-11-01 03:59:30,1.0,4.48,1.0,N,163,7,2,17.0,0.5,0.5,0.0,0.0,0.3,20.8,2.5,0.0
1,2021-11-01 03:20:02,2021-11-01 03:47:04,0.0,8.5,1.0,N,113,152,1,28.5,3.0,0.5,2.0,0.0,0.3,34.3,2.5,0.0
2,2021-11-01 03:50:12,2021-11-01 04:13:59,2.0,6.26,1.0,N,231,238,1,21.5,0.5,0.5,6.32,0.0,0.3,31.62,2.5,0.0
2,2021-11-01 03:22:52,2021-11-01 03:26:15,1.0,1.07,1.0,N,48,246,2,5.5,0.5,0.5,0.0,0.0,0.3,9.3,2.5,0.0
2,2021-11-01 03:28:55,2021-11-01 03:52:41,4.0,6.71,1.0,N,246,116,1,22.5,0.5,0.5,1.0,0.0,0.3,27.3,2.5,0.0
2,2021-11-01 03:51:04,2021-11-01 04:23:01,1.0,23.89,1.0,N,132,220,1,63.0,0.5,0.5,14.42,6.55,0.3,86.52,0.0,1.25
1,2021-11-01 04:18:32,2021-11-01 04:44:34,1.0,7.9,1.0,Y,162,138,2,26.0,3.0,0.5,0.0,0.0,0.3,29.8,2.5,0.0
1,2021-11-01 04:10:58,2021-11-01 04:20:03,1.0,2.9,1.0,N,230,211,1,10.0,3.0,0.5,1.0,0.0,0.3,14.8,2.5,0.0
1,2021-11-01 04:25:33,2021-11-01 04:55:20,1.0,7.7,1.0,N,114,89,1,26.5,3.0,0.5,6.05,0.0,0.3,36.35,2.5,0.0
1,2021-11-01 04:22:36,2021-11-01 04:37:54,1.0,2.5,1.0,N,223,70,2,10.5,0.5,0.5,0.0,0.0,0.3,11.8,0.0,0.0
2,2021-11-01 04:50:39,2021-11-01 04:58:46,1.0,1.92,1.0,N,186,114,1,8.0,0.5,0.5,2.36,0.0,0.3,14.16,2.5,0.0
2,2021-11-01 04:02:43,2021-11-01 04:20:47,1.0,7.12,1.0,N,166,114,1,22.0,0.5,0.5,5.16,0.0,0.3,30.96,2.5,0.0
2,2021-11-01 04:46:08,2021-11-01 05:02:28,1.0,5.48,1.0,N,186,256,1,18.0,0.5,0.5,4.36,0.0,0.3,26.16,2.5,0.0
1,2021-11-01 04:47:41,2021-11-01 05:00:32,1.0,4.2,1.0,N,151,162,1,14.0,3.0,0.5,5.3,0.0,0.3,23.1,2.5,0.0
1,2021-11-01 04:23:07,2021-11-01 04:51:18,1.0,17.7,3.0,N,186,1,1,65.5,0.5,0.0,10.0,14.75,0.3,91.05,0.0,0.0
1,2021-11-01 04:24:18,2021-11-01 04:33:55,1.0,2.5,1.0,N,48,234,2,10.0,3.0,0.5,0.0,0.0,0.3,13.8,2.5,0.0
1,2021-11-01 04:35:26,2021-11-01 04:43:24,1.0,2.0,1.0,Y,113,100,2,8.5,3.0,0.5,0.0,0.0,0.3,12.3,2.5,0.0
2,2021-11-01 04:38:33,2021-11-01 04:41:35,1.0,0.93,1.0,N,239,142,1,5.0,0.5,0.5,2.64,0.0,0.3,11.44,2.5,0.0
2,2021-11-01 04:50:21,2021-11-01 05:11:06,2.0,5.52,1.0,N,48,260,2,19.5,0.5,0.5,0.0,0.0,0.3,23.3,2.5,0.0
2,2021-11-01 05:06:02,2021-11-01 05:37:22,2.0,20.42,2.0,N,238,132,1,52.0,0.0,0.5,12.37,6.55,0.3,74.22,2.5,0.0
2,2021-11-01 04:30:59,2021-11-01 04:50:01,1.0,10.88,1.0,N,107,138,2,30.0,0.5,0.5,0.0,6.55,0.3,40.35,2.5,0.0
2,2021-11-01 04:43:41,2021-11-01 05:02:30,1.0,6.55,1.0,N,79,24,2,20.0,0.5,0.5,0.0,0.0,0.3,23.8,2.5,0.0
2,2021-11-01 04:56:44,2021-11-01 05:16:01,1.0,10.67,1.0,N,137,182,1,30.5,0.5,0.5,2.0,0.0,0.3,36.3,2.5,0.0
2,2021-11-01 04:04:48,2021-11-01 04:10:49,1.0,2.46,1.0,N,140,224,1,9.0,0.5,0.5,3.2,0.0,0.3,16.0,2.5,0.0
2,2021-11-01 04:20:32,2021-11-01 04:27:40,1.0,1.19,1.0,N,114,148,2,7.0,0.5,0.5,0.0,0.0,0.3,10.8,2.5,0.0
2,2021-11-01 04:33:04,2021-11-01 04:57:16,1.0,6.92,1.0,N,79,238,1,23.5,0.5,0.5,2.5,0.0,0.3,29.8,2.5,0.0
2,2021-11-01 04:04:23,2021-11-01 04:37:59,1.0,20.79,2.0,N,132,238,1,52.0,0.0,0.5,12.62,6.55,0.3,75.72,2.5,1.25
2,2021-11-01 04:00:10,2021-11-01 04:10:45,2.0,2.11,1.0,N,90,4,2,9.5,0.5,0.5,0.0,0.0,0.3,13.3,2.5,0.0
2,2021-11-01 04:20:12,2021-11-01 04:44:15,1.0,5.5,1.0,N,79,61,2,20.0,0.5,0.5,0.0,0.0,0.3,23.8,2.5,0.0
2,2021-11-01 04:58:30,2021-11-01 05:37:31,2.0,32.98,4.0,N,132,265,1,118.0,0.5,0.5,25.42,6.55,0.3,152.52,0.0,1.25
1,2021-11-01 04:19:33,2021-11-01 04:20:14,1.0,0.0,1.0,N,193,193,3,2.5,0.5,0.5,0.0,0.0,0.3,3.8,0.0,0.0
1,2021-11-01 04:20:26,2021-11-01 04:21:31,1.0,0.0,1.0,N,193,193,3,2.5,0.5,0.5,0.0,0.0,0.3,3.8,0.0,0.0
1,2021-11-01 04:27:42,2021-11-01 04:29:04,1.0,0.0,1.0,N,193,193,4,2.5,0.5,0.5,0.0,0.0,0.3,3.8,0.0,0.0
1,2021-11-01 04:05:45,2021-11-01 04:10:08,1.0,0.8,1.0,N,246,48,2,5.5,3.0,0.5,0.0,0.0,0.3,9.3,2.5,0.0
1,2021-11-01 04:20:13,2021-11-01 04:27:47,2.0,1.5,1.0,N,246,234,1,7.5,3.0,0.5,2.25,0.0,0.3,13.55,2.5,0.0
1,2021-11-01 04:33:17,2021-11-01 04:49:45,2.0,5.7,1.0,Y,234,166,1,17.5,3.0,0.5,4.25,0.0,0.3,25.55,2.5,0.0
1,2021-11-01 04:28:52,2021-11-01 04:41:11,1.0,2.7,1.0,N,143,262,1,11.5,3.0,0.5,3.05,0.0,0.3,18.35,2.5,0.0
1,2021-11-01 04:46:30,2021-11-01 05:21:17,1.0,18.6,3.0,N,141,1,1,69.0,0.5,0.0,15.0,19.45,0.3,104.25,0.0,0.0
2,2021-11-01 04:16:58,2021-11-01 04:37:31,2.0,10.58,1.0,N,48,138,1,30.5,0.5,0.5,6.13,6.55,0.3,46.98,2.5,0.0
2,2021-11-01 04:00:18,2021-11-01 04:21:01,1.0,17.62,2.0,N,132,233,1,52.0,0.0,0.5,6.9,6.55,0.3,70.0,2.5,1.25
2,2021-11-01 04:22:53,2021-11-01 04:29:42,1.0,2.34,1.0,N,233,232,2,9.5,0.5,0.5,0.0,0.0,0.3,13.3,2.5,0.0
2,2021-11-01 04:11:15,2021-11-01 04:30:28,6.0,5.3,1.0,N,137,226,1,18.5,0.5,0.5,4.46,0.0,0.3,26.76,2.5,0.0
1,2021-11-01 04:12:49,2021-11-01 04:20:09,4.0,1.4,1.0,N,125,79,1,7.5,3.0,0.5,0.0,0.0,0.3,11.3,2.5,0.0
1,2021-11-01 04:22:32,2021-11-01 04:54:17,3.0,14.7,1.0,N,224,208,2,42.0,3.0,0.5,0.0,0.0,0.3,45.8,2.5,0.0
1,2021-11-01 04:33:45,2021-11-01 04:52:47,1.0,10.2,1.0,N,163,138,1,29.0,3.0,0.5,5.0,0.0,0.3,37.8,2.5,0.0
2,2021-11-01 03:57:40,2021-11-01 04:03:26,1.0,1.93,1.0,N,186,142,2,7.5,0.5,0.5,0.0,0.0,0.3,11.3,2.5,0.0
2,2021-11-01 04:08:38,2021-11-01 04:13:57,1.0,1.52,1.0,N,230,50,2,6.5,0.5,0.5,0.0,0.0,0.3,10.3,2.5,0.0
2,2021-11-01 04:16:55,2021-11-01 04:25:24,1.0,2.35,1.0,N,48,90,1,9.0,0.5,0.5,3.2,0.0,0.3,16.0,2.5,0.0
2,2021-11-01 04:26:58,2021-11-01 04:46:51,1.0,8.77,1.0,N,90,116,1,27.0,0.5,0.5,6.16,0.0,0.3,36.96,2.5,0.0
2,2021-11-01 04:13:18,2021-11-01 04:16:27,1.0,0.7,1.0,N,237,236,2,4.5,0.5,0.5,0.0,0.0,0.3,8.3,2.5,0.0
2,2021-11-01 04:13:56,2021-11-01 04:20:40,6.0,1.2,1.0,N,163,233,2,7.0,0.5,0.5,0.0,0.0,0.3,10.8,2.5,0.0
2,2021-11-01 04:36:07,2021-11-01 04:43:25,6.0,1.19,1.0,N,163,230,1,7.0,0.5,0.5,1.0,0.0,0.3,11.8,2.5,0.0
2,2021-11-01 04:47:32,2021-11-01 04:51:52,6.0,1.44,1.0,N,230,143,1,6.0,0.5,0.5,2.94,0.0,0.3,12.74,2.5,0.0
2,2021-11-01 04:54:03,2021-11-01 05:08:29,1.0,4.69,1.0,N,151,243,2,16.0,0.5,0.5,0.0,0.0,0.3,17.3,0.0,0.0
2,2021-11-01 04:43:47,2021-11-01 05:06:19,2.0,11.87,1.0,N,230,138,1,34.0,0.5,0.5,13.3,6.55,0.3,57.65,2.5,0.0
1,2021-11-01 04:08:00,2021-11-01 04:22:07,0.0,3.8,1.0,N,148,112,1,14.0,3.0,0.5,3.0,0.0,0.3,20.8,2.5,0.0
1,2021-11-01 04:32:13,2021-11-01 04:35:27,0.0,0.8,1.0,N,79,4,1,4.5,3.0,0.5,1.65,0.0,0.3,9.95,2.5,0.0
2,2021-11-01 04:04:24,2021-11-01 04:30:57,2.0,16.0,1.0,N,132,112,1,44.0,0.5,0.5,0.01,0.0,0.3,46.56,0.0,1.25
2,2021-11-01 04:11:20,2021-11-01 04:25:10,1.0,4.0,1.0,N,164,145,2,14.5,0.5,0.5,0.0,0.0,0.3,18.3,2.5,0.0
2,2021-11-01 04:30:29,2021-11-01 04:42:25,2.0,6.02,1.0,N,141,87,1,18.5,0.5,0.5,4.46,0.0,0.3,26.76,2.5,0.0
2,2021-11-01 04:51:14,2021-11-01 05:07:14,2.0,5.02,1.0,N,113,238,1,16.5,0.5,0.5,4.06,0.0,0.3,24.36,2.5,0.0
2,2021-11-01 04:03:10,2021-11-01 04:38:49,1.0,16.04,1.0,N,132,89,1,45.0,0.5,0.5,9.26,0.0,0.3,56.81,0.0,1.25
1,2021-11-01 04:58:54,2021-11-01 05:03:33,1.0,0.8,1.0,N,48,143,1,5.0,3.0,0.5,1.75,0.0,0.3,10.55,2.5,0.0
1,2021-11-01 04:19:28,2021-11-01 04:48:19,1.0,14.4,1.0,N,141,178,1,41.0,3.0,0.5,4.0,0.0,0.3,48.8,2.5,0.0
2,2021-11-01 04:46:42,2021-11-01 05:02:58,1.0,5.34,1.0,N,158,263,1,17.0,0.5,0.5,5.2,0.0,0.3,26.0,2.5,0.0
1,2021-11-01 04:47:11,2021-11-01 04:54:36,0.0,1.6,1.0,N,48,233,1,7.5,3.0,0.5,2.25,0.0,0.3,13.55,2.5,0.0
1,2021-11-01 04:58:38,2021-11-01 05:18:17,0.0,5.1,1.0,N,137,179,2,18.0,3.0,0.5,0.0,0.0,0.3,21.8,2.5,0.0
1,2021-11-01 04:56:20,2021-11-01 04:59:55,1.0,0.0,1.0,N,191,19,1,15.2,0.0,0.5,0.0,0.0,0.3,16.0,0.0,0.0
2,2021-11-01 04:36:01,2021-11-01 04:38:15,3.0,0.54,1.0,N,48,48,1,4.0,0.5,0.5,1.56,0.0,0.3,9.36,2.5,0.0
2,2021-11-01 04:55:08,2021-11-01 04:57:01,1.0,0.68,1.0,N,151,166,1,4.0,0.5,0.5,1.06,0.0,0.3,6.36,0.0,0.0
2,2021-11-01 04:00:56,2021-11-01 04:09:43,1.0,0.73,1.0,N,114,148,2,7.0,0.5,0.5,0.0,0.0,0.3,10.8,2.5,0.0
2,2021-11-01 04:21:56,2021-11-01 04:36:53,1.0,2.65,1.0,N,79,100,1,12.5,0.5,0.5,3.26,0.0,0.3,19.56,2.5,0.0
2,2021-11-01 04:40:48,2021-11-01 04:45:11,1.0,1.54,1.0,N,186,48,1,6.0,0.5,0.5,1.96,0.0,0.3,11.76,2.5,0.0
2,2021-11-01 04:52:13,2021-11-01 05:09:05,1.0,6.33,1.0,N,48,42,1,21.0,0.5,0.5,2.0,0.0,0.3,26.8,2.5,0.0
1,2021-11-01 04:09:13,2021-11-01 04:21:19,1.0,3.7,1.0,N,230,75,1,13.0,3.0,0.5,5.0,0.0,0.3,21.8,2.5,0.0
1,2021-11-01 04:47:20,2021-11-01 05:15:32,2.0,16.3,3.0,N,107,1,1,62.0,0.5,0.0,16.1,17.75,0.3,96.65,0.0,0.0
2,2021-11-01 04:21:02,2021-11-01 04:37:53,2.0,5.23,1.0,N,114,263,2,17.0,0.5,0.5,0.0,0.0,0.3,20.8,2.5,0.0
2,2021-11-01 04:41:41,2021-11-01 04:55:00,2.0,3.83,1.0,N,263,68,1,13.5,0.5,0.5,3.46,0.0,0.3,20.76,2.5,0.0
1,2021-11-01 04:02:13,2021-11-01 04:22:14,1.0,4.8,1.0,N,148,177,3,17.5,3.0,0.5,0.0,0.0,0.3,21.3,2.5,0.0
1,2021-11-01 04:41:48,2021-11-01 05:04:01,1.0,5.2,1.0,N,37,96,1,18.5,0.5,0.5,3.95,0.0,0.3,23.75,0.0,0.0
2,2021-11-01 04:15:02,2021-11-01 04:38:01,1.0,6.18,1.0,N,100,129,2,21.5,0.5,0.5,0.0,0.0,0.3,25.3,2.5,0.0
2,2021-11-01 04:23:48,2021-11-01 04:51:51,1.0,18.48,5.0,N,211,132,2,67.55,0.0,0.5,0.0,0.0,0.3,70.85,2.5,0.0
1,2021-11-01 04:22:04,2021-11-01 04:27:52,1.0,1.3,1.0,N,137,48,4,6.5,3.0,0.5,0.0,0.0,0.3,10.3,2.5,0.0
1,2021-11-01 04:06:40,2021-11-01 04:13:56,2.0,1.5,1.0,N,246,170,2,7.5,3.0,0.5,0.0,0.0,0.3,11.3,2.5,0.0
1,2021-11-01 04:23:01,2021-11-01 04:27:32,1.0,0.8,1.0,N,186,107,1,5.0,3.0,0.5,2.6,0.0,0.3,11.4,2.5,0.0
2,2021-11-01 04:04:11,2021-11-01 04:18:25,2.0,4.17,1.0,N,100,75,1,14.5,0.5,0.5,1.0,0.0,0.3,19.3,2.5,0.0
1,2021-11-01 04:01:58,2021-11-01 04:16:30,1.0,2.4,1.0,N,79,229,1,13.0,3.0,0.5,0.0,0.0,0.3,16.8,2.5,0.0
1,2021-11-01 04:30:43,2021-11-01 04:46:21,1.0,9.1,1.0,N,141,138,1,25.5,3.0,0.5,0.0,6.55,0.3,35.85,2.5,0.0
1,2021-11-01 04:39:35,2021-11-01 05:10:39,1.0,8.3,1.0,N,48,225,1,28.0,3.0,0.5,2.0,0.0,0.3,33.8,2.5,0.0
1,2021-11-01 04:28:15,2021-11-01 04:42:59,1.0,4.5,1.0,N,161,226,1,16.0,3.0,0.5,4.2,0.0,0.3,24.0,2.5,0.0
1,2021-11-01 04:50:52,2021-11-01 05:13:30,1.0,11.8,5.0,N,226,265,1,70.0,0.0,0.0,16.4,11.75,0.3,98.45,0.0,0.0
2,2021-11-01 04:10:08,2021-11-01 04:17:41,2.0,2.15,1.0,N,162,68,1,8.5,0.5,0.5,2.46,0.0,0.3,14.76,2.5,0.0
2,2021-11-01 04:14:17,2021-11-01 04:24:58,1.0,1.93,1.0,N,141,48,2,9.5,0.5,0.5,0.0,0.0,0.3,13.3,2.5,0.0
2,2021-11-01 04:27:59,2021-11-01 04:32:41,1.0,1.32,1.0,N,230,142,2,6.0,0.5,0.5,0.0,0.0,0.3,9.8,2.5,0.0
2,2021-11-01 04:53:59,2021-11-01 05:05:11,2.0,2.9,1.0,N,148,170,1,11.0,0.5,0.5,0.0,0.0,0.3,14.8,2.5,0.0
2,2021-11-01 04:07:32,2021-11-01 04:10:26,2.0,0.55,1.0,N,234,107,2,4.0,0.5,0.5,0.0,0.0,0.3,7.8,2.5,0.0
2,2021-11-01 04:14:04,2021-11-01 04:35:55,2.0,7.33,1.0,N,137,129,2,23.5,0.5,0.5,0.0,0.0,0.3,27.3,2.5,0.0
2,2021-11-01 04:09:34,2021-11-01 04:17:43,1.0,2.63,1.0,N,246,229,1,9.5,0.5,0.5,2.66,0.0,0.3,15.96,2.5,0.0
2,2021-11-01 04:22:38,2021-11-01 04:40:58,1.0,9.61,1.0,N,229,127,2,28.0,0.5,0.5,0.0,0.0,0.3,31.8,2.5,0.0
1,2021-11-01 04:10:48,2021-11-01 04:32:20,1.0,10.0,1.0,N,114,244,1,29.5,3.0,0.5,10.0,0.0,0.3,43.3,2.5,0.0
1,2021-11-01 04:50:57,2021-11-01 05:14:05,1.0,9.3,1.0,N,151,138,1,28.5,0.5,0.5,7.25,6.55,0.3,43.6,0.0,0.0
2,2021-11-01 04:19:21,2021-11-01 04:27:45,3.0,1.9,1.0,N,141,170,1,8.5,0.5,0.5,2.46,0.0,0.3,14.76,2.5,0.0
2,2021-11-01 04:11:37,2021-11-01 04:20:21,3.0,2.06,1.0,N,140,164,1,9.0,0.5,0.5,2.56,0.0,0.3,15.36,2.5,0.0
2,2021-11-01 04:21:45,2021-11-01 04:28:33,1.0,1.55,1.0,N,164,249,1,7.5,0.5,0.5,2.26,0.0,0.3,13.56,2.5,0.0
2,2021-11-01 04:45:05,2021-11-01 04:59:45,1.0,4.66,1.0,N,100,74,2,15.0,0.5,0.5,0.0,0.0,0.3,18.8,2.5,0.0
1,2021-11-01 04:11:25,2021-11-01 04:33:39,2.0,7.2,1.0,N,107,152,2,22.5,3.0,0.5,0.0,0.0,0.3,26.3,2.5,0.0
1,2021-11-01 04:42:56,2021-11-01 04:49:04,1.0,1.2,1.0,N,151,238,1,7.0,3.0,0.5,2.0,0.0,0.3,12.8,2.5,0.0
1,2021-11-01 04:16:01,2021-11-01 04:34:50,1.0,5.4,1.0,N,48,87,2,18.5,3.0,0.5,0.0,0.0,0.3,22.3,2.5,0.0
1,2021-11-01 04:50:44,2021-11-01 04:59:02,1.0,1.3,1.0,N,114,79,2,7.5,3.0,0.5,0.0,0.0,0.3,11.3,2.5,0.0
2,2021-11-01 04:32:38,2021-11-01 04:33:44,3.0,0.47,1.0,N,263,263,2,3.5,0.5,0.5,0.0,0.0,0.3,7.3,2.5,0.0
2,2021-11-01 04:36:03,2021-11-01 04:36:06,2.0,0.0,1.0,N,263,264,1,2.5,0.5,0.5,2.0,0.0,0.3,5.8,0.0,0.0
2,2021-11-01 04:56:35,2021-11-01 05:10:09,3.0,8.62,1.0,N,263,138,1,24.0,0.5,0.5,6.87,6.55,0.3,41.22,2.5,0.0
1,2021-11-01 04:01:01,2021-11-01 04:21:31,1.0,5.6,1.0,Y,48,97,1,19.5,3.0,0.5,10.0,0.0,0.3,33.3,2.5,0.0
1,2021-11-01 04:38:38,2021-11-01 04:44:01,1.0,1.2,1.0,N,249,137,2,6.5,3.0,0.5,0.0,0.0,0.3,10.3,2.5,0.0
1,2021-11-01 04:44:33,2021-11-01 04:44:50,2.0,0.0,5.0,N,132,132,1,63.0,1.25,0.0,12.9,0.0,0.3,77.45,0.0,1.25
2,2021-11-01 04:15:27,2021-11-01 04:33:50,1.0,9.37,1.0,N,79,42,2,27.5,0.5,0.5,0.0,0.0,0.3,31.3,2.5,0.0
2,2021-11-01 04:16:50,2021-11-01 04:31:03,1.0,5.7,1.0,N,48,41,1,18.5,0.5,0.5,1.0,0.0,0.3,23.3,2.5,0.0
1,2021-11-01 04:50:34,2021-11-01 04:52:57,1.0,0.9,1.0,N,137,186,1,4.5,3.0,0.5,1.25,0.0,0.3,9.55,2.5,0.0
1,2021-11-01 04:56:17,2021-11-01 04:57:42,1.0,0.2,2.0,N,48,48,2,52.0,2.5,0.5,0.0,0.0,0.3,55.3,2.5,0.0
1,2021-11-01 04:58:00,2021-11-01 05:22:08,1.0,15.9,3.0,N,48,265,1,60.5,0.5,0.0,10.0,11.75,0.3,83.05,0.0,0.0
1,2021-11-01 04:12:37,2021-11-01 04:20:48,2.0,2.7,1.0,N,79,229,1,9.5,3.0,0.5,3.95,0.0,0.3,17.25,2.5,0.0
1,2021-11-01 04:22:55,2021-11-01 04:26:59,1.0,1.6,1.0,N,229,140,1,6.0,3.0,0.5,0.0,0.0,0.3,9.8,2.5,0.0
1,2021-11-01 04:37:29,2021-11-01 04:41:17,1.0,0.7,1.0,N,229,161,1,5.0,3.0,0.5,1.5,0.0,0.3,10.3,2.5,0.0
2,2021-11-01 04:40:05,2021-11-01 04:53:33,1.0,8.0,1.0,N,262,138,1,23.5,0.5,0.5,6.77,6.55,0.3,40.62,2.5,0.0
1,2021-11-01 04:36:39,2021-11-01 04:45:43,1.0,1.7,1.0,N,232,113,1,8.5,3.0,0.5,2.45,0.0,0.3,14.75,2.5,0.0
1,2021-11-01 04:52:25,2021-11-01 05:06:19,0.0,9.1,1.0,N,79,119,2,25.5,3.0,0.5,0.0,0.0,0.3,29.3,2.5,0.0
1,2021-11-01 04:01:53,2021-11-01 04:06:00,1.0,0.8,1.0,N,107,137,1,5.0,3.0,0.5,1.75,0.0,0.3,10.55,2.5,0.0
1,2021-11-01 04:09:53,2021-11-01 04:15:19,1.0,1.4,1.0,N,170,229,1,6.5,3.0,0.5,0.0,0.0,0.3,10.3,2.5,0.0
1,2021-11-01 04:17:50,2021-11-01 04:30:37,1.0,4.2,1.0,N,141,41,1,14.0,3.0,0.5,2.0,0.0,0.3,19.8,2.5,0.0
1,2021-11-01 04:35:49,2021-11-01 04:44:44,1.0,3.1,1.0,N,50,75,1,10.5,3.0,0.5,3.55,0.0,0.3,17.85,2.5,0.0
2,2021-11-01 03:54:07,2021-11-01 04:21:54,2.0,17.71,2.0,N,132,107,1,52.0,0.0,0.5,15.78,6.55,0.3,78.88,2.5,1.25
2,2021-11-01 04:00:26,2021-11-01 04:28:43,2.0,8.05,1.0,N,246,111,1,27.0,0.5,0.5,7.7,0.0,0.3,38.5,2.5,0.0
2,2021-11-01 04:24:53,2021-11-01 04:38:13,2.0,4.49,1.0,N,79,263,1,14.5,0.5,0.5,4.58,0.0,0.3,22.88,2.5,0.0
2,2021-11-01 04:42:37,2021-11-01 04:58:26,2.0,9.03,1.0,N,141,138,1,26.0,0.5,0.5,7.27,6.55,0.3,43.62,2.5,0.0
2,2021-11-01 04:11:53,2021-11-01 04:19:23,1.0,1.73,1.0,N,238,75,1,8.0,0.5,0.5,2.95,0.0,0.3,14.75,2.5,0.0
1,2021-11-01 04:57:15,2021-11-01 05:03:30,1.0,1.0,1.0,N,230,170,1,6.5,3.0,0.5,3.0,0.0,0.3,13.3,2.5,0.0
2,2021-11-01 04:00:40,2021-11-01 04:00:41,1.0,0.11,5.0,N,264,264,1,25.0,0.0,0.5,5.16,0.0,0.3,30.96,0.0,0.0
2,2021-11-01 04:32:43,2021-11-01 04:32:47,1.0,0.01,3.0,N,90,186,2,20.0,0.5,0.0,0.0,0.0,0.3,20.8,0.0,0.0
2,2021-11-01 04:33:08,2021-11-01 04:40:16,1.0,2.34,1.0,N,186,50,1,9.0,0.5,0.5,2.56,0.0,0.3,15.36,2.5,0.0
2,2021-11-01 04:58:47,2021-11-01 04:58:59,3.0,0.0,5.0,N,265,265,1,60.0,0.0,0.0,10.0,0.0,0.3,70.3,0.0,0.0
1,2021-11-01 04:05:18,2021-11-01 04:12:31,1.0,1.4,1.0,N,163,230,1,7.0,3.0,0.5,1.0,0.0,0.3,11.8,2.5,0.0
1,2021-11-01 04:21:05,2021-11-01 04:25:33,1.0,1.1,1.0,N,163,141,2,5.5,3.0,0.5,0.0,0.0,0.3,9.3,2.5,0.0
1,2021-11-01 04:06:14,2021-11-01 04:09:27,1.0,1.3,1.0,N,114,90,1,5.5,3.0,0.5,2.3,0.0,0.3,11.6,2.5,0.0
1,2021-11-01 04:14:06,2021-11-01 04:19:21,3.0,1.3,1.0,N,68,230,1,6.5,3.0,0.5,1.0,0.0,0.3,11.3,2.5,0.0
1,2021-11-01 04:21:09,2021-11-01 04:32:59,2.0,2.6,1.0,N,100,211,1,11.0,3.0,0.5,1.0,0.0,0.3,15.8,2.5,0.0
1,2021-11-01 04:37:46,2021-11-01 05:01:52,1.0,15.5,1.0,N,125,131,2,43.0,3.0,0.5,0.0,0.0,0.3,46.8,2.5,0.0
1,2021-11-01 04:26:33,2021-11-01 04:36:03,2.0,2.4,1.0,N,239,140,1,10.0,3.0,0.5,1.66,0.0,0.3,15.46,2.5,0.0
1,2021-11-01 04:58:49,2021-11-01 05:13:20,1.0,5.1,1.0,N,50,148,1,17.0,3.0,0.5,2.0,0.0,0.3,22.8,2.5,0.0
2,2021-11-01 04:02:15,2021-11-01 04:17:31,1.0,9.32,1.0,N,164,138,1,26.5,0.5,0.5,7.37,6.55,0.3,44.22,2.5,0.0
2,2021-11-01 04:20:08,2021-11-01 04:58:27,1.0,10.77,1.0,N,68,223,1,35.5,0.5,0.5,1.0,0.0,0.3,40.3,2.5,0.0
2,2021-11-01 04:08:02,2021-11-01 04:08:47,1.0,0.07,1.0,N,226,226,3,-2.5,-0.5,-0.5,0.0,0.0,-0.3,-3.8,0.0,0.0
2,2021-11-01 04:08:02,2021-11-01 04:08:47,1.0,0.07,1.0,N,226,226,2,2.5,0.5,0.5,0.0,0.0,0.3,3.8,0.0,0.0
2,2021-11-01 04:35:52,2021-11-01 04:58:43,1.0,10.59,1.0,N,145,78,2,31.0,0.5,0.5,0.0,0.0,0.3,34.8,2.5,0.0
1,2021-11-01 04:02:11,2021-11-01 04:28:14,1.0,19.5,2.0,N,132,75,2,52.0,3.75,0.5,0.0,6.55,0.3,63.1,2.5,1.25
2,2021-11-01 04:05:59,2021-11-01 04:06:43,1.0,0.02,1.0,N,146,146,3,-2.5,-0.5,-0.5,0.0,0.0,-0.3,-3.8,0.0,0.0
2,2021-11-01 04:05:59,2021-11-01 04:06:43,1.0,0.02,1.0,N,146,146,2,2.5,0.5,0.5,0.0,0.0,0.3,3.8,0.0,0.0
1,2021-11-01 04:01:05,2021-11-01 04:23:18,1.0,10.2,1.0,N,230,138,1,30.5,3.0,0.5,6.85,0.0,0.3,41.15,2.5,0.0
2,2021-11-01 04:12:50,2021-11-01 04:17:24,1.0,1.21,1.0,N,164,50,1,6.0,0.5,0.5,1.96,0.0,0.3,11.76,2.5,0.0
2,2021-11-01 04:46:43,2021-11-01 05:08:58,1.0,16.62,5.0,N,90,1,2,60.0,0.0,0.0,0.0,11.75,0.3,74.55,2.5,0.0
2,2021-11-01 03:57:04,2021-11-01 04:02:19,1.0,1.09,1.0,N,186,48,1,6.0,0.5,0.5,0.0,0.0,0.3,9.8,2.5,0.0
2,2021-11-01 04:05:55,2021-11-01 04:24:05,1.0,10.44,1.0,N,230,138,1,30.0,0.5,0.5,12.1,6.55,0.3,52.45,2.5,0.0
2,2021-11-01 04:39:11,2021-11-01 04:56:10,1.0,10.35,1.0,N,161,138,1,29.0,0.5,0.5,9.84,6.55,0.3,49.19,2.5,0.0
1,2021-11-01 04:04:26,2021-11-01 04:28:13,1.0,15.8,1.0,N,132,145,1,43.0,1.75,0.5,9.1,0.0,0.3,54.65,0.0,1.25
1,2021-11-01 04:40:46,2021-11-01 04:47:07,1.0,2.2,1.0,N,140,75,1,8.0,3.0,0.5,2.35,0.0,0.3,14.15,2.5,0.0
2,2021-11-01 04:27:11,2021-11-01 04:34:59,1.0,2.7,1.0,N,170,262,1,9.5,0.5,0.5,2.0,0.0,0.3,15.3,2.5,0.0
2,2021-11-01 04:48:37,2021-11-01 05:10:17,2.0,17.08,2.0,N,233,132,1,52.0,0.0,0.5,12.37,6.55,0.3,74.22,2.5,0.0
2,2021-11-01 04:14:10,2021-11-01 04:31:17,1.0,4.95,1.0,N,211,141,1,17.0,0.5,0.5,3.0,0.0,0.3,23.8,2.5,0.0
2,2021-11-01 04:33:32,2021-11-01 04:44:13,1.0,4.03,1.0,N,141,112,1,13.0,0.5,0.5,4.0,0.0,0.3,20.8,2.5,0.0
1,2021-11-01 04:17:49,2021-11-01 04:23:54,0.0,1.3,1.0,N,144,249,1,7.0,3.0,0.5,2.15,0.0,0.3,12.95,2.5,0.0
1,2021-11-01 04:51:44,2021-11-01 04:53:13,0.0,0.3,5.0,N,148,45,4,0.0,0.0,0.0,0.0,0.0,0.3,0.3,0.0,0.0
1,2021-11-01 04:54:17,2021-11-01 04:54:25,0.0,0.3,3.0,N,45,45,4,20.0,0.5,0.0,0.0,0.0,0.3,20.8,0.0,0.0
1,2021-11-01 04:00:10,2021-11-01 04:34:25,0.0,18.4,2.0,N,132,48,2,52.0,3.75,0.5,0.0,6.55,0.3,63.1,2.5,1.25
2,2021-11-01 04:49:57,2021-11-01 05:01:21,1.0,1.93,1.0,N,48,141,1,9.5,0.5,0.5,3.32,0.0,0.3,16.62,2.5,0.0
2,2021-11-01 04:04:16,2021-11-01 04:26:50,1.0,13.82,1.0,N,132,7,2,38.5,0.5,0.5,0.0,0.0,0.3,41.05,0.0,1.25
1,2021-11-01 04:39:08,2021-11-01 04:54:37,1.0,9.2,1.0,N,170,138,1,26.0,3.0,0.5,11.2,0.0,0.3,41.0,2.5,0.0
2,2021-11-01 04:06:55,2021-11-01 04:16:02,1.0,5.07,1.0,N,229,232,1,15.5,0.5,0.5,3.86,0.0,0.3,23.16,2.5,0.0
2,2021-11-01 04:21:12,2021-11-01 04:40:25,2.0,7.28,1.0,N,148,74,2,22.0,0.5,0.5,0.0,0.0,0.3,25.8,2.5,0.0
2,2021-11-01 04:57:19,2021-11-01 04:59:12,1.0,0.7,1.0,N,140,263,2,4.0,0.5,0.5,0.0,0.0,0.3,7.8,2.5,0.0
2,2021-11-01 04:11:28,2021-11-01 04:11:44,1.0,0.01,5.0,N,264,264,1,25.0,0.0,0.0,1.0,0.0,0.3,26.3,0.0,0.0
2,2021-11-01 04:32:50,2021-11-01 04:35:49,1.0,1.06,1.0,N,249,90,1,5.0,0.5,0.5,1.76,0.0,0.3,10.56,2.5,0.0
2,2021-11-01 04:02:49,2021-11-01 04:22:56,1.0,4.92,1.0,N,141,223,2,18.0,0.5,0.5,0.0,0.0,0.3,21.8,2.5,0.0
2,2021-11-01 04:42:41,2021-11-01 04:51:55,1.0,2.01,1.0,N,140,230,1,9.0,0.5,0.5,1.0,0.0,0.3,13.8,2.5,0.0
2,2021-11-01 04:09:38,2021-11-01 04:32:27,1.0,16.91,2.0,N,162,132,1,52.0,0.0,0.5,10.0,6.55,0.3,71.85,2.5,0.0
2,2021-11-01 04:50:47,2021-11-01 04:57:58,2.0,1.66,1.0,N,113,148,2,7.5,0.5,0.5,0.0,0.0,0.3,11.3,2.5,0.0
2,2021-11-01 04:02:02,2021-11-01 04:15:40,1.0,3.15,1.0,N,79,48,1,12.5,0.5,0.5,3.26,0.0,0.3,19.56,2.5,0.0
2,2021-11-01 04:17:03,2021-11-01 04:19:22,1.0,0.33,1.0,N,48,48,2,3.5,0.5,0.5,0.0,0.0,0.3,7.3,2.5,0.0
2,2021-11-01 04:24:12,2021-11-01 04:59:11,3.0,5.43,1.0,N,230,144,1,25.0,0.5,0.5,5.76,0.0,0.3,34.56,2.5,0.0
1,2021-11-01 04:42:36,2021-11-01 04:49:28,1.0,2.1,1.0,N,79,170,1,8.0,3.0,0.5,2.35,0.0,0.3,14.15,2.5,0.0
1,2021-11-01 04:01:45,2021-11-01 04:10:44,2.0,2.4,1.0,N,186,231,1,9.5,3.0,0.5,2.65,0.0,0.3,15.95,2.5,0.0
1,2021-11-01 04:16:17,2021-11-01 04:24:52,1.0,2.0,1.0,N,114,107,1,9.0,3.0,0.5,2.55,0.0,0.3,15.35,2.5,0.0
1,2021-11-01 04:35:36,2021-11-01 04:54:33,2.0,5.5,1.0,N,90,80,2,19.0,3.0,0.5,0.0,0.0,0.3,22.8,2.5,0.0
2,2021-11-01 04:06:22,2021-11-01 04:17:46,1.0,2.75,1.0,N,186,148,1,11.0,0.5,0.5,2.96,0.0,0.3,17.76,2.5,0.0
2,2021-11-01 04:22:46,2021-11-01 04:27:43,2.0,0.93,1.0,N,79,144,1,5.5,0.5,0.5,1.86,0.0,0.3,11.16,2.5,0.0
2,2021-11-01 04:49:31,2021-11-01 05:02:53,1.0,4.19,1.0,N,226,160,2,15.0,0.5,0.5,0.0,0.0,0.3,16.3,0.0,0.0
2,2021-11-01 04:24:55,2021-11-01 04:31:46,2.0,1.31,1.0,N,148,79,1,7.0,0.5,0.5,2.16,0.0,0.3,12.96,2.5,0.0
1,2021-11-01 04:38:02,2021-11-01 04:47:08,1.0,1.6,1.0,N,79,232,1,8.5,3.0,0.5,2.45,0.0,0.3,14.75,2.5,0.0
1,2021-11-01 04:53:57,2021-11-01 05:06:01,2.0,2.5,1.0,N,79,68,2,11.0,3.0,0.5,0.0,0.0,0.3,14.8,2.5,0.0
1,2021-11-01 04:09:33,2021-11-01 04:15:51,1.0,1.6,1.0,N,164,137,1,7.5,3.0,0.5,2.25,0.0,0.3,13.55,2.5,0.0
1,2021-11-01 04:22:44,2021-11-01 04:26:59,1.0,1.2,1.0,N,137,79,1,6.0,3.0,0.5,2.9,0.0,0.3,12.7,2.5,0.0
1,2021-11-01 04:30:58,2021-11-01 04:41:44,1.0,4.1,1.0,N,79,262,1,13.0,3.0,0.5,4.2,0.0,0.3,21.0,2.5,0.0
1,2021-11-01 04:46:10,2021-11-01 04:57:01,1.0,3.8,1.0,N,263,7,2,13.0,3.0,0.5,0.0,0.0,0.3,16.8,2.5,0.0
1,2021-11-01 04:14:00,2021-11-01 04:22:16,1.0,3.2,1.0,N,231,256,1,11.5,3.0,0.5,3.05,0.0,0.3,18.35,2.5,0.0
1,2021-11-01 04:33:16,2021-11-01 04:42:40,1.0,4.2,1.0,N,148,37,1,14.0,3.0,0.5,5.0,0.0,0.3,22.8,2.5,0.0
2,2021-11-01 04:08:18,2021-11-01 04:17:17,3.0,1.53,1.0,N,125,45,1,8.0,0.5,0.5,2.95,0.0,0.3,14.75,2.5,0.0
2,2021-11-01 04:01:45,2021-11-01 04:16:06,1.0,3.57,1.0,N,48,263,1,13.5,0.5,0.5,4.33,0.0,0.3,21.63,2.5,0.0
1,2021-11-01 04:03:23,2021-11-01 04:23:31,1.0,5.2,1.0,N,137,226,2,18.0,3.0,0.5,0.0,0.0,0.3,21.8,2.5,0.0
1,2021-11-01 04:40:44,2021-11-01 05:04:03,1.0,12.0,1.0,N,100,14,2,34.0,3.0,0.5,0.0,0.0,0.3,37.8,2.5,0.0
1,2021-11-01 04:05:16,2021-11-01 04:28:45,1.0,13.0,1.0,N,146,216,1,36.5,0.5,0.5,0.0,0.0,0.3,37.8,0.0,0.0
2,2021-11-01 04:59:10,2021-11-01 05:24:23,1.0,16.51,2.0,N,164,132,1,52.0,0.0,0.5,5.0,6.55,0.3,66.85,2.5,0.0
1,2021-11-01 04:29:37,2021-11-01 04:59:32,1.0,12.1,1.0,N,129,180,1,36.5,0.5,0.5,7.55,0.0,0.3,45.35,0.0,0.0
2,2021-11-01 04:18:53,2021-11-01 04:46:46,1.0,17.82,2.0,N,163,132,1,52.0,0.0,0.5,12.37,6.55,0.3,74.22,2.5,0.0
2,2021-11-01 04:06:53,2021-11-01 04:09:09,3.0,0.49,1.0,N,107,164,2,4.0,0.5,0.5,0.0,0.0,0.3,7.8,2.5,0.0
2,2021-11-01 04:10:03,2021-11-01 04:29:54,1.0,5.67,1.0,N,164,260,1,19.5,0.5,0.5,4.66,0.0,0.3,27.96,2.5,0.0
1,2021-11-01 04:22:37,2021-11-01 04:47:30,1.0,14.7,1.0,Y,229,51,2,40.0,3.0,0.5,0.0,0.0,0.3,43.8,2.5,0.0
2,2021-11-01 04:17:31,2021-11-01 04:32:32,1.0,5.7,1.0,N,238,238,2,19.0,0.5,0.5,0.0,0.0,0.3,22.8,2.5,0.0
2,2021-11-01 04:42:33,2021-11-01 04:57:21,1.0,3.17,1.0,N,143,170,1,13.0,0.5,0.5,4.2,0.0,0.3,21.0,2.5,0.0
2,2021-11-01 04:20:29,2021-11-01 04:51:24,1.0,17.77,1.0,N,135,68,1,49.5,0.5,0.5,0.0,6.55,0.3,57.35,0.0,0.0
2,2021-11-01 04:48:47,2021-11-01 05:02:03,1.0,3.21,1.0,N,41,119,1,13.0,0.5,0.5,0.0,0.0,0.3,14.3,0.0,0.0
2,2021-11-01 04:19:28,2021-11-01 04:20:02,1.0,0.07,5.0,N,265,265,1,15.0,0.0,0.0,3.06,0.0,0.3,18.36,0.0,0.0
2,2021-11-01 04:15:44,2021-11-01 04:31:24,1.0,5.32,1.0,N,238,125,1,17.5,0.5,0.5,6.39,0.0,0.3,27.69,2.5,0.0
2,2021-11-01 04:51:27,2021-11-01 04:58:06,1.0,1.78,1.0,N,239,43,1,7.5,0.5,0.5,1.92,0.0,0.3,13.22,2.5,0.0
2,2021-11-01 04:29:07,2021-11-01 04:48:27,1.0,7.82,1.0,N,79,41,1,24.0,0.5,0.5,6.95,0.0,0.3,34.75,2.5,0.0
2,2021-11-01 04:53:46,2021-11-01 05:00:13,1.0,1.26,1.0,N,41,74,2,6.5,0.5,0.5,0.0,0.0,0.3,7.8,0.0,0.0
1,2021-11-01 04:24:40,2021-11-01 04:33:34,2.0,2.6,1.0,N,100,144,2,9.5,3.0,0.5,0.0,0.0,0.3,13.3,2.5,0.0
2,2021-11-01 04:36:47,2021-11-01 04:44:20,1.0,2.8,1.0,N,79,141,1,9.5,0.5,0.5,2.66,0.0,0.3,15.96,2.5,0.0
2,2021-11-01 04:19:05,2021-11-01 04:53:04,1.0,9.53,1.0,N,173,173,2,32.5,0.5,0.5,0.0,0.0,0.3,33.8,0.0,0.0
1,2021-11-01 04:25:00,2021-11-01 04:42:37,1.0,7.1,1.0,N,141,138,1,22.0,3.0,0.5,7.7,0.0,0.3,33.5,2.5,0.0
1,2021-11-01 04:47:08,2021-11-01 05:07:26,1.0,9.8,1.0,N,141,138,1,28.5,3.0,0.5,8.05,0.0,0.3,40.35,2.5,0.0
2,2021-11-01 04:53:22,2021-11-01 05:03:46,1.0,6.41,1.0,N,233,65,1,18.5,0.5,0.5,4.46,0.0,0.3,26.76,2.5,0.0
2,2021-11-01 04:23:53,2021-11-01 05:12:02,2.0,35.77,5.0,N,121,132,1,85.05,0.0,0.5,17.17,0.0,0.3,103.02,0.0,0.0
1,2021-11-01 04:30:35,2021-11-01 04:56:26,1.0,10.6,1.0,N,239,97,1,32.0,3.0,0.5,7.15,0.0,0.3,42.95,2.5,0.0
2,2021-11-01 04:23:59,2021-11-01 04:35:37,3.0,2.07,1.0,N,232,107,2,10.0,0.5,0.5,0.0,0.0,0.3,13.8,2.5,0.0
2,2021-11-01 04:00:42,2021-11-01 04:25:45,1.0,14.52,1.0,N,132,165,1,40.0,0.5,0.5,8.51,0.0,0.3,51.06,0.0,1.25
2,2021-11-01 04:03:35,2021-11-01 04:20:28,2.0,13.02,1.0,N,132,175,2,35.0,0.5,0.5,0.0,0.0,0.3,37.55,0.0,1.25
2,2021-11-01 04:18:47,2021-11-01 04:33:19,1.0,10.39,1.0,N,264,264,1,29.0,0.5,0.5,8.2,0.0,0.3,41.0,2.5,0.0
2,2021-11-01 04:58:28,2021-11-01 05:05:27,1.0,1.68,1.0,N,137,148,1,7.5,0.5,0.5,1.0,0.0,0.3,12.3,2.5,0.0
2,2021-11-01 04:04:23,2021-11-01 04:24:20,1.0,5.31,1.0,N,148,100,2,19.5,0.5,0.5,0.0,0.0,0.3,23.3,2.5,0.0
2,2021-11-01 04:46:39,2021-11-01 05:18:06,1.0,21.19,2.0,N,261,132,2,52.0,0.0,0.5,0.0,0.0,0.3,55.3,2.5,0.0
2,2021-11-01 04:20:05,2021-11-01 04:40:33,1.0,6.71,1.0,N,229,247,2,22.0,0.5,0.5,0.0,0.0,0.3,25.8,2.5,0.0
2,2021-11-01 04:19:02,2021-11-01 04:33:40,1.0,4.24,1.0,N,230,226,2,14.5,0.5,0.5,0.0,0.0,0.3,18.3,2.5,0.0
2,2021-11-01 04:59:05,2021-11-01 05:21:24,1.0,5.29,1.0,N,230,179,1,19.0,0.5,0.5,6.0,0.0,0.3,28.8,2.5,0.0
1,2021-11-01 04:28:39,2021-11-01 04:32:39,0.0,1.4,1.0,N,224,233,2,6.0,3.0,0.5,0.0,0.0,0.3,9.8,2.5,0.0
1,2021-11-01 04:34:02,2021-11-01 04:39:45,1.0,1.0,1.0,N,233,100,1,6.0,3.0,0.5,1.95,0.0,0.3,11.75,2.5,0.0
1,2021-11-01 04:46:07,2021-11-01 05:07:10,1.0,9.5,1.0,N,48,127,1,28.5,3.0,0.5,0.0,0.0,0.3,32.3,2.5,0.0
2,2021-11-01 04:15:04,2021-11-01 04:26:54,1.0,4.31,1.0,N,263,226,1,14.0,0.5,0.5,0.0,0.0,0.3,17.8,2.5,0.0
2,2021-11-01 04:39:04,2021-11-01 04:43:17,1.0,1.55,1.0,N,163,90,2,6.0,0.5,0.5,0.0,0.0,0.3,9.8,2.5,0.0
2,2021-11-01 04:52:15,2021-11-01 04:58:03,1.0,0.77,1.0,N,249,79,2,5.5,0.5,0.5,0.0,0.0,0.3,9.3,2.5,0.0
2,2021-11-01 04:02:59,2021-11-01 04:15:29,1.0,3.35,1.0,N,211,17,1,12.5,0.5,0.5,3.26,0.0,0.3,19.56,2.5,0.0
2,2021-11-01 04:08:13,2021-11-01 04:18:02,6.0,1.99,1.0,N,263,239,2,9.5,0.5,0.5,0.0,0.0,0.3,13.3,2.5,0.0
2,2021-11-01 04:25:02,2021-11-01 04:25:08,1.0,0.0,5.0,N,233,233,1,63.0,0.0,0.0,10.0,0.0,0.3,75.8,2.5,0.0
1,2021-11-01 04:15:35,2021-11-01 04:30:52,1.0,8.0,1.0,N,48,243,1,24.0,3.0,0.5,0.0,0.0,0.3,27.8,2.5,0.0
1,2021-11-01 04:58:47,2021-11-01 05:08:48,1.0,3.1,1.0,N,142,75,1,11.0,3.0,0.5,2.95,0.0,0.3,17.75,2.5,0.0
1,2021-11-01 04:11:48,2021-11-01 04:14:26,3.0,0.9,1.0,N,68,48,1,4.5,3.0,0.5,1.0,0.0,0.3,9.3,2.5,0.0
1,2021-11-01 04:21:23,2021-11-01 04:27:42,2.0,1.7,1.0,N,48,164,2,7.0,3.0,0.5,0.0,0.0,0.3,10.8,2.5,0.0
1,2021-11-01 04:33:16,2021-11-01 04:48:05,3.0,2.7,1.0,N,186,148,1,12.0,3.0,0.5,3.15,0.0,0.3,18.95,2.5,0.0
1,2021-11-01 04:53:03,2021-11-01 05:03:02,1.0,4.9,1.0,N,148,226,3,15.5,3.0,0.5,0.0,0.0,0.3,19.3,2.5,0.0
2,2021-11-01 04:04:53,2021-11-01 04:23:40,1.0,10.56,1.0,N,230,138,1,30.0,0.5,0.5,2.0,6.55,0.3,42.35,2.5,0.0
2,2021-11-01 04:37:28,2021-11-01 04:55:48,1.0,4.83,1.0,N,148,48,2,17.5,0.5,0.5,0.0,0.0,0.3,21.3,2.5,0.0
2,2021-11-01 04:59:43,2021-11-01 05:04:33,1.0,1.45,1.0,N,48,90,1,6.5,0.5,0.5,2.06,0.0,0.3,12.36,2.5,0.0
1,2021-11-01 04:03:37,2021-11-01 04:22:55,3.0,11.8,1.0,N,163,138,1,33.0,3.0,0.5,8.65,6.55,0.3,52.0,2.5,0.0
2,2021-11-01 04:17:56,2021-11-01 04:24:40,1.0,1.63,1.0,N,7,223,2,7.0,0.5,0.5,0.0,0.0,0.3,8.3,0.0,0.0
2,2021-11-01 04:23:35,2021-11-01 04:36:26,1.0,4.62,1.0,N,148,262,1,14.5,0.5,0.5,0.0,0.0,0.3,18.3,2.5,0.0
2,2021-11-01 04:12:47,2021-11-01 04:16:55,1.0,0.69,1.0,N,74,74,2,5.0,0.5,0.5,0.0,0.0,0.3,6.3,0.0,0.0
2,2021-11-01 04:24:41,2021-11-01 04:25:10,1.0,0.05,1.0,N,263,263,3,-2.5,-0.5,-0.5,0.0,0.0,-0.3,-6.3,-2.5,0.0
2,2021-11-01 04:24:41,2021-11-01 04:25:10,1.0,0.05,1.0,N,263,263,2,2.5,0.5,0.5,0.0,0.0,0.3,6.3,2.5,0.0
2,2021-11-01 04:40:22,2021-11-01 04:58:01,1.0,5.78,1.0,N,230,25,1,19.0,0.5,0.5,4.56,0.0,0.3,27.36,2.5,0.0
2,2021-11-01 04:04:44,2021-11-02 03:59:32,1.0,12.51,1.0,N,148,243,2,39.0,0.5,0.5,0.0,0.0,0.3,42.8,2.5,0.0
1,2021-11-01 04:38:54,2021-11-01 05:06:45,2.0,16.6,2.0,N,230,132,1,52.0,2.5,0.5,12.35,6.55,0.3,74.2,2.5,0.0
2,2021-11-01 04:10:38,2021-11-01 04:14:54,2.0,1.63,1.0,N,186,125,1,6.5,0.5,0.5,4.0,0.0,0.3,14.3,2.5,0.0
2,2021-11-01 04:02:45,2021-11-01 04:21:37,1.0,8.66,1.0,N,68,244,1,26.0,0.5,0.5,7.45,0.0,0.3,37.25,2.5,0.0
2,2021-11-01 03:55:05,2021-11-01 04:07:39,6.0,3.97,1.0,N,48,166,1,13.0,0.5,0.5,3.36,0.0,0.3,20.16,2.5,0.0
2,2021-11-01 04:33:27,2021-11-01 04:35:10,6.0,0.61,1.0,N,48,68,1,4.0,0.5,0.5,1.56,0.0,0.3,9.36,2.5,0.0
2,2021-11-01 04:42:01,2021-11-01 04:45:38,6.0,0.95,1.0,N,100,246,2,5.0,0.5,0.5,0.0,0.0,0.3,8.8,2.5,0.0
1,2021-11-01 04:04:27,2021-11-01 04:14:32,3.0,3.1,1.0,N,239,116,1,10.5,3.0,0.5,2.0,0.0,0.3,16.3,2.5,0.0
1,2021-11-01 04:04:40,2021-11-01 04:25:59,1.0,6.5,1.0,N,230,37,1,21.5,3.0,0.5,2.7,0.0,0.3,28.0,2.5,0.0
1,2021-11-01 04:36:53,2021-11-01 05:05:01,0.0,9.0,1.0,N,256,74,3,28.0,3.0,0.5,0.0,0.0,0.3,31.8,2.5,0.0
1,2021-11-01 04:05:56,2021-11-01 04:34:39,1.0,10.4,1.0,N,79,244,2,32.5,3.0,0.5,0.0,0.0,0.3,36.3,2.5,0.0
2,2021-11-01 04:27:15,2021-11-01 04:47:59,4.0,5.74,1.0,N,263,7,2,19.5,0.5,0.5,0.0,0.0,0.3,23.3,2.5,0.0
2,2021-11-01 04:28:35,2021-11-01 04:31:20,1.0,0.8,1.0,N,211,79,1,4.5,0.5,0.5,2.49,0.0,0.3,10.79,2.5,0.0
2,2021-11-01 04:33:41,2021-11-01 04:44:05,2.0,3.78,1.0,N,48,75,1,12.5,0.5,0.5,6.35,0.0,0.3,22.65,2.5,0.0
2,2021-11-01 04:19:41,2021-11-01 04:22:48,1.0,0.2,1.0,N,74,74,2,-4.0,-0.5,-0.5,0.0,0.0,-0.3,-5.3,0.0,0.0
2,2021-11-01 04:19:41,2021-11-01 04:22:48,1.0,0.2,1.0,N,74,74,2,4.0,0.5,0.5,0.0,0.0,0.3,5.3,0.0,0.0
2,2021-11-01 04:45:03,2021-11-01 05:08:22,2.0,17.78,2.0,N,68,132,1,52.0,0.0,0.5,15.46,6.55,0.3,77.31,2.5,0.0
1,2021-11-01 04:12:58,2021-11-01 04:18:16,1.0,1.2,1.0,N,137,224,1,6.0,3.0,0.5,1.95,0.0,0.3,11.75,2.5,0.0
1,2021-11-01 04:26:26,2021-11-01 04:50:03,1.0,5.2,1.0,N,141,140,2,19.5,3.0,0.5,0.0,0.0,0.3,23.3,2.5,0.0
2,2021-11-01 04:08:16,2021-11-01 04:15:03,1.0,1.66,1.0,N,246,50,2,8.0,0.5,0.5,0.0,0.0,0.3,11.8,2.5,0.0
2,2021-11-01 04:24:36,2021-11-01 04:29:46,3.0,1.68,1.0,N,186,50,1,7.0,0.5,0.5,1.0,0.0,0.3,11.8,2.5,0.0
1,2021-11-01 04:59:13,2021-11-01 05:07:24,1.0,2.1,1.0,N,41,238,1,9.0,3.0,0.5,0.0,0.0,0.3,12.8,2.5,0.0
1,2021-11-01 04:05:36,2021-11-01 04:21:45,0.0,8.3,1.0,N,24,138,1,24.5,0.5,0.5,3.0,6.55,0.3,35.35,0.0,0.0
2,2021-11-01 04:43:43,2021-11-01 04:58:49,1.0,4.37,1.0,N,249,263,1,15.0,0.5,0.5,3.76,0.0,0.3,22.56,2.5,0.0
2,2021-11-01 04:28:15,2021-11-01 04:32:37,1.0,1.09,1.0,N,164,163,1,5.5,0.5,0.5,2.79,0.0,0.3,12.09,2.5,0.0
2,2021-11-01 04:50:55,2021-11-01 04:55:17,1.0,0.65,1.0,N,229,163,1,4.5,0.5,0.5,2.08,0.0,0.3,10.38,2.5,0.0
2,2021-11-01 04:08:55,2021-11-01 04:13:32,1.0,1.16,1.0,N,79,107,1,6.0,0.5,0.5,1.96,0.0,0.3,11.76,2.5,0.0
2,2021-11-01 04:17:49,2021-11-01 04:36:49,1.0,5.69,1.0,N,234,42,1,18.5,0.5,0.5,5.58,0.0,0.3,27.88,2.5,0.0
2,2021-11-01 04:35:20,2021-11-01 04:46:32,2.0,5.63,1.0,N,42,153,1,17.0,0.5,0.5,0.0,0.0,0.3,18.3,0.0,0.0
1,2021-11-01 04:47:30,2021-11-01 04:50:07,1.0,0.5,1.0,N,188,62,2,4.0,0.5,0.5,0.0,0.0,0.3,5.3,0.0,0.0
2,2021-11-01 04:22:47,2021-11-01 04:33:01,1.0,1.38,1.0,N,79,249,1,8.5,0.5,0.5,2.46,0.0,0.3,14.76,2.5,0.0
2,2021-11-01 04:36:08,2021-11-01 04:58:14,1.0,8.52,1.0,N,249,89,2,26.0,0.5,0.5,0.0,0.0,0.3,29.8,2.5,0.0
2,2021-11-01 04:33:43,2021-11-01 04:35:33,1.0,0.41,1.0,N,75,75,2,3.5,0.5,0.5,0.0,0.0,0.3,4.8,0.0,0.0
2,2021-11-01 04:02:15,2021-11-01 04:18:30,1.0,5.79,1.0,N,158,166,1,19.0,0.5,0.5,4.56,0.0,0.3,27.36,2.5,0.0
2,2021-11-01 04:55:53,2021-11-01 05:25:29,2.0,17.31,2.0,N,48,132,1,52.0,0.0,0.5,5.0,6.55,0.3,66.85,2.5,0.0
2,2021-11-01 04:32:02,2021-11-01 04:56:35,1.0,8.75,1.0,N,125,74,1,27.5,0.5,0.5,2.0,0.0,0.3,33.3,2.5,0.0
1,2021-11-01 04:18:01,2021-11-01 04:26:57,1.0,3.6,1.0,N,79,88,1,12.5,3.0,0.5,4.85,0.0,0.3,21.15,2.5,0.0
1,2021-11-01 04:30:23,2021-11-01 04:42:24,1.0,2.6,1.0,N,88,79,1,11.5,3.0,0.5,4.55,0.0,0.3,19.85,2.5,0.0
1,2021-11-01 04:52:04,2021-11-01 05:20:47,1.0,19.9,1.0,N,79,203,2,53.5,3.0,0.5,0.0,0.0,0.3,57.3,2.5,0.0
2,2021-11-01 04:40:06,2021-11-01 04:48:54,1.0,5.14,5.0,N,226,138,1,40.0,0.0,0.0,0.0,0.0,0.3,40.3,0.0,0.0
2,2021-11-01 04:04:44,2021-11-01 04:25:24,1.0,7.9,1.0,N,186,42,1,25.0,0.5,0.5,5.76,0.0,0.3,34.56,2.5,0.0
2,2021-11-01 04:50:37,2021-11-01 05:07:17,1.0,7.32,1.0,N,142,243,1,23.0,0.5,0.5,2.0,0.0,0.3,28.8,2.5,0.0
1,2021-11-01 04:57:37,2021-11-01 05:11:14,1.0,8.6,1.0,N,236,138,2,24.5,3.0,0.5,0.0,6.55,0.3,34.85,2.5,0.0
2,2021-11-01 04:13:12,2021-11-01 04:37:54,1.0,17.93,3.0,N,90,1,1,65.0,0.5,0.0,15.51,11.75,0.3,93.06,0.0,0.0
2,2021-11-01 04:37:32,2021-11-01 04:46:29,5.0,2.59,1.0,N,263,41,1,10.0,0.5,0.5,2.76,0.0,0.3,16.56,2.5,0.0
2,2021-11-01 03:57:24,2021-11-01 04:02:52,1.0,2.04,1.0,N,68,143,1,7.5,0.5,0.5,2.26,0.0,0.3,13.56,2.5,0.0
2,2021-11-01 04:10:36,2021-11-02 04:02:52,1.0,8.04,1.0,N,48,62,2,26.0,0.5,0.5,0.0,0.0,0.3,29.8,2.5,0.0
2,2021-11-01 04:47:44,2021-11-01 05:00:20,1.0,2.18,1.0,N,97,17,2,10.0,0.5,0.5,0.0,0.0,0.3,11.3,0.0,0.0
1,2021-11-01 04:09:18,2021-11-01 04:09:48,1.0,0.0,5.0,N,231,231,1,11.0,2.5,0.0,2.75,0.0,0.3,16.55,2.5,0.0
1,2021-11-01 04:20:16,2021-11-01 04:44:08,2.0,5.7,1.0,N,90,49,1,21.0,3.0,0.5,5.2,0.0,0.3,30.0,2.5,0.0
2,2021-11-01 03:59:46,2021-11-01 04:13:51,1.0,4.11,1.0,N,148,230,1,14.0,0.5,0.5,3.56,0.0,0.3,21.36,2.5,0.0
1,2021-11-01 04:03:34,2021-11-01 04:22:06,1.0,5.0,1.0,Y,234,41,1,18.5,3.0,0.5,4.45,0.0,0.3,26.75,2.5,0.0
1,2021-11-01 04:34:00,2021-11-01 04:46:33,1.0,6.7,1.0,N,48,244,1,20.0,3.0,0.5,4.75,0.0,0.3,28.55,2.5,0.0
2,2021-11-01 04:26:18,2021-11-01 04:36:36,1.0,3.85,1.0,N,79,263,1,12.5,0.5,0.5,3.26,0.0,0.3,19.56,2.5,0.0
2,2021-11-01 04:22:36,2021-11-01 04:26:20,1.0,1.53,1.0,N,263,237,1,6.0,0.5,0.5,2.0,0.0,0.3,11.8,2.5,0.0
2,2021-11-01 04:42:36,2021-11-01 05:02:28,1.0,5.21,1.0,N,79,188,1,19.5,0.5,0.5,6.99,0.0,0.3,30.29,2.5,0.0
1,2021-11-01 04:00:06,2021-11-01 04:15:57,1.0,5.6,1.0,N,107,7,1,17.5,3.0,0.5,5.0,0.0,0.3,26.3,2.5,0.0
1,2021-11-01 04:28:25,2021-11-01 04:31:21,1.0,1.0,1.0,N,264,164,1,5.0,3.0,0.5,1.0,0.0,0.3,9.8,2.5,0.0
1,2021-11-01 04:42:27,2021-11-01 04:42:40,1.0,0.0,3.0,N,48,48,3,20.0,0.5,0.0,0.0,0.0,0.3,20.8,0.0,0.0
1,2021-11-01 04:43:05,2021-11-01 05:11:27,1.0,17.6,2.0,N,48,132,1,52.0,2.5,0.5,0.0,0.0,0.3,55.3,2.5,0.0
2,2021-11-01 04:36:52,2021-11-01 04:51:03,1.0,8.49,1.0,N,263,138,1,24.0,0.5,0.5,8.59,6.55,0.3,42.94,2.5,0.0
2,2021-11-01 04:50:21,2021-11-01 04:55:25,1.0,1.81,1.0,N,43,230,1,7.0,0.5,0.5,0.0,0.0,0.3,10.8,2.5,0.0
2,2021-11-01 04:37:05,2021-11-01 05:03:45,2.0,11.03,1.0,N,48,138,2,32.5,0.5,0.5,0.0,0.0,0.3,36.3,2.5,0.0
2,2021-11-01 04:48:00,2021-11-01 05:00:25,1.0,4.48,1.0,N,107,75,1,14.0,0.5,0.5,3.56,0.0,0.3,21.36,2.5,0.0
2,2021-11-01 04:17:32,2021-11-01 04:30:53,1.0,3.97,1.0,N,148,189,1,14.5,0.5,0.5,5.49,0.0,0.3,23.79,2.5,0.0
2,2021-11-01 05:00:45,2021-11-01 05:28:00,1.0,16.21,3.0,N,162,1,2,62.0,0.5,0.0,0.0,11.75,0.3,74.55,0.0,0.0
2,2021-11-01 04:04:05,2021-11-01 04:30:18,1.0,13.46,1.0,N,148,130,2,38.5,0.5,0.5,0.0,0.0,0.3,42.3,2.5,0.0
2,2021-11-01 04:01:32,2021-11-01 04:23:02,1.0,17.9,2.0,N,132,162,1,52.0,0.0,0.5,11.0,6.55,0.3,72.85,2.5,0.0
2,2021-11-01 04:28:46,2021-11-01 04:30:00,1.0,0.36,1.0,N,229,229,1,3.5,0.5,0.5,1.0,0.0,0.3,8.3,2.5,0.0
2,2021-11-01 04:33:36,2021-11-01 04:43:14,1.0,1.37,1.0,N,162,50,1,8.5,0.5,0.5,2.46,0.0,0.3,14.76,2.5,0.0
2,2021-11-01 04:47:42,2021-11-01 04:57:10,1.0,2.76,1.0,N,163,75,1,10.5,0.5,0.5,2.0,0.0,0.3,16.3,2.5,0.0
2,2021-11-01 04:48:59,2021-11-01 04:53:40,1.0,1.09,1.0,N,90,114,1,5.5,0.5,0.5,2.32,0.0,0.3,11.62,2.5,0.0
2,2021-11-01 04:58:10,2021-11-01 05:14:29,1.0,9.57,5.0,N,164,138,1,50.0,0.0,0.0,0.0,0.0,0.3,52.8,2.5,0.0
1,2021-11-01 04:37:18,2021-11-01 04:56:21,2.0,6.3,1.0,N,163,87,1,21.5,3.0,0.5,2.0,0.0,0.3,27.3,2.5,0.0
2,2021-11-01 04:00:50,2021-11-01 04:12:29,2.0,2.77,1.0,N,249,87,1,11.0,0.5,0.5,4.44,0.0,0.3,19.24,2.5,0.0
2,2021-11-01 04:56:53,2021-11-01 05:04:53,4.0,2.0,1.0,N,249,170,2,8.5,0.5,0.5,0.0,0.0,0.3,12.3,2.5,0.0
2,2021-11-01 04:30:15,2021-11-01 05:28:45,1.0,17.18,1.0,N,74,132,1,64.0,0.5,0.5,0.0,6.55,0.3,73.1,0.0,1.25
2,2021-11-01 04:51:58,2021-11-01 05:06:26,1.0,8.62,1.0,N,140,138,1,24.5,0.5,0.5,6.0,6.55,0.3,40.85,2.5,0.0
2,2021-11-01 04:48:15,2021-11-01 04:48:22,1.0,0.0,5.0,N,138,138,1,12.0,0.0,0.0,2.46,0.0,0.3,16.01,0.0,1.25
1,2021-11-01 04:54:26,2021-11-01 05:13:11,1.0,4.4,1.0,N,163,7,2,17.0,3.0,0.5,0.0,0.0,0.3,20.8,2.5,0.0
1,2021-11-01 04:24:54,2021-11-01 04:43:00,2.0,5.7,1.0,N,25,256,4,20.0,0.5,0.5,0.0,0.0,0.3,21.3,0.0,0.0
2,2021-11-01 04:16:55,2021-11-01 04:19:37,1.0,0.91,1.0,N,48,143,1,4.5,0.5,0.5,2.49,0.0,0.3,10.79,2.5,0.0
2,2021-11-01 04:43:40,2021-11-01 05:07:20,1.0,10.72,1.0,N,48,138,1,32.0,0.5,0.5,8.47,6.55,0.3,50.82,2.5,0.0
2,2021-11-01 04:03:08,2021-11-01 04:05:04,1.0,0.42,1.0,N,144,211,1,3.5,0.5,0.5,1.46,0.0,0.3,8.76,2.5,0.0
2,2021-11-01 04:08:40,2021-11-01 04:11:52,1.0,0.68,1.0,N,114,79,1,4.5,0.5,0.5,1.66,0.0,0.3,9.96,2.5,0.0
2,2021-11-01 04:42:29,2021-11-01 05:00:13,5.0,9.3,1.0,N,148,7,1,27.5,0.5,0.5,2.0,0.0,0.3,33.3,2.5,0.0
1,2021-11-01 04:34:06,2021-11-01 04:53:49,1.0,10.4,1.0,N,138,114,2,29.5,3.0,0.5,0.0,6.55,0.3,39.85,2.5,0.0
2,2021-11-01 03:58:06,2021-11-01 04:01:15,1.0,0.61,1.0,N,234,170,1,4.5,0.5,0.5,1.66,0.0,0.3,9.96,2.5,0.0
1,2021-11-01 04:19:41,2021-11-01 04:25:46,1.0,1.3,1.0,N,87,144,1,6.5,3.0,0.5,1.0,0.0,0.3,11.3,2.5,0.0
2,2021-11-01 04:02:48,2021-11-01 04:08:13,1.0,2.34,1.0,N,141,74,1,8.0,0.5,0.5,2.36,0.0,0.3,14.16,2.5,0.0
2,2021-11-01 04:05:59,2021-11-01 04:25:12,2.0,6.96,1.0,N,80,100,1,22.0,0.5,0.5,2.0,6.55,0.3,34.35,2.5,0.0
2,2021-11-01 04:30:35,2021-11-01 04:42:36,1.0,6.62,1.0,N,152,241,1,19.5,0.5,0.5,0.0,0.0,0.3,20.8,0.0,0.0
2,2021-11-01 04:03:36,2021-11-01 04:20:51,1.0,4.84,1.0,N,148,143,1,16.0,0.5,0.5,1.0,0.0,0.3,20.8,2.5,0.0
2,2021-11-01 04:07:09,2021-11-01 04:17:17,1.0,2.08,1.0,N,163,68,2,9.5,0.5,0.5,0.0,0.0,0.3,13.3,2.5,0.0
2,2021-11-01 04:39:40,2021-11-01 04:51:47,1.0,3.28,1.0,N,141,41,2,12.0,0.5,0.5,0.0,0.0,0.3,15.8,2.5,0.0
2,2021-11-01 04:46:53,2021-11-01 05:09:21,1.0,18.96,2.0,N,141,132,1,52.0,0.0,0.5,10.5,6.55,0.3,72.35,2.5,0.0
2,2021-11-01 04:30:37,2021-11-01 04:47:09,1.0,8.51,1.0,N,230,243,2,26.0,0.5,0.5,0.0,0.0,0.3,29.8,2.5,0.0
2,2021-11-01 05:06:34,2021-11-01 05:23:24,1.0,5.27,1.0,N,163,13,1,18.5,0.5,0.5,4.46,0.0,0.3,26.76,2.5,0.0
2,2021-11-01 04:40:56,2021-11-01 04:55:29,1.0,3.64,1.0,N,148,48,2,14.0,0.5,0.5,0.0,0.0,0.3,17.8,2.5,0.0
1,2021-11-01 04:15:52,2021-11-01 04:43:03,1.0,11.4,1.0,N,140,85,1,34.0,3.0,0.5,5.0,0.0,0.3,42.8,2.5,0.0
2,2021-11-01 04:07:54,2021-11-01 04:25:51,1.0,8.53,1.0,N,125,89,1,25.0,0.5,0.5,8.64,0.0,0.3,37.44,2.5,0.0
2,2021-11-01 03:55:08,2021-11-01 04:27:28,1.0,18.35,2.0,N,132,45,2,52.0,0.0,0.5,0.0,0.0,0.3,56.55,2.5,1.25
2,2021-11-01 04:33:08,2021-11-01 04:46:24,1.0,3.93,1.0,N,148,264,1,13.5,0.5,0.5,3.46,0.0,0.3,20.76,2.5,0.0
1,2021-11-01 04:31:05,2021-11-01 04:39:33,1.0,2.1,1.0,N,164,79,2,9.0,3.0,0.5,0.0,0.0,0.3,12.8,2.5,0.0
1,2021-11-01 04:45:45,2021-11-01 04:53:43,1.0,1.7,1.0,N,114,158,2,8.0,3.0,0.5,0.0,0.0,0.3,11.8,2.5,0.0
2,2021-11-01 04:47:39,2021-11-01 05:56:26,1.0,48.21,1.0,N,44,101,1,130.5,0.5,0.5,0.0,6.55,0.3,138.35,0.0,0.0
2,2021-11-01 04:21:45,2021-11-01 04:28:55,3.0,1.74,1.0,N,141,170,1,8.0,0.5,0.5,5.0,0.0,0.3,16.8,2.5,0.0
2,2021-11-01 04:29:33,2021-11-01 04:35:14,1.0,0.62,1.0,N,164,137,2,5.5,0.5,0.5,0.0,0.0,0.3,9.3,2.5,0.0
2,2021-11-01 04:41:30,2021-11-01 04:48:44,1.0,1.65,1.0,N,100,229,1,7.5,0.5,0.5,1.0,0.0,0.3,12.3,2.5,0.0
2,2021-11-01 04:49:29,2021-11-01 04:57:08,1.0,3.02,1.0,N,229,75,1,11.0,0.5,0.5,3.7,0.0,0.3,18.5,2.5,0.0
2,2021-11-01 04:02:51,2021-11-01 04:17:21,1.0,5.64,1.0,N,211,263,1,17.0,0.5,0.5,4.16,0.0,0.3,24.96,2.5,0.0
2,2021-11-01 04:28:55,2021-11-01 04:51:42,1.0,16.17,2.0,N,140,132,2,52.0,0.0,0.5,0.0,0.0,0.3,55.3,2.5,0.0
2,2021-11-01 04:54:18,2021-11-01 05:10:13,1.0,11.74,1.0,N,132,138,2,32.0,0.5,0.5,0.0,0.0,0.3,34.55,0.0,1.25
2,2021-11-01 04:04:55,2021-11-01 04:08:42,1.0,0.87,1.0,N,113,249,1,5.0,0.5,0.5,1.76,0.0,0.3,10.56,2.5,0.0
2,2021-11-01 04:12:15,2021-11-01 04:19:09,1.0,1.58,1.0,N,249,148,2,7.5,0.5,0.5,0.0,0.0,0.3,11.3,2.5,0.0
2,2021-11-01 04:21:30,2021-11-01 04:34:47,1.0,3.57,1.0,N,79,68,1,13.5,0.5,0.5,5.19,0.0,0.3,22.49,2.5,0.0
1,2021-11-01 04:07:45,2021-11-01 04:15:41,2.0,2.6,1.0,N,229,79,1,9.5,3.0,0.5,2.65,0.0,0.3,15.95,2.5,0.0
1,2021-11-01 04:17:08,2021-11-01 04:37:14,3.0,6.8,1.0,N,79,41,1,23.0,3.0,0.5,6.7,0.0,0.3,33.5,2.5,0.0
2,2021-11-01 04:18:03,2021-11-01 04:35:04,1.0,6.35,5.0,N,264,265,1,55.0,0.0,0.0,0.0,11.75,0.3,69.55,2.5,0.0
2,2021-11-01 04:57:11,2021-11-01 05:01:48,1.0,0.82,1.0,N,249,211,1,5.0,0.5,0.5,1.76,0.0,0.3,10.56,2.5,0.0
2,2021-11-01 04:58:59,2021-11-01 05:03:26,1.0,1.92,1.0,N,142,238,2,7.0,0.5,0.5,0.0,0.0,0.3,10.8,2.5,0.0
2,2021-11-01 04:33:30,2021-11-01 04:36:08,2.0,0.04,5.0,N,264,264,2,72.0,0.0,0.5,0.0,0.0,0.3,72.8,0.0,0.0
2,2021-11-01 04:09:36,2021-11-01 04:19:19,5.0,2.38,1.0,N,68,137,1,9.5,0.5,0.5,2.66,0.0,0.3,15.96,2.5,0.0
2,2021-11-01 04:55:21,2021-11-01 05:03:53,1.0,2.7,1.0,N,238,48,1,9.5,0.5,0.5,1.7,0.0,0.3,15.0,2.5,0.0
2,2021-11-01 04:22:10,2021-11-01 04:32:00,1.0,2.87,1.0,N,114,48,1,10.5,0.5,0.5,3.58,0.0,0.3,17.88,2.5,0.0
2,2021-11-01 03:52:06,2021-11-01 04:25:57,1.0,22.28,2.0,N,132,13,1,52.0,0.0,0.5,3.3,0.0,0.3,59.85,2.5,1.25
2,2021-11-01 04:07:42,2021-11-01 04:12:29,1.0,0.82,1.0,N,79,79,1,5.5,0.5,0.5,2.79,0.0,0.3,12.09,2.5,0.0
1,2021-11-01 04:40:03,2021-11-01 04:50:16,2.0,2.0,1.0,N,68,233,1,9.5,3.0,0.5,2.65,0.0,0.3,15.95,2.5,0.0
1,2021-11-01 04:59:22,2021-11-01 05:16:33,2.0,8.7,1.0,N,236,138,1,26.0,3.0,0.5,0.0,6.55,0.3,36.35,2.5,0.0
2,2021-11-01 04:02:06,2021-11-01 04:30:03,5.0,17.36,2.0,N,68,132,1,52.0,0.0,0.5,12.37,6.55,0.3,74.22,2.5,0.0
2,2021-11-01 04:00:34,2021-11-01 04:22:59,1.0,17.37,2.0,N,132,170,1,52.0,0.0,0.5,10.0,6.55,0.3,73.1,2.5,1.25
2,2021-11-01 04:12:31,2021-11-01 04:26:28,1.0,3.46,1.0,N,114,170,1,13.0,0.5,0.5,3.36,0.0,0.3,20.16,2.5,0.0
2,2021-11-01 04:40:19,2021-11-01 04:59:50,1.0,12.48,1.0,N,68,138,1,34.0,0.5,0.5,0.0,6.55,0.3,44.35,2.5,0.0
2,2021-11-01 04:43:23,2021-11-01 04:57:24,1.0,9.15,1.0,N,233,138,1,26.0,0.5,0.5,7.27,6.55,0.3,43.62,2.5,0.0
1,2021-11-01 04:36:18,2021-11-01 04:56:41,2.0,6.1,1.0,N,263,129,2,20.0,3.0,0.5,0.0,0.0,0.3,23.8,2.5,0.0
2,2021-11-01 04:07:30,2021-11-01 04:32:40,6.0,18.93,1.0,N,132,33,1,49.5,0.5,0.5,10.41,0.0,0.3,62.46,0.0,1.25
1,2021-11-01 04:20:03,2021-11-01 04:32:02,1.0,4.1,1.0,N,79,13,1,14.0,3.0,0.5,4.45,0.0,0.3,22.25,2.5,0.0
1,2021-11-01 04:42:02,2021-11-01 04:49:08,1.0,1.9,1.0,Y,249,100,2,8.0,3.0,0.5,0.0,0.0,0.3,11.8,2.5,0.0
2,2021-11-01 04:07:53,2021-11-01 04:11:11,1.0,0.74,1.0,N,50,48,1,4.5,0.5,0.5,0.83,0.0,0.3,9.13,2.5,0.0
2,2021-11-01 04:36:57,2021-11-01 04:46:48,1.0,1.36,1.0,N,230,233,1,8.0,0.5,0.5,2.36,0.0,0.3,14.16,2.5,0.0
1,2021-11-01 04:40:49,2021-11-01 04:52:12,1.0,2.1,1.0,N,193,223,2,10.5,0.5,0.5,0.0,0.0,0.3,11.8,0.0,0.0
2,2021-11-01 04:18:11,2021-11-01 04:24:27,1.0,1.45,1.0,N,79,144,1,7.0,0.5,0.5,3.24,0.0,0.3,14.04,2.5,0.0
2,2021-11-01 04:16:28,2021-11-01 05:40:11,1.0,6.48,1.0,N,256,50,2,53.0,0.5,0.5,0.0,0.0,0.3,56.8,2.5,0.0
2,2021-11-01 04:01:12,2021-11-01 04:11:02,1.0,6.37,1.0,N,141,87,1,19.0,0.5,0.5,4.56,0.0,0.3,27.36,2.5,0.0
2,2021-11-01 04:14:24,2021-11-01 04:27:24,1.0,6.94,1.0,N,88,140,1,21.0,0.5,0.5,4.96,0.0,0.3,29.76,2.5,0.0
2,2021-11-01 04:57:15,2021-11-01 05:12:46,1.0,5.96,1.0,N,141,116,1,19.5,0.5,0.5,4.66,0.0,0.3,27.96,2.5,0.0
2,2021-11-01 04:27:21,2021-11-01 04:48:21,1.0,8.88,1.0,N,164,138,1,27.5,0.5,0.5,7.57,6.55,0.3,45.42,2.5,0.0
1,2021-11-01 04:12:36,2021-11-01 04:15:00,1.0,0.6,1.0,N,48,48,1,4.0,3.0,0.5,3.0,0.0,0.3,10.8,2.5,0.0
1,2021-11-01 04:20:47,2021-11-01 04:32:23,1.0,3.0,1.0,N,246,13,1,12.0,3.0,0.5,3.15,0.0,0.3,18.95,2.5,0.0
1,2021-11-01 04:41:01,2021-11-01 04:48:35,2.0,1.8,1.0,N,125,107,1,8.5,3.0,0.5,2.45,0.0,0.3,14.75,2.5,0.0
2,2021-11-01 04:07:27,2021-11-01 04:21:19,1.0,10.18,1.0,N,229,138,1,28.5,0.5,0.5,7.77,6.55,0.3,46.62,2.5,0.0
2,2021-11-01 04:14:43,2021-11-01 04:31:52,1.0,5.81,1.0,N,114,74,2,18.0,0.5,0.5,0.0,0.0,0.3,21.8,2.5,0.0
2,2021-11-01 04:36:50,2021-11-01 04:39:43,1.0,0.58,1.0,N,74,75,2,4.5,0.5,0.5,0.0,0.0,0.3,5.8,0.0,0.0
2,2021-11-01 04:42:06,2021-11-01 04:47:51,1.0,2.21,1.0,N,75,140,1,8.5,0.5,0.5,5.0,0.0,0.3,17.3,2.5,0.0
2,2021-11-01 04:52:22,2021-11-01 05:18:13,1.0,19.67,2.0,N,141,132,1,52.0,0.0,0.5,12.37,6.55,0.3,74.22,2.5,0.0
2,2021-11-01 04:04:24,2021-11-01 04:15:24,1.0,1.7,1.0,N,249,144,1,9.0,0.5,0.5,2.56,0.0,0.3,15.36,2.5,0.0
1,2021-11-01 04:52:43,2021-11-01 04:55:40,1.0,0.7,1.0,N,146,193,2,4.5,0.5,0.5,0.0,0.0,0.3,5.8,0.0,0.0
2,2021-11-01 04:01:39,2021-11-01 04:14:34,1.0,3.09,1.0,N,48,263,4,-12.0,-0.5,-0.5,0.0,0.0,-0.3,-15.8,-2.5,0.0
2,2021-11-01 04:01:39,2021-11-01 04:14:34,1.0,3.09,1.0,N,48,263,2,12.0,0.5,0.5,0.0,0.0,0.3,15.8,2.5,0.0
2,2021-11-01 04:18:34,2021-11-01 04:35:20,1.0,6.22,1.0,N,141,244,2,21.0,0.5,0.5,0.0,0.0,0.3,24.8,2.5,0.0
2,2021-11-01 04:06:02,2021-11-01 04:22:53,1.0,8.12,1.0,N,148,129,2,24.0,0.5,0.5,0.0,0.0,0.3,27.8,2.5,0.0
2,2021-11-01 04:07:25,2021-11-01 04:14:38,2.0,2.14,1.0,N,230,107,1,8.5,0.5,0.5,2.46,0.0,0.3,14.76,2.5,0.0
1,2021-11-01 04:30:30,2021-11-01 04:53:26,2.0,12.0,1.0,N,163,138,1,35.0,3.0,0.5,9.05,6.55,0.3,54.4,2.5,0.0
1,2021-11-01 04:54:54,2021-11-01 05:05:40,1.0,3.1,1.0,N,143,75,1,11.5,3.0,0.5,1.0,0.0,0.3,16.3,2.5,0.0
1,2021-11-01 04:27:54,2021-11-01 04:41:15,1.0,4.6,1.0,N,163,232,1,15.5,3.0,0.5,0.0,0.0,0.3,19.3,2.5,0.0
2,2021-11-01 04:00:16,2021-11-01 04:12:13,1.0,10.37,1.0,N,132,82,2,28.5,0.5,0.5,0.0,0.0,0.3,31.05,0.0,1.25
2,2021-11-01 04:31:01,2021-11-01 04:31:07,1.0,0.0,5.0,N,236,236,1,65.0,0.0,0.0,32.2,0.0,0.3,100.0,2.5,0.0
2,2021-11-01 04:54:21,2021-11-01 05:04:26,1.0,7.22,1.0,N,75,138,1,20.5,0.5,0.5,5.67,6.55,0.3,34.02,0.0,0.0
2,2021-11-01 04:21:57,2021-11-01 04:43:40,1.0,7.87,1.0,N,100,40,1,25.0,0.5,0.5,7.2,0.0,0.3,36.0,2.5,0.0
2,2021-11-01 04:20:08,2021-11-01 04:34:29,1.0,6.64,1.0,N,48,116,1,21.0,0.5,0.5,7.44,0.0,0.3,32.24,2.5,0.0
2,2021-11-01 04:37:12,2021-11-01 05:10:31,2.0,19.77,2.0,N,116,132,1,52.0,0.0,0.5,14.84,6.55,0.3,74.19,0.0,0.0
1,2021-11-01 04:21:44,2021-11-01 04:39:06,2.0,7.7,1.0,N,237,49,1,23.0,3.0,0.5,6.0,0.0,0.3,32.8,2.5,0.0
1,2021-11-01 04:55:10,2021-11-01 05:29:01,1.0,21.8,2.0,N,79,132,2,52.0,2.5,0.5,0.0,0.0,0.3,55.3,2.5,0.0
1,2021-11-01 04:12:07,2021-11-01 04:31:31,0.0,5.8,1.0,N,226,90,2,19.0,3.0,0.5,0.0,0.0,0.3,22.8,2.5,0.0
1,2021-11-01 04:35:25,2021-11-01 04:51:59,0.0,4.2,1.0,N,249,97,1,15.5,3.0,0.5,4.0,0.0,0.3,23.3,2.5,0.0
2,2021-11-01 04:16:04,2021-11-01 04:19:12,1.0,0.87,1.0,N,114,234,2,5.0,0.5,0.5,0.0,0.0,0.3,8.8,2.5,0.0
2,2021-11-01 04:20:32,2021-11-01 04:43:40,1.0,6.51,1.0,N,234,181,1,22.0,0.5,0.5,7.74,0.0,0.3,33.54,2.5,0.0
2,2021-11-01 04:26:36,2021-11-01 04:46:52,1.0,8.17,1.0,N,161,138,1,25.5,0.5,0.5,5.86,0.0,0.3,35.16,2.5,0.0
1,2021-11-01 04:43:45,2021-11-01 05:02:15,1.0,10.0,1.0,N,186,138,1,29.0,3.0,0.5,7.85,6.55,0.3,47.2,2.5,0.0
1,2021-11-01 04:25:05,2021-11-01 04:47:12,2.0,12.4,1.0,N,162,138,1,35.0,3.0,0.5,9.05,6.55,0.3,54.4,2.5,0.0
1,2021-11-01 04:21:09,2021-11-01 04:25:59,1.0,1.0,1.0,N,107,148,2,5.5,3.0,0.5,0.0,0.0,0.3,9.3,2.5,0.0
1,2021-11-01 04:35:47,2021-11-01 04:50:56,1.0,5.0,1.0,N,107,7,1,16.5,3.0,0.5,0.0,0.0,0.3,20.3,2.5,0.0
1,2021-11-01 04:03:04,2021-11-01 04:17:41,1.0,4.5,1.0,N,113,263,2,15.5,3.0,0.5,0.0,0.0,0.3,19.3,2.5,0.0
1,2021-11-01 04:23:42,2021-11-01 04:55:50,1.0,19.6,3.0,N,263,1,1,70.0,0.5,0.0,15.0,13.75,0.3,99.55,0.0,0.0
2,2021-11-01 04:04:53,2021-11-01 04:31:07,5.0,6.68,1.0,N,79,43,1,25.0,0.5,0.5,5.76,0.0,0.3,34.56,2.5,0.0
1,2021-11-01 04:09:55,2021-11-01 04:15:07,1.0,2.1,1.0,N,264,264,2,8.0,0.5,0.5,0.0,0.0,0.3,9.3,0.0,0.0
1,2021-11-01 04:08:16,2021-11-01 04:16:44,1.0,2.0,1.0,N,239,48,1,8.0,5.0,0.5,3.45,0.0,0.3,17.25,2.5,0.0
2,2021-11-01 04:24:16,2021-11-01 04:24:18,1.0,0.0,5.0,N,265,264,1,30.0,0.0,0.0,0.0,0.0,0.3,30.3,0.0,0.0
2,2021-11-01 04:39:59,2021-11-01 05:07:00,1.0,17.54,2.0,N,68,132,1,52.0,0.0,0.5,12.37,6.55,0.3,74.22,2.5,0.0
1,2021-11-01 04:51:38,2021-11-01 05:20:48,1.0,7.2,1.0,N,113,223,3,26.0,3.0,0.5,0.0,0.0,0.3,29.8,2.5,0.0
2,2021-11-01 04:21:51,2021-11-01 04:54:51,2.0,14.3,1.0,N,48,67,2,41.5,0.5,0.5,0.0,0.0,0.3,45.3,2.5,0.0
1,2021-11-01 04:18:30,2021-11-01 04:38:39,1.0,6.3,1.0,N,224,89,1,21.5,3.0,0.5,5.05,0.0,0.3,30.35,2.5,0.0
2,2021-11-01 04:55:26,2021-11-01 05:15:20,1.0,11.58,1.0,N,43,138,2,32.5,0.5,0.5,0.0,6.55,0.3,42.85,2.5,0.0
2,2021-11-01 04:07:18,2021-11-01 04:16:41,1.0,1.76,1.0,N,75,166,1,8.5,0.5,0.5,0.0,0.0,0.3,9.8,0.0,0.0
2,2021-11-01 04:25:10,2021-11-01 04:56:44,1.0,20.28,2.0,N,238,132,1,52.0,0.0,0.5,12.37,6.55,0.3,74.22,2.5,0.0
1,2021-11-01 04:02:18,2021-11-01 04:15:50,2.0,7.5,1.0,N,48,244,2,22.5,3.0,0.5,0.0,0.0,0.3,26.3,2.5,0.0
2,2021-11-01 04:40:38,2021-11-01 04:49:52,1.0,2.51,1.0,N,186,143,1,10.0,0.5,0.5,2.76,0.0,0.3,16.56,2.5,0.0
2,2021-11-01 04:44:28,2021-11-01 04:46:42,1.0,0.75,1.0,N,151,238,1,4.0,0.5,0.5,1.0,0.0,0.3,6.3,0.0,0.0
2,2021-11-01 04:16:01,2021-11-01 04:28:40,5.0,4.15,1.0,N,264,264,1,14.0,0.5,0.5,0.0,0.0,0.3,17.8,2.5,0.0
2,2021-11-01 04:33:54,2021-11-01 04:52:36,5.0,9.46,1.0,N,264,264,1,27.5,0.5,0.5,7.57,6.55,0.3,45.42,2.5,0.0
1,2021-11-01 04:09:22,2021-11-01 04:18:49,1.0,2.7,1.0,N,48,263,1,10.0,3.0,0.5,0.0,0.0,0.3,13.8,2.5,0.0
1,2021-11-01 04:20:02,2021-11-01 04:24:29,2.0,0.9,1.0,N,263,236,1,5.5,3.0,0.5,1.0,0.0,0.3,10.3,2.5,0.0
1,2021-11-01 04:28:57,2021-11-01 04:41:03,6.0,4.1,1.0,N,141,7,2,13.5,3.0,0.5,0.0,0.0,0.3,17.3,2.5,0.0
2,2021-11-01 04:12:26,2021-11-01 04:29:31,1.0,5.45,1.0,N,114,75,1,17.5,0.5,0.5,5.32,0.0,0.3,26.62,2.5,0.0
1,2021-11-01 04:26:00,2021-11-01 04:46:12,1.0,5.8,1.0,N,90,226,1,19.5,3.0,0.5,4.65,0.0,0.3,27.95,2.5,0.0
1,2021-11-01 04:01:58,2021-11-01 04:27:08,1.0,10.0,1.0,N,132,198,1,30.5,1.75,0.5,6.6,0.0,0.3,39.65,0.0,1.25
2,2021-11-01 04:38:45,2021-11-01 04:44:56,1.0,2.4,1.0,N,146,263,1,9.0,0.5,0.5,1.0,0.0,0.3,13.8,2.5,0.0
1,2021-11-01 04:04:05,2021-11-01 04:27:28,1.0,13.7,99.0,N,131,137,1,35.2,0.0,0.5,0.0,6.55,0.3,42.55,0.0,0.0
1,2021-11-01 04:49:54,2021-11-01 05:06:00,1.0,1.5,99.0,N,79,170,1,16.2,0.0,0.5,0.0,0.0,0.3,17.0,0.0,0.0
1,2021-11-01 04:03:34,2021-11-01 04:27:31,1.0,2.9,1.0,N,166,75,1,16.0,0.0,0.5,3.35,0.0,0.3,20.15,0.0,0.0
1,2021-11-01 04:31:16,2021-11-01 04:45:57,1.0,5.3,1.0,N,75,223,1,17.5,0.0,0.5,4.95,6.55,0.3,29.8,0.0,0.0
2,2021-11-01 04:12:44,2021-11-01 04:23:39,1.0,2.59,1.0,N,161,263,1,10.5,0.5,0.5,2.86,0.0,0.3,17.16,2.5,0.0
2,2021-11-01 04:59:39,2021-11-01 05:15:21,1.0,5.04,1.0,N,68,151,1,17.5,0.5,0.5,4.26,0.0,0.3,25.56,2.5,0.0
2,2021-11-01 04:25:14,2021-11-01 04:34:13,1.0,1.49,1.0,N,114,4,2,8.0,0.5,0.5,0.0,0.0,0.3,11.8,2.5,0.0
2,2021-11-01 04:40:50,2021-11-01 05:08:50,1.0,7.94,1.0,N,79,188,1,27.0,0.5,0.5,6.16,0.0,0.3,36.96,2.5,0.0
1,2021-11-01 04:57:34,2021-11-01 05:05:07,1.0,1.4,1.0,N,48,170,2,7.0,3.0,0.5,0.0,0.0,0.3,10.8,2.5,0.0
2,2021-11-01 04:09:46,2021-11-01 04:15:46,1.0,1.47,1.0,N,249,68,1,7.0,0.5,0.5,2.16,0.0,0.3,12.96,2.5,0.0
2,2021-11-01 04:21:37,2021-11-01 04:42:40,1.0,10.69,1.0,N,230,138,1,31.0,0.5,0.5,0.0,6.55,0.3,41.35,2.5,0.0
1,2021-11-01 04:20:19,2021-11-01 04:32:54,1.0,7.0,1.0,N,79,74,1,21.0,3.0,0.5,2.0,0.0,0.3,26.8,2.5,0.0
1,2021-11-01 04:48:33,2021-11-01 04:56:11,1.0,3.4,1.0,N,151,143,1,11.5,3.0,0.5,0.0,0.0,0.3,15.3,2.5,0.0
2,2021-11-01 04:06:04,2021-11-01 04:06:24,2.0,0.0,1.0,N,79,79,2,2.5,0.5,0.5,0.0,0.0,0.3,6.3,2.5,0.0
2,2021-11-01 04:10:33,2021-11-01 04:10:48,2.0,0.0,1.0,N,79,79,2,2.5,0.5,0.5,0.0,0.0,0.3,6.3,2.5,0.0
2,2021-11-01 04:06:21,2021-11-01 04:29:43,1.0,15.9,2.0,N,230,138,2,52.0,0.0,0.5,0.0,0.0,0.3,55.3,2.5,0.0
2,2021-11-01 04:35:50,2021-11-01 04:45:45,1.0,1.9,1.0,N,226,145,1,9.5,0.5,0.5,2.16,0.0,0.3,12.96,0.0,0.0
2,2021-11-01 04:14:35,2021-11-01 04:14:41,1.0,0.0,1.0,N,48,48,2,2.5,0.5,0.5,0.0,0.0,0.3,3.8,0.0,0.0
2,2021-11-01 04:15:16,2021-11-01 04:15:27,1.0,0.0,1.0,N,48,48,1,2.5,0.5,0.5,0.77,0.0,0.3,7.07,2.5,0.0
2,2021-11-01 04:34:53,2021-11-01 05:03:55,1.0,17.57,5.0,N,230,132,1,67.0,0.0,0.0,5.0,6.55,0.3,81.35,2.5,0.0
2,2021-11-01 04:05:17,2021-11-01 04:12:47,1.0,3.35,1.0,N,79,140,1,10.5,0.5,0.5,2.86,0.0,0.3,17.16,2.5,0.0
1,2021-11-01 04:08:25,2021-11-01 04:28:42,2.0,9.5,1.0,N,132,102,1,27.5,1.75,0.5,2.0,0.0,0.3,32.05,0.0,1.25
2,2021-11-01 04:08:39,2021-11-01 04:23:06,1.0,9.38,1.0,N,141,138,1,26.0,0.5,0.5,0.0,6.55,0.3,36.35,2.5,0.0
2,2021-11-01 04:47:44,2021-11-01 05:24:35,1.0,12.81,1.0,N,148,17,1,39.5,0.5,0.5,10.82,0.0,0.3,54.12,2.5,0.0
1,2021-11-01 04:20:54,2021-11-01 04:25:04,4.0,1.4,1.0,N,141,170,1,6.0,3.0,0.5,1.0,0.0,0.3,10.8,2.5,0.0
1,2021-11-01 04:32:32,2021-11-01 04:58:34,3.0,6.8,1.0,N,186,17,1,24.0,3.0,0.5,8.3,0.0,0.3,36.1,2.5,0.0
2,2021-11-01 04:05:47,2021-11-01 04:10:14,4.0,1.46,1.0,N,48,68,2,6.5,0.5,0.5,0.0,0.0,0.3,10.3,2.5,0.0
2,2021-11-01 04:11:32,2021-11-01 04:24:08,3.0,4.63,1.0,N,68,238,2,16.0,0.5,0.5,0.0,0.0,0.3,19.8,2.5,0.0
2,2021-11-01 04:26:16,2021-11-01 04:31:00,3.0,1.24,1.0,N,238,75,1,6.5,0.5,0.5,1.56,0.0,0.3,9.36,0.0,0.0
2,2021-11-01 04:35:55,2021-11-01 04:43:26,3.0,2.52,1.0,N,263,230,1,9.0,0.5,0.5,2.56,0.0,0.3,15.36,2.5,0.0
2,2021-11-01 04:38:47,2021-11-01 04:38:55,1.0,0.0,5.0,N,138,264,1,45.0,0.0,0.5,9.41,0.0,0.3,56.46,0.0,1.25
2,2021-11-01 04:27:08,2021-11-01 04:44:36,1.0,8.78,1.0,N,236,138,2,26.0,0.5,0.5,0.0,6.55,0.3,36.35,2.5,0.0
1,2021-11-01 04:10:28,2021-11-01 04:20:10,1.0,2.1,1.0,N,229,48,2,9.5,3.0,0.0,0.0,0.0,0.3,12.8,2.5,0.0
1,2021-11-01 04:23:53,2021-11-01 04:34:55,1.0,4.4,1.0,N,48,265,1,14.5,3.0,0.0,10.3,23.5,0.3,51.6,2.5,0.0
2,2021-11-01 04:24:59,2021-11-01 04:35:37,2.0,2.27,1.0,N,141,50,2,9.0,0.5,0.5,0.0,0.0,0.3,12.8,2.5,0.0
2,2021-11-01 04:40:15,2021-11-01 04:47:44,2.0,2.92,1.0,N,68,238,1,10.0,0.5,0.5,2.76,0.0,0.3,16.56,2.5,0.0
2,2021-11-01 04:18:58,2021-11-01 04:38:38,3.0,4.46,1.0,N,48,146,1,17.0,0.5,0.5,4.16,0.0,0.3,24.96,2.5,0.0
2,2021-11-01 04:13:54,2021-11-01 04:26:56,4.0,3.83,1.0,N,100,75,1,14.0,0.5,0.5,3.56,0.0,0.3,21.36,2.5,0.0
2,2021-11-01 04:29:59,2021-11-01 04:48:26,3.0,8.71,1.0,N,236,138,1,26.5,0.5,0.5,7.37,6.55,0.3,44.22,2.5,0.0
1,2021-11-01 04:30:22,2021-11-01 04:46:18,2.0,9.9,1.0,N,79,244,4,28.0,3.0,0.5,0.0,0.0,0.3,31.8,2.5,0.0
2,2021-11-01 04:12:02,2021-11-01 04:34:49,1.0,7.27,1.0,N,68,152,1,23.5,0.5,0.5,2.0,0.0,0.3,29.3,2.5,0.0
1,2021-11-01 04:22:13,2021-11-01 04:37:21,0.0,3.6,1.0,N,211,37,2,14.5,3.0,0.5,0.0,0.0,0.3,18.3,2.5,0.0
2,2021-11-01 04:08:06,2021-11-01 04:34:43,3.0,16.56,5.0,N,164,265,1,72.0,0.0,0.0,0.0,0.0,0.3,74.8,2.5,0.0
2,2021-11-01 04:19:01,2021-11-01 04:22:59,1.0,0.69,1.0,N,244,244,2,4.5,0.5,0.5,0.0,0.0,0.3,5.8,0.0,0.0
2,2021-11-01 04:28:51,2021-11-01 04:34:13,1.0,1.25,1.0,N,148,79,1,6.0,0.5,0.5,0.0,0.0,0.3,9.8,2.5,0.0
1,2021-11-01 04:04:20,2021-11-01 04:24:42,0.0,7.1,1.0,N,230,49,1,22.5,3.0,0.5,0.7,0.0,0.3,27.0,2.5,0.0
1,2021-11-01 04:43:40,2021-11-01 04:51:58,0.0,3.5,1.0,N,148,162,1,12.0,3.0,0.5,6.0,0.0,0.3,21.8,2.5,0.0
2,2021-11-01 04:30:27,2021-11-01 04:35:12,1.0,0.88,5.0,N,163,140,2,35.0,0.0,0.5,0.0,0.0,0.3,38.3,2.5,0.0
2,2021-11-01 04:13:16,2021-11-01 04:22:44,1.0,2.48,1.0,N,166,142,2,10.5,0.5,0.5,0.0,0.0,0.3,14.3,2.5,0.0
2,2021-11-01 04:28:30,2021-11-01 04:35:44,4.0,2.48,1.0,N,48,238,2,9.0,0.5,0.5,0.0,0.0,0.3,12.8,2.5,0.0
1,2021-11-01 05:24:13,2021-11-01 05:48:10,1.0,9.7,1.0,N,113,244,1,29.5,3.0,0.5,6.65,0.0,0.3,39.95,2.5,0.0
1,2021-11-01 05:59:07,2021-11-01 06:27:27,1.0,14.3,1.0,N,132,89,1,39.5,1.25,0.5,5.0,0.0,0.3,46.55,0.0,1.25
2,2021-11-01 05:19:41,2021-11-01 05:27:06,1.0,1.92,1.0,N,186,143,2,8.0,0.5,0.5,0.0,0.0,0.3,11.8,2.5,0.0
2,2021-11-01 05:34:57,2021-11-01 05:40:38,1.0,1.19,1.0,N,230,163,2,6.5,0.5,0.5,0.0,0.0,0.3,10.3,2.5,0.0
2,2021-11-01 05:51:40,2021-11-01 05:59:17,1.0,1.55,1.0,N,186,107,2,7.5,0.5,0.5,0.0,0.0,0.3,11.3,2.5,0.0
1,2021-11-01 05:51:13,2021-11-01 06:23:52,2.0,22.6,1.0,N,132,14,1,60.0,1.75,0.5,12.5,0.0,0.3,75.05,0.0,1.25
2,2021-11-01 05:45:55,2021-11-01 06:06:18,1.0,8.17,1.0,N,7,148,2,24.5,0.5,0.5,0.0,0.0,0.3,28.3,2.5,0.0
2,2021-11-01 05:41:22,2021-11-01 06:09:56,1.0,18.06,2.0,N,132,74,1,52.0,0.0,0.5,5.0,6.55,0.3,65.6,0.0,1.25
2,2021-11-01 05:19:51,2021-11-01 05:25:00,1.0,1.24,1.0,N,90,170,1,6.0,0.5,0.5,4.0,0.0,0.3,13.8,2.5,0.0
2,2021-11-01 05:31:24,2021-11-01 05:35:28,1.0,1.15,1.0,N,234,100,2,5.5,0.5,0.5,0.0,0.0,0.3,9.3,2.5,0.0
2,2021-11-01 05:35:47,2021-11-01 05:39:43,1.0,0.86,1.0,N,100,161,2,5.0,0.5,0.5,0.0,0.0,0.3,8.8,2.5,0.0
2,2021-11-01 05:54:22,2021-11-01 06:04:34,1.0,4.17,1.0,N,90,236,1,13.0,0.5,0.5,1.0,0.0,0.3,17.8,2.5,0.0
1,2021-11-01 05:04:20,2021-11-01 05:34:56,2.0,18.1,3.0,N,162,1,1,67.0,0.5,0.0,15.9,11.75,0.3,95.45,0.0,0.0
2,2021-11-01 05:43:04,2021-11-01 05:56:04,1.0,2.87,1.0,N,143,43,2,12.0,0.5,0.5,0.0,0.0,0.3,15.8,2.5,0.0
2,2021-11-01 05:57:45,2021-11-01 06:08:20,1.0,2.92,1.0,N,43,230,1,11.0,0.5,0.5,1.48,0.0,0.3,16.28,2.5,0.0
2,2021-11-01 05:30:07,2021-11-01 05:50:05,6.0,9.8,1.0,N,132,61,1,28.0,0.5,0.5,5.0,0.0,0.3,35.55,0.0,1.25
2,2021-11-01 05:48:00,2021-11-01 05:59:50,1.0,3.65,1.0,N,263,234,1,12.5,0.5,0.5,3.26,0.0,0.3,19.56,2.5,0.0
2,2021-11-01 05:34:46,2021-11-01 05:38:35,3.0,1.2,1.0,N,237,229,2,5.5,0.5,0.5,0.0,0.0,0.3,9.3,2.5,0.0
2,2021-11-01 05:53:50,2021-11-01 05:57:09,3.0,0.52,1.0,N,170,161,1,4.5,0.5,0.5,1.66,0.0,0.3,9.96,2.5,0.0
2,2021-11-01 06:01:01,2021-11-01 06:13:27,2.0,2.59,1.0,N,100,140,1,11.0,0.5,0.5,1.5,0.0,0.3,16.3,2.5,0.0
1,2021-11-01 05:58:57,2021-11-01 06:38:43,1.0,0.0,99.0,N,10,75,1,36.2,0.0,0.5,0.0,0.0,0.3,37.0,0.0,0.0
1,2021-11-01 05:20:58,2021-11-01 05:40:14,2.0,9.5,1.0,Y,238,138,1,28.5,0.5,0.5,9.05,6.55,0.3,45.4,0.0,0.0
2,2021-11-01 05:50:10,2021-11-01 06:03:47,1.0,4.7,1.0,N,24,170,1,15.5,0.5,0.5,5.79,0.0,0.3,25.09,2.5,0.0
2,2021-11-01 05:24:32,2021-11-01 05:34:41,1.0,2.3,1.0,N,55,123,2,9.5,0.5,0.5,0.0,0.0,0.3,10.8,0.0,0.0
1,2021-11-01 05:27:07,2021-11-01 05:39:46,1.0,3.3,1.0,Y,186,140,2,12.5,3.0,0.5,0.0,0.0,0.3,16.3,2.5,0.0
1,2021-11-01 05:51:10,2021-11-01 05:54:13,1.0,0.6,1.0,N,162,229,2,4.5,3.0,0.5,0.0,0.0,0.3,8.3,2.5,0.0
1,2021-11-01 05:58:28,2021-11-01 06:02:28,1.0,1.0,1.0,Y,162,137,1,5.5,3.0,0.5,1.85,0.0,0.3,11.15,2.5,0.0
2,2021-11-01 05:38:35,2021-11-01 05:52:38,1.0,6.61,1.0,N,237,88,2,20.5,0.5,0.5,0.0,0.0,0.3,24.3,2.5,0.0
2,2021-11-01 05:28:37,2021-11-01 05:48:14,1.0,5.95,1.0,N,80,85,1,20.0,0.5,0.5,15.0,0.0,0.3,36.3,0.0,0.0
2,2021-11-01 05:58:32,2021-11-01 06:39:32,2.0,17.65,2.0,N,132,68,1,52.0,0.0,0.5,12.62,6.55,0.3,75.72,2.5,1.25
1,2021-11-01 05:58:49,2021-11-01 06:08:06,1.0,3.1,1.0,N,224,140,1,10.5,3.0,0.5,2.85,0.0,0.3,17.15,2.5,0.0
1,2021-11-01 05:57:43,2021-11-01 06:18:32,1.0,9.9,1.0,N,170,138,1,29.0,3.0,0.5,9.8,6.55,0.3,49.15,2.5,0.0
2,2021-11-01 05:43:35,2021-11-01 06:24:20,1.0,21.55,2.0,N,132,88,1,52.0,0.0,0.5,0.0,6.55,0.3,63.1,2.5,1.25
1,2021-11-01 05:58:56,2021-11-01 06:33:38,1.0,18.2,1.0,N,262,132,1,49.5,2.5,0.5,9.0,6.55,0.3,68.35,2.5,0.0
1,2021-11-01 05:37:26,2021-11-01 05:47:24,1.0,2.5,1.0,N,100,140,1,10.0,3.0,0.5,7.0,0.0,0.3,20.8,2.5,0.0
2,2021-11-01 05:18:19,2021-11-01 05:46:43,1.0,17.47,2.0,N,132,161,1,52.0,0.0,0.5,12.37,6.55,0.3,75.47,2.5,1.25
2,2021-11-01 05:53:56,2021-11-01 05:59:23,2.0,0.04,1.0,N,100,234,1,5.0,0.5,0.5,2.2,0.0,0.3,11.0,2.5,0.0
2,2021-11-01 05:51:47,2021-11-01 06:15:29,1.0,8.94,1.0,N,132,35,1,27.0,0.5,0.5,7.39,0.0,0.3,36.94,0.0,1.25
1,2021-11-01 05:47:55,2021-11-01 06:26:53,1.0,17.4,2.0,N,132,234,1,52.0,3.75,0.5,10.0,6.55,0.3,73.1,2.5,1.25
2,2021-11-01 05:24:33,2021-11-01 05:30:37,1.0,2.0,1.0,N,151,142,1,7.5,0.5,0.5,1.13,0.0,0.3,12.43,2.5,0.0
2,2021-11-01 05:44:48,2021-11-01 05:50:48,1.0,1.3,1.0,N,151,239,1,6.5,0.5,0.5,2.06,0.0,0.3,12.36,2.5,0.0
2,2021-11-01 05:59:35,2021-11-01 06:05:27,1.0,1.47,1.0,N,238,166,1,6.5,0.5,0.5,2.58,0.0,0.3,12.88,2.5,0.0
1,2021-11-01 05:39:09,2021-11-01 06:18:42,1.0,20.2,2.0,N,132,140,1,52.0,3.75,0.5,6.9,6.55,0.3,70.0,2.5,1.25
2,2021-11-01 05:54:44,2021-11-01 06:38:20,5.0,19.36,2.0,N,132,262,1,52.0,0.0,0.5,9.46,6.55,0.3,72.56,2.5,1.25
2,2021-11-01 05:53:47,2021-11-01 05:55:28,1.0,0.68,1.0,N,48,230,1,4.0,0.5,0.5,1.0,0.0,0.3,8.8,2.5,0.0
2,2021-11-01 05:56:27,2021-11-01 06:02:02,1.0,1.23,1.0,N,163,161,2,6.0,0.5,0.5,0.0,0.0,0.3,9.8,2.5,0.0
2,2021-11-01 05:36:34,2021-11-01 06:08:07,1.0,19.77,2.0,N,231,132,1,52.0,0.0,0.5,11.06,0.0,0.3,66.36,2.5,0.0
1,2021-11-01 05:03:40,2021-11-01 05:25:46,1.0,17.3,2.0,N,233,132,1,52.0,2.5,0.5,12.35,6.55,0.3,74.2,2.5,0.0
2,2021-11-01 05:06:29,2021-11-01 05:25:35,1.0,17.48,2.0,N,75,132,2,52.0,0.0,0.5,0.0,6.55,0.3,59.35,0.0,0.0
2,2021-11-01 05:31:11,2021-11-01 05:57:08,1.0,10.49,1.0,N,132,61,2,31.0,0.5,0.5,0.0,0.0,0.3,33.55,0.0,1.25
1,2021-11-01 05:53:34,2021-11-01 06:12:24,1.0,4.7,1.0,N,48,12,1,18.0,3.0,0.5,4.35,0.0,0.3,26.15,2.5,0.0
1,2021-11-01 05:19:07,2021-11-01 05:34:58,2.0,5.0,1.0,N,264,74,2,16.0,2.5,0.5,0.0,0.0,0.3,19.3,2.5,0.0
1,2021-11-01 05:39:06,2021-11-01 05:42:53,1.0,1.4,1.0,N,74,263,1,6.0,2.5,0.5,2.0,0.0,0.3,11.3,2.5,0.0
1,2021-11-01 05:53:11,2021-11-01 06:14:07,1.0,7.4,1.0,N,141,138,1,23.5,2.5,0.5,3.0,0.0,0.3,29.8,2.5,0.0
2,2021-11-01 05:05:44,2021-11-01 05:18:46,1.0,1.75,1.0,N,143,141,1,10.5,0.5,0.5,4.29,0.0,0.3,18.59,2.5,0.0
2,2021-11-01 05:57:52,2021-11-01 06:03:30,1.0,0.96,1.0,N,100,161,1,5.5,0.5,0.5,0.93,0.0,0.3,10.23,2.5,0.0
1,2021-11-01 05:09:37,2021-11-01 05:29:43,1.0,6.1,1.0,N,114,61,3,21.0,3.0,0.5,0.0,0.0,0.3,24.8,2.5,0.0
1,2021-11-01 05:43:23,2021-11-01 06:09:56,2.0,17.8,1.0,N,65,132,1,47.5,0.5,0.5,4.0,0.0,0.3,52.8,0.0,0.0
2,2021-11-01 05:51:02,2021-11-01 06:06:58,1.0,9.38,1.0,N,141,138,1,26.0,0.5,0.5,7.27,6.55,0.3,43.62,2.5,0.0
2,2021-11-01 05:18:46,2021-11-01 05:48:14,1.0,11.37,1.0,N,132,188,2,34.0,0.5,0.5,0.0,0.0,0.3,36.55,0.0,1.25
1,2021-11-01 05:14:13,2021-11-01 05:40:00,1.0,10.7,1.0,N,48,138,1,32.0,3.0,0.5,0.0,0.0,0.3,35.8,2.5,0.0
1,2021-11-01 05:28:00,2021-11-01 05:39:10,1.0,3.8,1.0,N,170,262,1,12.5,3.0,0.5,2.45,0.0,0.3,18.75,2.5,0.0
1,2021-11-01 05:12:25,2021-11-01 05:19:08,1.0,1.4,1.0,N,237,262,1,6.0,3.0,0.5,2.0,0.0,0.3,11.8,2.5,0.0
1,2021-11-01 05:27:29,2021-11-01 05:59:37,1.0,19.2,2.0,N,236,132,1,52.0,2.5,0.5,13.68,13.1,0.3,82.08,2.5,0.0
1,2021-11-01 05:41:33,2021-11-01 05:42:29,1.0,0.0,1.0,Y,48,48,2,2.5,3.0,0.5,0.0,0.0,0.3,6.3,2.5,0.0
2,2021-11-01 05:09:44,2021-11-01 05:43:03,1.0,19.37,2.0,N,151,132,1,52.0,0.0,0.5,11.87,6.55,0.3,72.47,0.0,1.25
1,2021-11-01 05:07:54,2021-11-01 05:36:26,0.0,17.3,1.0,N,132,226,1,48.0,1.75,0.5,3.0,0.0,0.3,53.55,0.0,1.25
2,2021-11-01 05:44:14,2021-11-01 05:46:12,1.0,0.02,1.0,N,114,234,2,3.0,0.5,0.5,0.0,0.0,0.3,6.8,2.5,0.0
2,2021-11-01 05:43:00,2021-11-01 05:48:21,1.0,2.42,1.0,N,137,79,2,8.5,0.5,0.5,0.0,0.0,0.3,12.3,2.5,0.0
2,2021-11-01 05:53:06,2021-11-01 06:09:46,1.0,7.26,1.0,N,79,195,2,22.0,0.5,0.5,0.0,0.0,0.3,25.8,2.5,0.0
1,2021-11-01 05:11:18,2021-11-01 05:40:42,1.0,7.3,1.0,N,48,181,2,26.5,3.0,0.5,0.0,0.0,0.3,30.3,2.5,0.0
1,2021-11-01 05:40:18,2021-11-01 05:50:30,1.0,1.3,1.0,N,237,263,1,9.0,3.0,0.5,1.0,0.0,0.3,13.8,2.5,0.0
2,2021-11-01 06:00:09,2021-11-01 06:51:45,6.0,21.88,2.0,N,132,143,1,52.0,0.0,0.5,10.0,6.55,0.3,73.1,2.5,1.25
1,2021-11-01 05:52:43,2021-11-01 05:59:20,1.0,1.4,1.0,N,234,161,1,7.0,2.5,0.5,2.06,0.0,0.3,12.36,2.5,0.0
2,2021-11-01 05:53:50,2021-11-01 06:00:56,1.0,1.93,1.0,N,237,230,1,8.0,0.5,0.5,1.0,0.0,0.3,12.8,2.5,0.0
2,2021-11-01 05:40:22,2021-11-01 05:43:44,1.0,1.09,1.0,N,238,75,1,5.5,0.5,0.5,1.36,0.0,0.3,8.16,0.0,0.0
2,2021-11-01 05:48:41,2021-11-01 05:51:48,1.0,0.49,1.0,N,141,237,1,4.0,0.5,0.5,2.34,0.0,0.3,10.14,2.5,0.0
2,2021-11-01 05:55:12,2021-11-01 06:00:21,1.0,1.4,1.0,N,236,161,1,6.5,0.5,0.5,2.58,0.0,0.3,12.88,2.5,0.0
1,2021-11-01 05:37:27,2021-11-01 06:02:15,1.0,15.4,2.0,N,170,132,1,52.0,2.5,0.5,9.28,6.55,0.3,71.13,2.5,0.0
2,2021-11-01 05:41:27,2021-11-01 06:09:10,1.0,11.0,1.0,N,132,36,1,32.5,0.5,0.5,5.0,0.0,0.3,40.05,0.0,1.25
2,2021-11-01 04:56:14,2021-11-01 05:34:09,6.0,8.73,1.0,N,141,244,2,29.0,0.5,0.5,0.0,0.0,0.3,32.8,2.5,0.0
1,2021-11-01 05:42:30,2021-11-01 06:06:35,2.0,4.8,1.0,N,238,137,1,19.0,3.0,0.5,3.42,0.0,0.3,26.22,2.5,0.0
1,2021-11-01 05:55:48,2021-11-01 06:11:19,0.0,8.6,1.0,N,48,127,2,25.5,3.0,0.5,0.0,0.0,0.3,29.3,2.5,0.0
1,2021-11-01 05:31:02,2021-11-01 05:58:42,2.0,18.1,2.0,N,141,132,2,52.0,2.5,0.5,0.0,6.55,0.3,61.85,2.5,0.0
2,2021-11-01 05:46:11,2021-11-01 05:57:09,1.0,2.43,1.0,N,141,230,1,10.5,0.5,0.5,2.86,0.0,0.3,17.16,2.5,0.0
1,2021-11-01 05:19:51,2021-11-01 05:46:45,1.0,16.0,4.0,N,132,265,2,67.5,1.75,0.5,0.0,0.0,0.3,70.05,0.0,1.25
2,2021-11-01 05:37:52,2021-11-01 06:17:00,1.0,25.94,2.0,N,239,132,1,52.0,0.0,0.5,9.28,6.55,0.3,71.13,2.5,0.0
2,2021-11-01 05:04:07,2021-11-01 05:20:10,1.0,9.19,1.0,N,170,138,1,26.0,0.5,0.5,0.0,6.55,0.3,36.35,2.5,0.0
2,2021-11-01 05:45:47,2021-11-01 05:55:56,2.0,1.78,1.0,N,162,246,2,8.5,0.5,0.5,0.0,0.0,0.3,12.3,2.5,0.0
2,2021-11-01 05:13:02,2021-11-01 05:22:39,5.0,3.32,1.0,N,170,75,1,11.0,0.5,0.5,2.96,0.0,0.3,17.76,2.5,0.0
2,2021-11-01 05:33:27,2021-11-01 05:38:24,3.0,2.14,1.0,N,43,163,1,7.5,0.5,0.5,2.26,0.0,0.3,13.56,2.5,0.0
2,2021-11-01 05:54:26,2021-11-01 06:10:49,3.0,3.48,1.0,N,170,158,2,14.5,0.5,0.5,0.0,0.0,0.3,18.3,2.5,0.0
2,2021-11-01 05:31:43,2021-11-01 05:43:04,1.0,2.29,1.0,N,186,125,1,10.0,0.5,0.5,1.0,0.0,0.3,14.8,2.5,0.0
2,2021-11-01 05:50:32,2021-11-01 05:58:32,1.0,1.82,1.0,N,125,170,1,8.0,0.5,0.5,2.36,0.0,0.3,14.16,2.5,0.0
2,2021-11-01 05:34:28,2021-11-01 06:12:04,2.0,17.83,2.0,N,68,132,1,52.0,0.0,0.5,12.37,6.55,0.3,74.22,2.5,0.0
2,2021-11-01 05:30:57,2021-11-01 06:02:52,4.0,19.9,2.0,N,132,140,1,52.0,0.0,0.5,6.0,6.55,0.3,69.1,2.5,1.25
2,2021-11-01 04:59:12,2021-11-01 05:11:44,6.0,4.95,1.0,N,48,166,2,17.0,0.5,0.5,0.0,0.0,0.3,20.8,2.5,0.0
2,2021-11-01 05:18:22,2021-11-01 05:28:20,6.0,2.35,1.0,N,151,142,2,10.5,0.5,0.5,0.0,0.0,0.3,14.3,2.5,0.0
2,2021-11-01 05:50:11,2021-11-01 05:51:07,6.0,0.3,1.0,N,163,230,2,3.0,0.5,0.5,0.0,0.0,0.3,6.8,2.5,0.0
2,2021-11-01 05:24:30,2021-11-01 05:38:40,1.0,5.63,1.0,N,166,68,1,18.0,0.5,0.5,4.36,0.0,0.3,26.16,2.5,0.0
2,2021-11-01 05:42:21,2021-11-01 06:29:11,1.0,18.25,2.0,N,68,132,2,52.0,0.0,0.5,0.0,0.0,0.3,55.3,2.5,0.0
2,2021-11-01 05:54:05,2021-11-01 05:56:23,1.0,0.94,1.0,N,263,141,1,4.5,0.5,0.5,1.0,0.0,0.3,9.3,2.5,0.0
1,2021-11-01 05:00:48,2021-11-01 05:20:44,2.0,15.1,2.0,N,162,132,1,52.0,2.5,0.5,15.45,6.55,0.3,77.3,2.5,0.0
2,2021-11-01 05:59:47,2021-11-01 06:47:43,3.0,18.83,2.0,N,132,90,1,52.0,0.0,0.5,12.62,6.55,0.3,75.72,2.5,1.25
1,2021-11-01 05:09:46,2021-11-01 05:18:08,1.0,1.2,1.0,N,50,164,1,7.5,3.0,0.5,0.0,0.0,0.3,11.3,2.5,0.0
2,2021-11-01 05:15:09,2021-11-01 05:30:17,2.0,4.68,1.0,N,132,219,2,17.0,0.5,0.5,0.0,0.0,0.3,19.55,0.0,1.25
2,2021-11-01 05:31:55,2021-11-01 05:41:48,2.0,3.11,1.0,N,132,218,2,12.0,0.5,0.5,0.0,0.0,0.3,14.55,0.0,1.25
2,2021-11-01 05:07:15,2021-11-01 05:07:46,1.0,0.0,2.0,N,263,141,2,52.0,0.0,0.5,0.0,11.75,0.3,67.05,2.5,0.0
2,2021-11-01 05:40:37,2021-11-01 05:51:02,1.0,2.67,1.0,N,100,140,1,11.0,0.5,0.5,3.7,0.0,0.3,18.5,2.5,0.0
1,2021-11-01 05:27:01,2021-11-01 05:36:38,0.0,2.9,1.0,N,146,263,1,10.5,3.0,0.5,2.85,0.0,0.3,17.15,2.5,0.0
1,2021-11-01 05:40:00,2021-11-01 06:00:50,0.0,9.6,1.0,N,141,138,1,28.5,3.0,0.5,5.0,0.0,0.3,37.3,2.5,0.0
2,2021-11-01 05:42:22,2021-11-01 06:04:23,6.0,13.82,3.0,N,261,1,1,55.5,0.5,0.0,20.42,11.75,0.3,88.47,0.0,0.0
2,2021-11-01 05:59:34,2021-11-01 06:02:42,1.0,0.48,1.0,N,142,143,2,4.0,0.0,0.5,0.0,0.0,0.3,7.3,2.5,0.0
1,2021-11-01 05:22:26,2021-11-01 05:50:10,1.0,16.2,1.0,N,132,89,2,44.0,1.75,0.5,0.0,0.0,0.3,46.55,0.0,1.25
1,2021-11-01 05:22:05,2021-11-01 05:48:37,1.0,0.0,1.0,Y,130,225,1,26.2,0.0,0.5,0.0,0.0,0.3,27.0,0.0,0.0
2,2021-11-01 05:26:28,2021-11-01 05:46:27,1.0,10.45,1.0,N,239,138,1,30.0,0.5,0.5,10.0,6.55,0.3,50.35,2.5,0.0
2,2021-11-01 05:46:03,2021-11-01 05:51:55,2.0,1.85,1.0,N,79,232,2,7.5,0.5,0.5,0.0,0.0,0.3,11.3,2.5,0.0
2,2021-11-01 05:14:21,2021-11-01 05:29:05,1.0,8.77,1.0,N,236,138,1,24.5,0.5,0.5,6.97,6.55,0.3,41.82,2.5,0.0
2,2021-11-01 05:54:40,2021-11-01 05:59:31,1.0,0.78,1.0,N,161,164,1,5.5,0.5,0.5,2.0,0.0,0.3,11.3,2.5,0.0
2,2021-11-01 05:50:39,2021-11-01 05:56:16,4.0,1.43,1.0,N,236,239,1,7.0,0.5,0.5,1.0,0.0,0.3,11.8,2.5,0.0
1,2021-11-01 05:42:18,2021-11-01 05:42:23,1.0,0.0,1.0,N,132,132,3,2.5,1.75,0.5,0.0,0.0,0.3,5.05,0.0,1.25
1,2021-11-01 05:42:59,2021-11-01 06:25:22,1.0,19.4,2.0,N,132,48,1,52.0,3.75,0.5,10.0,6.55,0.3,73.1,2.5,1.25
2,2021-11-01 05:55:55,2021-11-01 06:10:59,1.0,5.1,1.0,N,151,68,1,16.5,0.5,0.5,2.0,0.0,0.3,22.3,2.5,0.0
2,2021-11-01 05:28:01,2021-11-01 05:49:58,2.0,11.92,1.0,N,88,138,1,34.0,0.5,0.5,0.0,0.0,0.3,37.8,2.5,0.0
2,2021-11-01 05:59:06,2021-11-01 06:25:36,1.0,7.24,1.0,N,223,186,2,23.5,0.5,0.5,0.0,0.0,0.3,27.3,2.5,0.0
2,2021-11-01 05:24:34,2021-11-01 05:28:02,1.0,0.69,1.0,N,263,236,2,4.5,0.5,0.5,0.0,0.0,0.3,8.3,2.5,0.0
1,2021-11-01 05:28:05,2021-11-01 05:36:12,1.0,0.8,1.0,N,158,114,2,7.0,3.0,0.5,0.0,0.0,0.3,10.8,2.5,0.0
1,2021-11-01 05:42:45,2021-11-01 05:44:22,2.0,0.7,1.0,Y,107,137,2,4.0,3.0,0.5,0.0,0.0,0.3,7.8,2.5,0.0
1,2021-11-01 05:48:11,2021-11-01 06:05:37,1.0,10.0,1.0,N,233,138,1,28.0,2.5,0.5,7.55,6.55,0.3,45.4,2.5,0.0
2,2021-11-01 05:12:12,2021-11-01 05:13:08,1.0,0.07,1.0,N,42,42,2,2.5,0.5,0.5,0.0,0.0,0.3,3.8,0.0,0.0
1,2021-11-01 05:57:41,2021-11-01 06:29:13,1.0,15.8,2.0,N,233,132,1,52.0,2.5,0.5,10.0,6.55,0.3,71.85,2.5,0.0
1,2021-11-01 05:44:06,2021-11-01 05:52:11,1.0,1.7,1.0,N,249,107,1,8.5,2.5,0.5,2.35,0.0,0.3,14.15,2.5,0.0
1,2021-11-01 05:31:38,2021-11-01 05:50:53,1.0,5.9,1.0,Y,141,244,1,20.0,3.0,0.5,4.75,0.0,0.3,28.55,2.5,0.0
1,2021-11-01 05:53:53,2021-11-01 06:10:45,1.0,5.9,1.0,N,244,161,1,19.0,3.0,0.5,0.0,0.0,0.3,22.8,2.5,0.0
2,2021-11-01 05:08:04,2021-11-01 05:18:18,2.0,2.29,1.0,N,237,50,1,10.0,0.5,0.5,6.2,0.0,0.3,20.0,2.5,0.0
2,2021-11-01 05:01:16,2021-11-01 05:12:36,2.0,3.07,1.0,N,100,236,1,11.5,0.5,0.5,3.06,0.0,0.3,18.36,2.5,0.0
2,2021-11-01 05:29:33,2021-11-01 05:34:11,2.0,1.31,1.0,N,100,90,2,6.0,0.5,0.5,0.0,0.0,0.3,9.8,2.5,0.0
2,2021-11-01 05:40:35,2021-11-01 05:45:34,2.0,1.32,1.0,N,100,163,2,6.0,0.5,0.5,0.0,0.0,0.3,9.8,2.5,0.0
2,2021-11-01 05:15:13,2021-11-01 05:35:23,1.0,10.3,1.0,N,132,86,1,29.5,0.5,0.5,3.0,0.0,0.3,35.05,0.0,1.25
1,2021-11-01 05:54:36,2021-11-01 06:12:01,0.0,7.4,1.0,N,132,86,1,23.0,1.75,0.5,5.1,0.0,0.3,30.65,0.0,1.25
2,2021-11-01 05:01:36,2021-11-01 05:16:23,1.0,5.34,1.0,N,79,226,1,17.5,0.5,0.5,4.0,0.0,0.3,25.3,2.5,0.0
1,2021-11-01 05:57:23,2021-11-01 06:27:56,1.0,0.0,1.0,N,70,231,1,30.2,0.0,0.5,0.0,0.0,0.3,31.0,0.0,0.0
2,2021-11-01 05:27:26,2021-11-01 05:47:31,2.0,9.26,1.0,N,141,138,1,27.0,0.5,0.5,5.0,0.0,0.3,35.8,2.5,0.0
1,2021-11-01 05:55:17,2021-11-01 06:04:14,1.0,1.4,1.0,N,186,161,1,7.5,3.0,0.5,2.25,0.0,0.3,13.55,2.5,0.0
1,2021-11-01 05:54:06,2021-11-01 06:23:36,1.0,10.7,1.0,N,132,72,1,32.5,1.75,0.5,5.0,0.0,0.3,40.05,0.0,1.25
1,2021-11-01 05:55:17,2021-11-01 06:08:19,1.0,7.6,1.0,N,262,13,1,22.0,2.5,0.5,2.5,0.0,0.3,27.8,2.5,0.0
1,2021-11-01 05:43:15,2021-11-01 05:46:40,1.0,1.2,1.0,N,100,50,1,5.5,3.0,0.5,1.85,0.0,0.3,11.15,2.5,0.0
1,2021-11-01 05:54:16,2021-11-01 06:15:22,1.0,4.9,1.0,N,100,88,1,19.0,3.0,0.5,4.55,0.0,0.3,27.35,2.5,0.0
1,2021-11-01 05:29:16,2021-11-01 05:39:36,2.0,5.0,1.0,N,238,244,1,15.5,3.0,0.5,3.86,0.0,0.3,23.16,2.5,0.0
1,2021-11-01 05:57:24,2021-11-01 06:06:35,1.0,2.0,1.0,N,143,140,1,9.5,3.0,0.5,3.95,0.0,0.3,17.25,2.5,0.0
1,2021-11-01 05:54:34,2021-11-01 06:19:38,0.0,6.6,1.0,N,113,7,2,23.0,3.0,0.5,0.0,0.0,0.3,26.8,2.5,0.0
2,2021-11-01 05:57:00,2021-11-01 06:16:41,1.0,9.74,1.0,N,100,138,1,28.5,0.5,0.5,7.77,6.55,0.3,46.62,2.5,0.0
2,2021-11-01 05:49:03,2021-11-01 05:59:33,2.0,2.71,1.0,N,234,143,2,10.0,0.5,0.5,0.0,0.0,0.3,13.8,2.5,0.0
1,2021-11-01 05:43:43,2021-11-01 05:50:38,1.0,1.7,1.0,N,239,237,1,8.0,3.0,0.5,2.35,0.0,0.3,14.15,2.5,0.0
1,2021-11-01 05:58:25,2021-11-01 06:12:36,1.0,2.6,1.0,N,238,140,2,12.0,2.5,0.5,0.0,0.0,0.3,15.3,2.5,0.0
2,2021-11-01 05:17:56,2021-11-01 05:41:38,3.0,9.98,1.0,N,100,138,1,30.0,0.5,0.5,8.07,6.55,0.3,48.42,2.5,0.0
1,2021-11-01 05:41:24,2021-11-01 06:07:34,1.0,8.8,1.0,N,229,195,2,28.5,3.0,0.5,0.0,0.0,0.3,32.3,2.5,0.0
2,2021-11-01 05:00:59,2021-11-01 05:04:20,2.0,0.88,1.0,N,233,141,2,5.0,0.5,0.5,0.0,0.0,0.3,8.8,2.5,0.0
2,2021-11-01 05:37:47,2021-11-01 05:56:02,2.0,9.16,1.0,N,140,138,1,27.5,0.5,0.5,7.57,6.55,0.3,45.42,2.5,0.0
2,2021-11-01 05:50:29,2021-11-01 06:22:58,3.0,11.77,1.0,N,132,62,2,35.0,0.5,0.5,0.0,0.0,0.3,37.55,0.0,1.25
2,2021-11-01 05:17:33,2021-11-01 05:39:09,1.0,11.08,1.0,N,142,138,1,32.0,0.5,0.5,8.47,6.55,0.3,52.07,2.5,1.25
2,2021-11-01 05:37:27,2021-11-01 06:02:19,1.0,11.27,1.0,N,132,61,1,33.0,0.5,0.5,2.0,0.0,0.3,37.55,0.0,1.25
2,2021-11-01 05:59:40,2021-11-01 06:03:36,1.0,0.79,1.0,N,161,100,1,5.0,0.5,0.5,1.76,0.0,0.3,10.56,2.5,0.0
2,2021-11-01 05:06:05,2021-11-01 05:11:58,1.0,1.86,1.0,N,107,68,1,7.5,0.5,0.5,2.26,0.0,0.3,13.56,2.5,0.0
2,2021-11-01 05:38:25,2021-11-01 05:42:07,1.0,1.48,1.0,N,186,163,1,6.5,0.5,0.5,1.0,0.0,0.3,11.3,2.5,0.0
2,2021-11-01 05:49:08,2021-11-01 05:52:11,1.0,1.2,1.0,N,186,161,1,5.5,0.5,0.5,2.32,0.0,0.3,11.62,2.5,0.0
2,2021-11-01 05:26:03,2021-11-01 05:30:08,1.0,1.5,1.0,N,74,236,2,6.0,0.5,0.5,0.0,0.0,0.3,9.8,2.5,0.0
2,2021-11-01 05:56:15,2021-11-01 06:26:59,1.0,16.88,3.0,N,68,1,1,65.0,0.5,0.0,17.11,19.75,0.3,102.66,0.0,0.0
2,2021-11-01 05:33:09,2021-11-01 05:39:06,1.0,1.65,1.0,N,79,170,1,7.0,0.5,0.5,3.24,0.0,0.3,14.04,2.5,0.0
2,2021-11-01 05:45:09,2021-11-01 05:59:40,1.0,4.87,1.0,N,170,24,2,16.0,0.5,0.5,0.0,0.0,0.3,19.8,2.5,0.0
2,2021-11-01 05:51:30,2021-11-01 06:07:43,1.0,8.62,1.0,N,262,231,2,25.0,0.5,0.5,0.0,0.0,0.3,28.8,2.5,0.0
2,2021-11-01 05:14:16,2021-11-01 05:33:32,3.0,13.81,2.0,N,233,132,1,52.0,0.0,0.5,0.0,6.55,0.3,61.85,2.5,0.0
2,2021-11-01 05:27:58,2021-11-01 06:03:46,1.0,20.23,1.0,N,132,33,1,53.5,0.5,0.5,14.0,0.0,0.3,70.05,0.0,1.25
2,2021-11-01 05:57:38,2021-11-01 05:57:43,6.0,0.0,1.0,N,75,75,2,2.5,0.5,0.5,0.0,0.0,0.3,3.8,0.0,0.0
2,2021-11-01 05:21:58,2021-11-01 05:28:35,1.0,1.42,1.0,N,100,107,1,7.0,0.5,0.5,2.0,0.0,0.3,12.8,2.5,0.0
2,2021-11-01 05:35:29,2021-11-01 05:51:14,1.0,4.49,1.0,N,90,151,1,14.5,0.5,0.5,1.0,0.0,0.3,19.3,2.5,0.0
1,2021-11-01 05:58:45,2021-11-01 06:05:22,1.0,3.6,1.0,N,132,219,2,11.5,1.25,0.5,0.0,0.0,0.3,13.55,0.0,1.25
1,2021-11-01 05:07:43,2021-11-01 05:33:38,1.0,10.7,1.0,N,107,190,1,32.5,3.0,0.5,0.0,0.0,0.3,36.3,2.5,0.0
2,2021-11-01 05:45:06,2021-11-01 05:47:40,1.0,0.56,1.0,N,151,238,2,4.0,0.5,0.5,0.0,0.0,0.3,5.3,0.0,0.0
1,2021-11-01 05:00:14,2021-11-01 05:23:53,1.0,12.1,1.0,N,186,134,1,35.0,3.0,0.5,0.0,6.55,0.3,45.35,2.5,0.0
2,2021-11-01 05:48:59,2021-11-01 05:58:07,1.0,1.88,1.0,N,170,68,1,8.5,0.5,0.5,2.0,0.0,0.3,14.3,2.5,0.0
2,2021-11-01 05:05:56,2021-11-01 05:09:32,1.0,1.24,1.0,N,90,170,1,5.5,0.5,0.5,1.86,0.0,0.3,11.16,2.5,0.0
2,2021-11-01 05:19:05,2021-11-01 05:31:42,1.0,3.17,1.0,N,79,48,1,12.5,0.5,0.5,3.26,0.0,0.3,19.56,2.5,0.0
2,2021-11-01 05:35:46,2021-11-01 06:05:01,1.0,7.29,1.0,N,48,37,1,25.5,0.5,0.5,2.0,0.0,0.3,31.3,2.5,0.0
1,2021-11-01 05:33:47,2021-11-01 05:40:29,1.0,2.3,1.0,N,68,50,1,8.5,3.0,0.5,2.45,0.0,0.3,14.75,2.5,0.0
1,2021-11-01 05:45:43,2021-11-01 05:56:46,2.0,7.3,1.0,Y,48,244,2,21.0,3.0,0.5,0.0,0.0,0.3,24.8,2.5,0.0
1,2021-11-01 05:51:49,2021-11-01 06:12:43,1.0,4.4,1.0,N,87,40,2,18.5,3.0,0.5,0.0,6.55,0.3,28.85,2.5,0.0
2,2021-11-01 05:10:30,2021-11-01 05:27:13,1.0,3.5,1.0,N,163,226,1,15.0,0.5,0.5,3.0,0.0,0.3,21.8,2.5,0.0
2,2021-11-01 05:44:52,2021-11-01 05:50:18,1.0,1.64,1.0,N,263,237,1,7.0,0.5,0.5,1.62,0.0,0.3,12.42,2.5,0.0
1,2021-11-01 05:46:02,2021-11-01 05:55:38,1.0,2.7,1.0,N,186,239,2,10.5,3.0,0.5,0.0,0.0,0.3,14.3,2.5,0.0
2,2021-11-01 05:37:22,2021-11-01 05:47:34,1.0,5.13,1.0,N,234,13,1,16.5,0.5,0.5,1.7,0.0,0.3,22.0,2.5,0.0
2,2021-11-01 05:28:25,2021-11-01 05:44:54,1.0,6.65,1.0,N,132,130,2,21.5,0.5,0.5,0.0,0.0,0.3,24.05,0.0,1.25
1,2021-11-01 05:54:25,2021-11-01 05:58:47,1.0,1.0,1.0,N,186,230,1,5.5,3.0,0.5,1.0,0.0,0.3,10.3,2.5,0.0
1,2021-11-01 05:44:30,2021-11-01 05:53:54,1.0,2.4,1.0,N,148,186,1,10.0,3.0,0.5,2.75,0.0,0.3,16.55,2.5,0.0
1,2021-11-01 05:58:38,2021-11-01 06:04:35,1.0,0.9,1.0,N,48,161,2,6.0,2.5,0.5,0.0,0.0,0.3,9.3,2.5,0.0
2,2021-11-01 05:09:06,2021-11-01 05:14:12,1.0,2.11,1.0,N,107,141,1,7.5,0.5,0.5,2.26,0.0,0.3,13.56,2.5,0.0
2,2021-11-01 05:52:37,2021-11-01 05:52:42,1.0,0.0,1.0,N,129,129,2,2.5,0.5,0.5,0.0,0.0,0.3,3.8,0.0,0.0
2,2021-11-01 05:54:05,2021-11-01 05:54:10,1.0,0.0,1.0,N,129,129,2,2.5,0.5,0.5,0.0,0.0,0.3,3.8,0.0,0.0
1,2021-11-01 05:42:03,2021-11-01 05:58:46,2.0,4.2,1.0,N,238,186,1,16.0,3.0,0.5,0.01,0.0,0.3,19.81,2.5,0.0
2,2021-11-01 05:01:04,2021-11-01 05:03:15,1.0,0.27,1.0,N,237,237,2,3.5,0.5,0.5,0.0,0.0,0.3,7.3,2.5,0.0
1,2021-11-01 05:45:54,2021-11-01 06:10:07,2.0,12.2,1.0,N,230,138,1,35.0,3.0,0.5,5.0,6.55,0.3,50.35,2.5,0.0
2,2021-11-01 05:16:14,2021-11-01 05:46:32,2.0,18.38,2.0,N,224,132,1,52.0,0.0,0.5,5.0,0.0,0.3,60.3,2.5,0.0
2,2021-11-01 05:50:11,2021-11-01 05:53:56,1.0,1.17,1.0,N,237,229,1,5.5,0.5,0.5,1.86,0.0,0.3,11.16,2.5,0.0
2,2021-11-01 05:32:40,2021-11-01 05:39:41,1.0,2.03,1.0,N,164,163,1,8.5,0.5,0.5,1.0,0.0,0.3,13.3,2.5,0.0
1,2021-11-01 05:49:49,2021-11-01 06:35:12,3.0,22.5,2.0,N,132,13,1,52.0,3.75,0.5,11.36,6.55,0.3,74.46,2.5,1.25
2,2021-11-01 05:01:57,2021-11-01 05:23:25,3.0,8.05,1.0,N,229,138,1,25.0,0.5,0.5,5.76,0.0,0.3,34.56,2.5,0.0
2,2021-11-01 05:18:06,2021-11-01 05:37:05,1.0,8.57,1.0,N,166,138,1,25.5,0.5,0.5,4.0,6.55,0.3,37.35,0.0,0.0
2,2021-11-01 05:10:10,2021-11-01 05:17:01,2.0,2.96,1.0,N,107,140,2,9.5,0.5,0.5,0.0,0.0,0.3,13.3,2.5,0.0
2,2021-11-01 05:36:24,2021-11-01 05:48:49,2.0,4.37,1.0,N,263,226,1,14.0,0.5,0.5,0.0,0.0,0.3,17.8,2.5,0.0
2,2021-11-01 05:53:05,2021-11-01 06:40:19,1.0,18.47,1.0,N,132,65,1,51.0,0.5,0.5,5.0,0.0,0.3,58.55,0.0,1.25
2,2021-11-01 05:06:42,2021-11-01 05:30:10,1.0,10.75,1.0,N,132,39,2,32.0,0.5,0.5,0.0,0.0,0.3,34.55,0.0,1.25
1,2021-11-01 05:24:01,2021-11-01 05:42:49,1.0,15.7,2.0,Y,170,132,1,52.0,2.5,0.5,12.0,6.55,0.3,73.85,2.5,0.0
1,2021-11-01 05:57:33,2021-11-01 06:40:08,1.0,19.2,2.0,N,132,43,2,52.0,1.25,0.5,0.0,6.55,0.3,60.6,0.0,1.25
1,2021-11-01 05:45:50,2021-11-01 05:53:46,1.0,1.7,1.0,N,236,238,1,8.0,3.0,0.5,3.0,0.0,0.3,14.8,2.5,0.0
2,2021-11-01 05:57:58,2021-11-01 06:00:33,3.0,0.84,1.0,N,239,142,1,4.5,0.5,0.5,1.0,0.0,0.3,9.3,2.5,0.0
2,2021-11-01 05:40:46,2021-11-01 05:47:44,1.0,2.42,1.0,N,146,162,1,9.0,0.5,0.5,1.0,0.0,0.3,13.8,2.5,0.0
2,2021-11-01 05:55:03,2021-11-01 06:03:04,1.0,1.19,1.0,N,100,162,2,7.0,0.5,0.5,0.0,0.0,0.3,10.8,2.5,0.0
2,2021-11-01 05:22:17,2021-11-01 05:54:01,1.0,18.41,2.0,N,132,90,1,52.0,0.0,0.5,12.37,6.55,0.3,75.47,2.5,1.25
2,2021-11-01 05:20:05,2021-11-01 05:26:18,1.0,2.61,1.0,N,224,140,1,9.0,0.5,0.5,2.56,0.0,0.3,15.36,2.5,0.0
2,2021-11-01 05:31:53,2021-11-01 05:35:25,1.0,0.75,1.0,N,263,75,1,4.5,0.5,0.5,1.66,0.0,0.3,9.96,2.5,0.0
2,2021-11-01 05:55:23,2021-11-01 06:10:43,1.0,8.91,1.0,N,263,138,1,25.5,0.5,0.5,8.96,6.55,0.3,44.81,2.5,0.0
1,2021-11-01 05:16:11,2021-11-01 05:52:50,1.0,22.6,2.0,N,132,261,1,52.0,3.75,0.5,3.0,6.55,0.3,66.1,2.5,1.25
2,2021-11-01 05:43:42,2021-11-01 05:45:40,1.0,0.74,1.0,N,186,48,1,4.0,0.5,0.5,1.0,0.0,0.3,8.8,2.5,0.0
2,2021-11-01 05:48:59,2021-11-01 05:53:57,1.0,1.35,1.0,N,100,161,2,6.0,0.5,0.5,0.0,0.0,0.3,9.8,2.5,0.0
1,2021-11-01 05:49:15,2021-11-01 06:23:02,1.0,12.0,1.0,N,132,37,1,36.0,1.75,0.5,7.7,0.0,0.3,46.25,0.0,1.25
1,2021-11-01 05:27:15,2021-11-01 05:40:11,1.0,7.9,1.0,N,132,222,3,22.5,1.75,0.5,0.0,0.0,0.3,25.05,0.0,1.25
2,2021-11-01 05:28:29,2021-11-01 05:41:49,1.0,5.78,1.0,N,132,197,2,-18.5,-0.5,-0.5,0.0,0.0,-0.3,-21.05,0.0,-1.25
2,2021-11-01 05:28:29,2021-11-01 05:41:49,1.0,5.78,1.0,N,132,197,2,18.5,0.5,0.5,0.0,0.0,0.3,21.05,0.0,1.25
2,2021-11-01 05:14:58,2021-11-01 05:15:14,1.0,0.0,5.0,N,1,1,1,74.0,0.0,0.0,0.0,0.0,0.3,74.3,0.0,0.0
2,2021-11-01 05:12:02,2021-11-01 05:24:05,1.0,2.77,1.0,N,100,238,2,11.5,0.5,0.5,0.0,0.0,0.3,15.3,2.5,0.0
2,2021-11-01 05:35:58,2021-11-01 05:48:27,1.0,2.7,1.0,N,48,140,1,11.5,0.5,0.5,2.3,0.0,0.3,17.6,2.5,0.0
1,2021-11-01 05:07:26,2021-11-01 05:13:55,1.0,2.5,1.0,Y,262,162,1,9.0,3.0,0.5,1.92,0.0,0.3,14.72,2.5,0.0
1,2021-11-01 05:19:57,2021-11-01 05:27:15,2.0,2.0,1.0,N,162,107,2,8.0,3.0,0.5,0.0,0.0,0.3,11.8,2.5,0.0
1,2021-11-01 05:55:46,2021-11-01 06:07:28,1.0,3.1,1.0,N,262,161,2,12.0,3.0,0.5,0.0,0.0,0.3,15.8,2.5,0.0
2,2021-11-01 05:40:49,2021-11-01 06:04:37,1.0,6.89,1.0,N,158,7,1,23.0,0.5,0.5,6.7,0.0,0.3,33.5,2.5,0.0
1,2021-11-01 05:19:24,2021-11-01 05:29:05,2.0,3.0,1.0,N,100,236,1,11.0,3.0,0.5,5.0,0.0,0.3,19.8,2.5,0.0
1,2021-11-01 05:09:53,2021-11-01 05:26:26,0.0,5.6,1.0,N,125,263,1,17.5,3.0,0.5,4.25,0.0,0.3,25.55,2.5,0.0
2,2021-11-01 05:20:33,2021-11-01 05:33:23,3.0,4.78,1.0,N,238,68,1,16.0,0.5,0.5,3.96,0.0,0.3,23.76,2.5,0.0
2,2021-11-01 05:36:01,2021-11-01 05:41:20,2.0,1.45,1.0,N,100,163,1,6.5,0.5,0.5,2.06,0.0,0.3,12.36,2.5,0.0
2,2021-11-01 05:45:05,2021-11-01 05:49:37,6.0,1.95,1.0,N,263,74,1,7.0,0.5,0.5,2.16,0.0,0.3,12.96,2.5,0.0
1,2021-11-01 05:18:54,2021-11-01 05:37:55,1.0,7.6,1.0,N,164,244,4,23.5,3.0,0.5,0.0,0.0,0.3,27.3,2.5,0.0
1,2021-11-01 05:54:42,2021-11-01 06:05:24,1.0,2.4,1.0,N,239,48,1,10.5,3.0,0.5,2.85,0.0,0.3,17.15,2.5,0.0
2,2021-11-01 05:50:22,2021-11-01 05:54:13,1.0,0.87,1.0,N,249,90,1,5.0,0.5,0.5,1.2,0.0,0.3,10.0,2.5,0.0
2,2021-11-01 05:19:13,2021-11-01 05:41:59,1.0,10.68,1.0,N,132,188,2,30.5,0.5,0.5,0.0,0.0,0.3,33.05,0.0,1.25
2,2021-11-01 05:16:15,2021-11-01 05:30:30,1.0,4.33,1.0,N,7,142,1,15.0,0.5,0.5,3.25,0.0,0.3,22.05,2.5,0.0
2,2021-11-01 05:22:07,2021-11-01 05:45:49,1.0,6.39,1.0,N,68,190,1,23.0,0.5,0.5,5.36,0.0,0.3,32.16,2.5,0.0
1,2021-11-01 05:13:05,2021-11-01 05:32:36,1.0,6.3,1.0,N,79,238,1,20.0,3.0,0.5,5.0,0.0,0.3,28.8,2.5,0.0
1,2021-11-01 05:42:26,2021-11-01 05:48:04,1.0,2.0,1.0,N,143,68,1,8.0,3.0,0.5,2.35,0.0,0.3,14.15,2.5,0.0
1,2021-11-01 05:58:07,2021-11-01 06:31:53,1.0,16.8,2.0,N,100,132,1,52.0,2.5,0.5,11.05,0.0,0.3,66.35,2.5,0.0
2,2021-11-01 05:02:11,2021-11-01 05:19:53,1.0,5.89,1.0,N,50,152,1,19.5,0.5,0.5,4.66,0.0,0.3,27.96,2.5,0.0
2,2021-11-01 05:46:25,2021-11-01 06:04:31,1.0,7.8,1.0,N,41,138,1,24.0,0.5,0.5,5.0,6.55,0.3,36.85,0.0,0.0
1,2021-11-01 05:06:48,2021-11-01 05:08:29,2.0,0.1,1.0,N,79,79,3,3.0,3.0,0.5,0.0,0.0,0.3,6.8,2.5,0.0
1,2021-11-01 05:09:56,2021-11-01 05:10:19,2.0,0.1,5.0,N,79,79,1,50.0,0.0,0.0,0.0,0.0,0.3,50.3,0.0,0.0
1,2021-11-01 05:47:56,2021-11-01 06:03:36,1.0,7.8,2.0,N,166,70,1,52.0,0.0,0.5,14.8,6.55,0.3,74.15,0.0,0.0
2,2021-11-01 05:09:15,2021-11-01 05:11:55,1.0,0.5,1.0,N,140,140,1,4.0,0.5,0.5,1.56,0.0,0.3,9.36,2.5,0.0
2,2021-11-01 05:58:48,2021-11-01 06:05:13,1.0,1.34,1.0,N,48,234,1,6.5,0.5,0.5,1.0,0.0,0.3,11.3,2.5,0.0
2,2021-11-01 05:11:13,2021-11-01 05:26:45,1.0,9.4,1.0,N,140,138,1,26.5,0.5,0.5,5.53,6.55,0.3,42.38,2.5,0.0
2,2021-11-01 05:50:20,2021-11-01 05:53:37,1.0,0.96,1.0,N,230,186,2,5.0,0.5,0.5,0.0,0.0,0.3,8.8,2.5,0.0
2,2021-11-01 05:55:41,2021-11-01 06:03:56,1.0,1.64,1.0,N,186,161,1,8.0,0.5,0.5,1.77,0.0,0.3,13.57,2.5,0.0
2,2021-11-01 05:50:35,2021-11-01 06:05:53,1.0,9.1,1.0,N,141,138,1,25.5,0.5,0.5,5.0,6.55,0.3,40.85,2.5,0.0
2,2021-11-01 05:04:46,2021-11-01 05:16:36,2.0,3.55,1.0,N,148,246,1,13.0,0.5,0.5,3.36,0.0,0.3,20.16,2.5,0.0
2,2021-11-01 05:00:34,2021-11-01 05:09:32,1.0,2.62,1.0,N,144,33,1,10.0,0.5,0.5,2.76,0.0,0.3,16.56,2.5,0.0
1,2021-11-01 05:09:11,2021-11-01 05:20:36,1.0,3.0,1.0,N,141,186,1,11.0,3.0,0.5,2.95,0.0,0.3,17.75,2.5,0.0
1,2021-11-01 05:46:04,2021-11-01 05:46:29,1.0,3.0,5.0,N,7,7,1,30.0,0.0,0.0,0.0,0.0,0.3,30.3,0.0,0.0
2,2021-11-01 05:28:30,2021-11-01 05:33:34,1.0,1.14,1.0,N,164,233,1,6.0,0.5,0.5,1.96,0.0,0.3,11.76,2.5,0.0
2,2021-11-01 05:44:42,2021-11-01 05:52:17,1.0,2.53,1.0,N,100,236,1,9.0,0.5,0.5,2.0,0.0,0.3,14.8,2.5,0.0
2,2021-11-01 05:19:21,2021-11-01 05:24:02,1.0,1.52,1.0,N,260,226,2,7.0,0.5,0.5,0.0,0.0,0.3,8.3,0.0,0.0
2,2021-11-01 05:51:02,2021-11-01 06:17:36,2.0,16.01,4.0,N,132,265,1,50.5,0.5,0.5,5.0,0.0,0.3,58.05,0.0,1.25
1,2021-11-01 05:17:36,2021-11-01 05:42:29,1.0,6.6,1.0,N,230,256,1,24.0,3.0,0.5,0.0,0.0,0.3,27.8,2.5,0.0
1,2021-11-01 05:40:46,2021-11-01 06:15:07,1.0,17.4,2.0,N,132,43,1,52.0,1.25,0.5,15.1,6.55,0.3,75.7,0.0,1.25
1,2021-11-01 05:06:28,2021-11-01 05:18:29,1.0,3.8,1.0,N,50,41,2,13.0,3.0,0.5,0.0,0.0,0.3,16.8,2.5,0.0
1,2021-11-01 05:27:08,2021-11-01 05:34:19,1.0,2.7,1.0,Y,239,161,2,9.5,3.0,0.5,0.0,0.0,0.3,13.3,2.5,0.0
1,2021-11-01 05:51:05,2021-11-01 05:56:10,1.0,1.4,1.0,N,68,230,2,6.5,3.0,0.5,0.0,0.0,0.3,10.3,2.5,0.0
2,2021-11-01 05:15:22,2021-11-01 05:32:25,1.0,5.42,1.0,N,90,232,1,18.5,0.5,0.5,5.58,0.0,0.3,27.88,2.5,0.0
1,2021-11-01 05:07:00,2021-11-01 05:11:28,1.0,1.3,1.0,N,90,211,1,6.0,3.0,0.5,2.9,0.0,0.3,12.7,2.5,0.0
1,2021-11-01 05:39:15,2021-11-01 05:50:22,1.0,3.7,1.0,N,231,161,1,12.5,3.0,0.5,3.25,0.0,0.3,19.55,2.5,0.0
1,2021-11-01 05:56:39,2021-11-01 06:11:52,1.0,3.1,1.0,N,170,148,1,13.5,2.5,0.5,1.0,0.0,0.3,17.8,2.5,0.0
1,2021-11-01 05:48:30,2021-11-01 06:05:28,1.0,4.7,1.0,N,132,216,2,17.5,1.75,0.5,0.0,0.0,0.3,20.05,0.0,1.25
2,2021-11-01 02:00:00,2021-11-01 02:14:57,6.0,3.37,1.0,N,186,140,1,13.5,0.5,0.5,0.0,0.0,0.3,17.3,2.5,0.0
2,2021-11-01 05:13:26,2021-11-01 05:19:04,5.0,1.74,1.0,N,90,162,1,7.0,0.5,0.5,2.16,0.0,0.3,12.96,2.5,0.0
2,2021-11-01 05:28:16,2021-11-01 05:44:42,5.0,3.56,1.0,N,230,145,1,14.0,0.5,0.5,2.0,0.0,0.3,19.8,2.5,0.0
2,2021-11-01 05:59:02,2021-11-01 06:38:26,2.0,15.09,1.0,N,132,7,1,43.0,0.5,0.5,4.0,0.0,0.3,49.55,0.0,1.25
1,2021-11-01 05:28:29,2021-11-01 05:39:28,1.0,4.2,1.0,N,263,107,1,14.0,3.0,0.5,3.55,0.0,0.3,21.35,2.5,0.0
1,2021-11-01 05:43:06,2021-11-01 06:09:07,1.0,16.1,2.0,Y,107,132,1,52.0,2.5,0.5,12.35,6.55,0.3,74.2,2.5,0.0
2,2021-11-01 04:56:50,2021-11-01 05:16:34,1.0,11.85,1.0,N,230,138,1,33.5,0.5,0.5,8.77,6.55,0.3,52.62,2.5,0.0
2,2021-11-01 05:32:28,2021-11-01 06:04:57,1.0,17.04,2.0,N,132,232,1,52.0,0.0,0.5,11.06,0.0,0.3,67.61,2.5,1.25
2,2021-11-01 05:09:10,2021-11-01 05:20:58,1.0,3.08,1.0,N,230,141,2,11.5,0.5,0.5,0.0,0.0,0.3,15.3,2.5,0.0
2,2021-11-01 05:26:49,2021-11-01 05:28:10,1.0,0.08,1.0,N,141,229,3,-3.0,-0.5,-0.5,0.0,0.0,-0.3,-6.8,-2.5,0.0
2,2021-11-01 05:26:49,2021-11-01 05:28:10,1.0,0.08,1.0,N,141,229,2,3.0,0.5,0.5,0.0,0.0,0.3,6.8,2.5,0.0
2,2021-11-01 05:38:42,2021-11-01 05:58:01,1.0,10.04,1.0,N,161,138,1,29.0,0.5,0.5,8.0,6.55,0.3,47.35,2.5,0.0
2,2021-11-01 05:26:41,2021-11-01 05:40:14,3.0,4.4,1.0,N,90,263,2,14.5,0.5,0.5,0.0,0.0,0.3,18.3,2.5,0.0
2,2021-11-01 05:48:34,2021-11-01 06:00:25,4.0,8.22,1.0,N,262,138,1,23.0,0.5,0.5,6.67,6.55,0.3,40.02,2.5,0.0
2,2021-11-01 05:07:50,2021-11-01 05:20:45,1.0,6.04,1.0,N,68,166,1,18.5,0.5,0.5,2.0,0.0,0.3,24.3,2.5,0.0
2,2021-11-01 05:24:30,2021-11-01 05:40:26,1.0,5.5,1.0,N,166,68,1,18.5,0.5,0.5,4.46,0.0,0.3,26.76,2.5,0.0
2,2021-11-01 05:52:39,2021-11-01 05:55:01,1.0,0.41,1.0,N,161,230,1,3.5,0.5,0.5,1.46,0.0,0.3,8.76,2.5,0.0
2,2021-11-01 05:38:11,2021-11-01 05:54:25,1.0,8.02,1.0,N,239,128,1,24.0,0.5,0.5,3.0,0.0,0.3,30.8,2.5,0.0
2,2021-11-01 05:33:41,2021-11-01 05:52:59,5.0,13.9,4.0,N,132,265,2,52.5,0.5,0.5,0.0,0.0,0.3,55.05,0.0,1.25
2,2021-11-01 05:30:36,2021-11-01 05:35:35,2.0,1.14,1.0,N,161,163,1,6.0,0.5,0.5,1.96,0.0,0.3,11.76,2.5,0.0
2,2021-11-01 05:15:28,2021-11-01 05:38:11,2.0,18.53,2.0,N,263,132,2,52.0,0.0,0.5,0.0,6.55,0.3,59.35,0.0,0.0
1,2021-11-01 05:43:35,2021-11-01 06:00:50,1.0,2.8,1.0,N,143,263,1,11.5,3.0,0.5,0.0,0.0,0.3,15.3,2.5,0.0
2,2021-11-01 05:07:31,2021-11-01 05:14:41,1.0,0.47,2.0,N,162,233,2,52.0,0.0,0.5,0.0,0.0,0.3,55.3,2.5,0.0
2,2021-11-01 05:45:01,2021-11-01 05:56:50,1.0,3.0,1.0,N,263,143,2,11.5,0.5,0.5,0.0,0.0,0.3,15.3,2.5,0.0
1,2021-11-01 05:26:38,2021-11-01 05:27:55,2.0,0.4,1.0,N,234,90,1,3.5,3.0,0.5,2.15,0.0,0.3,9.45,2.5,0.0
1,2021-11-01 05:30:43,2021-11-01 06:02:35,1.0,17.4,2.0,N,90,132,1,52.0,2.5,0.5,4.15,6.55,0.3,66.0,2.5,0.0
2,2021-11-01 05:16:16,2021-11-01 05:44:29,1.0,16.22,2.0,N,229,132,1,52.0,0.0,0.5,16.59,0.0,0.3,71.89,2.5,0.0
1,2021-11-01 05:37:48,2021-11-01 06:14:25,2.0,21.1,2.0,N,132,239,1,52.0,3.75,0.5,12.62,6.55,0.3,75.72,2.5,1.25
2,2021-11-01 05:10:35,2021-11-01 05:47:52,1.0,27.25,2.0,N,13,132,1,52.0,0.0,0.5,12.37,6.55,0.3,74.22,2.5,0.0
1,2021-11-01 05:44:36,2021-11-01 05:48:00,1.0,1.1,1.0,N,79,107,2,5.0,3.0,0.5,0.0,0.0,0.3,8.8,2.5,0.0
1,2021-11-01 05:58:37,2021-11-01 06:06:22,1.0,1.8,1.0,N,113,137,1,8.5,3.0,0.5,1.0,0.0,0.3,13.3,2.5,0.0
2,2021-11-01 05:15:33,2021-11-01 05:41:14,2.0,17.08,2.0,N,264,132,2,52.0,0.0,0.5,0.0,6.55,0.3,61.85,2.5,0.0
1,2021-11-01 05:33:42,2021-11-01 05:43:41,1.0,2.0,1.0,N,48,48,1,9.0,3.0,0.5,2.55,0.0,0.3,15.35,2.5,0.0
1,2021-11-01 05:45:18,2021-11-01 06:14:30,1.0,7.5,1.0,N,230,167,2,25.0,3.0,0.5,0.0,0.0,0.3,28.8,2.5,0.0
2,2021-11-01 05:37:29,2021-11-01 05:49:14,1.0,10.16,4.0,N,132,265,1,22.0,0.5,0.5,4.66,0.0,0.3,27.96,0.0,0.0
1,2021-11-01 05:31:20,2021-11-01 05:36:18,1.0,1.3,1.0,N,75,238,2,6.5,0.5,0.5,0.0,0.0,0.3,7.8,0.0,0.0
1,2021-11-01 05:45:43,2021-11-01 05:48:59,1.0,0.9,1.0,N,142,230,1,5.0,3.0,0.5,1.75,0.0,0.3,10.55,2.5,0.0
2,2021-11-01 05:02:42,2021-11-01 05:24:51,1.0,10.09,1.0,N,234,138,1,30.0,0.5,0.5,10.09,6.55,0.3,50.44,2.5,0.0
1,2021-11-01 05:09:02,2021-11-01 05:17:12,3.0,2.9,1.0,N,148,162,2,10.0,3.0,0.5,0.0,0.0,0.3,13.8,2.5,0.0
1,2021-11-01 05:47:46,2021-11-01 05:58:20,1.0,3.7,1.0,N,263,107,1,12.0,3.0,0.5,0.0,0.0,0.3,15.8,2.5,0.0
2,2021-11-01 05:49:16,2021-11-01 05:53:06,5.0,1.1,1.0,N,75,263,2,5.5,0.5,0.5,0.0,0.0,0.3,9.3,2.5,0.0
2,2021-11-01 05:47:01,2021-11-01 05:58:02,3.0,2.94,1.0,N,229,236,2,11.0,0.5,0.5,0.0,0.0,0.3,14.8,2.5,0.0
2,2021-11-01 05:47:17,2021-11-01 06:00:35,2.0,6.18,1.0,N,132,28,1,18.0,0.5,0.5,5.0,0.0,0.3,25.55,0.0,1.25
1,2021-11-01 05:07:16,2021-11-01 05:16:58,1.0,2.4,1.0,N,100,141,1,10.0,3.0,0.5,2.76,0.0,0.3,16.56,2.5,0.0
2,2021-11-01 05:07:14,2021-11-01 05:14:33,1.0,2.16,1.0,N,148,256,1,9.0,0.5,0.5,3.84,0.0,0.3,16.64,2.5,0.0
2,2021-11-01 05:22:16,2021-11-01 05:27:18,1.0,1.76,1.0,N,148,137,1,7.0,0.5,0.5,0.0,0.0,0.3,10.8,2.5,0.0
2,2021-11-01 05:58:06,2021-11-01 06:20:59,1.0,4.5,1.0,N,74,244,2,18.5,0.5,0.5,0.0,0.0,0.3,19.8,0.0,0.0
1,2021-11-01 05:41:29,2021-11-01 05:47:45,1.0,1.9,1.0,N,100,239,1,7.5,3.0,0.5,0.0,0.0,0.3,11.3,2.5,0.0
1,2021-11-01 05:52:26,2021-11-01 06:17:36,1.0,11.1,1.0,N,142,138,2,32.5,3.0,0.5,0.0,6.55,0.3,42.85,2.5,0.0
2,2021-11-01 05:08:23,2021-11-01 05:21:25,1.0,3.27,1.0,N,87,256,1,13.5,0.5,0.5,20.0,0.0,0.3,37.3,2.5,0.0
2,2021-11-01 05:33:40,2021-11-01 05:46:54,1.0,3.64,1.0,N,45,48,2,13.0,0.5,0.5,0.0,0.0,0.3,16.8,2.5,0.0
2,2021-11-01 05:50:21,2021-11-01 06:18:24,1.0,10.74,1.0,N,48,138,1,33.5,0.5,0.5,8.77,6.55,0.3,52.62,2.5,0.0
1,2021-11-01 05:07:22,2021-11-01 05:15:11,1.0,1.6,1.0,N,264,125,2,8.0,3.0,0.5,0.0,0.0,0.3,11.8,2.5,0.0
1,2021-11-01 05:24:53,2021-11-01 05:50:19,1.0,6.1,1.0,Y,249,7,2,22.0,3.0,0.5,0.0,0.0,0.3,25.8,2.5,0.0
2,2021-11-01 05:30:41,2021-11-01 05:40:28,3.0,2.75,1.0,N,231,100,2,10.5,0.5,0.5,0.0,0.0,0.3,14.3,2.5,0.0
2,2021-11-01 05:50:02,2021-11-01 05:53:25,4.0,0.67,1.0,N,100,234,2,4.5,0.5,0.5,0.0,0.0,0.3,8.3,2.5,0.0
2,2021-11-01 05:56:28,2021-11-01 06:04:09,5.0,1.6,1.0,N,90,79,2,8.0,0.5,0.5,0.0,0.0,0.3,11.8,2.5,0.0
2,2021-11-01 05:53:29,2021-11-01 05:59:23,1.0,0.96,1.0,N,170,48,1,6.0,0.5,0.5,1.96,0.0,0.3,11.76,2.5,0.0
2,2021-11-01 05:45:11,2021-11-01 05:49:02,6.0,1.19,1.0,N,140,237,1,5.5,0.5,0.5,1.86,0.0,0.3,11.16,2.5,0.0
1,2021-11-01 05:57:46,2021-11-01 07:14:07,1.0,28.4,1.0,N,91,136,1,82.0,0.0,0.5,0.0,6.55,0.3,89.35,0.0,0.0
2,2021-11-01 05:31:35,2021-11-01 05:39:20,1.0,1.36,1.0,N,186,137,1,7.5,0.5,0.5,2.26,0.0,0.3,13.56,2.5,0.0
2,2021-11-01 05:47:46,2021-11-01 05:56:00,1.0,1.59,1.0,N,239,237,2,8.0,0.5,0.5,0.0,0.0,0.3,11.8,2.5,0.0
2,2021-11-01 05:32:33,2021-11-01 05:43:42,1.0,2.57,1.0,N,237,68,1,10.5,0.5,0.5,2.14,0.0,0.3,16.44,2.5,0.0
2,2021-11-01 05:46:08,2021-11-01 05:55:55,1.0,1.73,1.0,N,48,137,1,8.5,0.5,0.5,1.0,0.0,0.3,13.3,2.5,0.0
1,2021-11-01 05:55:06,2021-11-01 05:59:29,0.0,1.5,1.0,N,162,137,1,6.5,3.0,0.5,2.05,0.0,0.3,12.35,2.5,0.0
2,2021-11-01 05:04:19,2021-11-01 05:16:36,1.0,4.81,1.0,N,186,238,1,15.5,0.5,0.5,0.0,0.0,0.3,19.3,2.5,0.0
2,2021-11-01 05:20:05,2021-11-01 05:35:24,1.0,9.32,5.0,N,238,138,1,45.0,0.0,0.0,5.0,6.55,0.3,59.35,2.5,0.0
1,2021-11-01 05:42:53,2021-11-01 05:54:23,1.0,2.1,1.0,N,141,143,2,10.5,3.0,0.5,0.0,0.0,0.3,14.3,2.5,0.0
1,2021-11-01 05:41:43,2021-11-01 05:55:13,1.0,4.2,1.0,Y,141,168,2,14.5,3.0,0.5,0.0,0.0,0.3,18.3,2.5,0.0
2,2021-11-01 05:20:45,2021-11-01 05:34:09,1.0,3.91,1.0,N,239,234,1,14.0,0.5,0.5,2.0,0.0,0.3,19.8,2.5,0.0
2,2021-11-01 05:41:19,2021-11-01 05:58:31,1.0,9.66,1.0,N,237,138,1,27.5,0.5,0.5,7.57,6.55,0.3,45.42,2.5,0.0
2,2021-11-01 05:22:44,2021-11-01 05:33:03,1.0,1.83,1.0,N,237,236,1,9.5,0.5,0.5,0.0,0.0,0.3,13.3,2.5,0.0
2,2021-11-01 05:41:39,2021-11-01 05:48:39,6.0,1.37,1.0,N,48,161,1,7.0,0.5,0.5,1.0,0.0,0.3,11.8,2.5,0.0
2,2021-11-01 05:56:43,2021-11-01 05:59:30,6.0,0.55,1.0,N,100,230,2,4.0,0.5,0.5,0.0,0.0,0.3,7.8,2.5,0.0
1,2021-11-01 05:59:15,2021-11-01 06:14:47,1.0,4.7,1.0,N,238,234,1,16.0,3.0,0.5,1.5,0.0,0.3,21.3,2.5,0.0
2,2021-11-01 05:07:43,2021-11-01 05:16:37,1.0,1.62,1.0,N,100,237,1,8.5,0.5,0.5,1.2,0.0,0.3,13.5,2.5,0.0
2,2021-11-01 05:48:36,2021-11-01 06:26:05,6.0,15.86,1.0,N,132,145,1,44.0,0.5,0.5,6.98,0.0,0.3,53.53,0.0,1.25
1,2021-11-01 05:31:47,2021-11-01 05:40:07,1.0,2.6,1.0,N,132,10,2,10.0,1.75,0.5,0.0,0.0,0.3,12.55,0.0,1.25
1,2021-11-01 05:14:59,2021-11-01 05:15:19,2.0,0.0,5.0,N,107,107,1,17.0,0.0,0.0,0.0,0.0,0.3,17.3,0.0,0.0
1,2021-11-01 05:45:12,2021-11-01 05:47:41,0.0,0.8,1.0,N,141,237,1,4.5,3.0,0.5,0.83,0.0,0.3,9.13,2.5,0.0
2,2021-11-01 05:59:00,2021-11-01 06:04:20,1.0,1.77,1.0,N,68,161,1,7.0,0.5,0.5,2.16,0.0,0.3,12.96,2.5,0.0
2,2021-11-01 05:17:12,2021-11-01 05:41:18,1.0,13.3,1.0,N,231,127,2,38.0,0.5,0.5,0.0,0.0,0.3,41.8,2.5,0.0
2,2021-11-01 05:57:04,2021-11-01 06:11:00,1.0,2.92,1.0,N,239,164,1,12.5,0.5,0.5,2.0,0.0,0.3,18.3,2.5,0.0
2,2021-11-01 05:42:11,2021-11-01 06:17:16,5.0,18.41,2.0,N,50,132,1,52.0,0.0,0.5,8.0,6.55,0.3,69.85,2.5,0.0
1,2021-11-01 05:49:08,2021-11-01 05:49:29,1.0,16.6,2.0,N,230,230,2,52.0,2.5,0.5,0.0,6.55,0.3,61.85,2.5,0.0
2,2021-11-01 05:58:42,2021-11-01 06:10:48,1.0,3.0,1.0,N,100,236,2,12.0,0.5,0.5,0.0,0.0,0.3,15.8,2.5,0.0
2,2021-11-01 04:56:36,2021-11-01 05:09:43,6.0,6.92,1.0,N,48,116,1,20.5,0.5,0.5,4.86,0.0,0.3,29.16,2.5,0.0
1,2021-11-01 05:50:18,2021-11-01 06:00:49,1.0,2.5,1.0,N,100,237,1,10.5,3.0,0.5,2.85,0.0,0.3,17.15,2.5,0.0
2,2021-11-01 05:54:34,2021-11-01 05:54:42,1.0,0.01,5.0,N,132,132,1,65.0,0.0,0.0,5.0,0.0,0.3,71.55,0.0,1.25
1,2021-11-01 05:24:47,2021-11-01 05:29:26,1.0,1.7,1.0,N,236,162,1,7.0,3.0,0.5,2.7,0.0,0.3,13.5,2.5,0.0
1,2021-11-01 05:38:18,2021-11-01 06:10:20,1.0,17.7,2.0,N,170,132,1,52.0,2.5,0.5,12.35,6.55,0.3,74.2,2.5,0.0
2,2021-11-01 05:01:39,2021-11-01 05:08:06,3.0,1.04,1.0,N,151,166,2,6.5,0.5,0.5,0.0,0.0,0.3,7.8,0.0,0.0
2,2021-11-01 05:19:21,2021-11-01 05:33:14,1.0,8.51,1.0,N,43,138,1,24.5,0.5,0.5,6.47,6.55,0.3,38.82,0.0,0.0
2,2021-11-01 05:46:55,2021-11-01 05:52:07,1.0,1.04,1.0,N,100,233,1,6.0,0.5,0.5,3.0,0.0,0.3,12.8,2.5,0.0
1,2021-11-01 05:48:43,2021-11-01 05:54:42,1.0,1.9,1.0,N,90,163,1,7.5,3.0,0.5,2.8,0.0,0.3,14.1,2.5,0.0
1,2021-11-01 05:39:13,2021-11-01 05:43:13,1.0,1.3,1.0,N,141,75,1,6.0,3.0,0.5,1.95,0.0,0.3,11.75,2.5,0.0
2,2021-11-01 05:09:53,2021-11-01 05:14:26,1.0,0.03,2.0,N,125,125,2,52.0,0.0,0.5,0.0,0.0,0.3,55.3,2.5,0.0
2,2021-11-01 05:15:06,2021-11-01 05:34:25,1.0,12.94,3.0,N,125,1,1,53.5,0.5,0.0,13.21,11.75,0.3,79.26,0.0,0.0
1,2021-11-01 05:18:58,2021-11-01 05:49:40,1.0,16.8,2.0,N,132,90,1,52.0,2.5,0.5,6.0,6.55,0.3,67.85,2.5,0.0
1,2021-11-01 05:54:26,2021-11-01 05:58:59,1.0,1.4,1.0,N,249,13,1,6.0,2.5,0.5,1.85,0.0,0.3,11.15,2.5,0.0
1,2021-11-01 05:46:59,2021-11-01 05:54:57,1.0,1.0,1.0,Y,229,163,1,7.0,3.0,0.5,0.54,0.0,0.3,11.34,2.5,0.0
1,2021-11-01 05:57:04,2021-11-01 06:01:24,1.0,0.8,1.0,N,163,161,1,5.0,3.0,0.5,2.2,0.0,0.3,11.0,2.5,0.0
2,2021-11-01 05:20:21,2021-11-01 05:34:35,1.0,4.57,1.0,N,141,179,2,15.5,0.5,0.5,0.0,0.0,0.3,19.3,2.5,0.0
2,2021-11-01 05:43:34,2021-11-01 05:46:26,1.0,0.13,1.0,N,146,146,2,3.5,0.5,0.5,0.0,0.0,0.3,4.8,0.0,0.0
2,2021-11-01 05:37:41,2021-11-01 05:58:32,1.0,10.09,1.0,N,238,138,1,29.5,0.5,0.5,7.97,6.55,0.3,47.82,2.5,0.0
1,2021-11-01 05:27:27,2021-11-01 05:58:49,1.0,7.6,1.0,N,234,188,1,27.5,3.0,0.5,0.0,0.0,0.3,31.3,2.5,0.0
1,2021-11-01 05:13:06,2021-11-01 05:19:28,1.0,1.6,1.0,N,142,162,1,7.5,3.0,0.5,3.35,0.0,0.3,14.65,2.5,0.0
1,2021-11-01 05:35:26,2021-11-01 05:55:45,1.0,0.0,1.0,N,186,160,1,25.53,0.0,0.5,0.0,6.55,0.3,32.88,0.0,0.0
2,2021-11-01 05:02:36,2021-11-01 05:02:40,1.0,0.02,1.0,N,264,264,2,2.5,0.5,0.5,0.0,0.0,0.3,3.8,0.0,0.0
2,2021-11-01 05:43:21,2021-11-01 05:54:25,1.0,2.62,1.0,N,142,75,1,10.5,0.5,0.5,2.86,0.0,0.3,17.16,2.5,0.0
1,2021-11-01 05:11:16,2021-11-01 05:19:27,0.0,1.8,1.0,N,239,262,1,8.5,3.0,0.5,3.05,0.0,0.3,15.35,2.5,0.0
1,2021-11-01 05:50:01,2021-11-01 05:54:16,0.0,0.8,1.0,N,48,143,1,5.0,2.5,0.5,1.65,0.0,0.3,9.95,2.5,0.0
2,2021-11-01 05:11:59,2021-11-01 05:23:13,1.0,2.3,1.0,N,170,50,1,10.0,0.5,0.5,2.76,0.0,0.3,16.56,2.5,0.0
2,2021-11-01 05:28:59,2021-11-01 05:45:38,1.0,7.11,1.0,N,48,226,2,22.0,0.5,0.5,0.0,6.55,0.3,32.35,2.5,0.0
2,2021-11-01 05:06:30,2021-11-01 05:26:02,1.0,9.7,1.0,N,141,138,2,28.0,0.5,0.5,0.0,0.0,0.3,31.8,2.5,0.0
1,2021-11-01 05:34:15,2021-11-01 05:41:52,1.0,3.1,1.0,N,87,186,2,10.0,3.0,0.5,0.0,0.0,0.3,13.8,2.5,0.0
1,2021-11-01 05:47:22,2021-11-01 05:53:21,1.0,1.1,1.0,N,186,170,2,6.0,3.0,0.5,0.0,0.0,0.3,9.8,2.5,0.0
1,2021-11-01 05:57:16,2021-11-01 06:02:54,1.0,1.4,1.0,N,170,68,2,6.5,3.0,0.5,0.0,0.0,0.3,10.3,2.5,0.0
2,2021-11-01 05:03:13,2021-11-01 05:27:38,4.0,20.88,1.0,N,79,38,2,55.0,0.5,0.5,0.0,0.0,0.3,58.8,2.5,0.0
2,2021-11-01 05:56:13,2021-11-01 06:09:22,1.0,3.83,1.0,N,226,162,1,14.0,0.5,0.5,3.56,0.0,0.3,21.36,2.5,0.0
2,2021-11-01 05:02:01,2021-11-01 05:08:39,1.0,1.17,1.0,N,230,162,2,6.5,0.5,0.5,0.0,0.0,0.3,10.3,2.5,0.0
2,2021-11-01 05:13:13,2021-11-01 05:27:19,1.0,9.12,1.0,N,137,138,1,25.5,0.5,0.5,7.17,6.55,0.3,43.02,2.5,0.0
2,2021-11-01 05:54:55,2021-11-01 06:13:58,1.0,5.44,1.0,N,107,226,2,19.5,0.5,0.5,0.0,0.0,0.3,23.3,2.5,0.0
2,2021-11-01 05:31:34,2021-11-01 05:40:14,2.0,3.1,1.0,N,41,141,1,10.5,0.5,0.5,3.58,0.0,0.3,17.88,2.5,0.0
2,2021-11-01 05:57:05,2021-11-01 06:06:21,2.0,2.52,1.0,N,263,161,1,9.5,0.5,0.5,2.0,0.0,0.3,15.3,2.5,0.0
2,2021-11-01 05:46:24,2021-11-01 06:44:23,1.0,27.48,2.0,N,132,88,1,52.0,0.0,0.5,12.62,6.55,0.3,75.72,2.5,1.25
2,2021-11-01 05:51:12,2021-11-01 06:22:40,1.0,18.17,2.0,N,231,132,1,52.0,0.0,0.5,11.31,0.0,0.3,67.86,2.5,1.25
2,2021-11-01 05:13:02,2021-11-01 05:25:51,5.0,8.49,1.0,N,263,138,1,23.5,0.5,0.5,5.08,6.55,0.3,38.93,2.5,0.0
2,2021-11-01 05:51:18,2021-11-01 05:55:06,5.0,0.51,1.0,N,262,263,1,4.5,0.5,0.5,0.65,0.0,0.3,8.95,2.5,0.0
1,2021-11-01 05:34:32,2021-11-01 06:01:57,1.0,15.6,3.0,N,162,1,1,60.5,0.5,0.0,14.6,11.75,0.3,87.65,0.0,0.0
1,2021-11-01 05:13:46,2021-11-01 05:38:09,2.0,4.5,1.0,N,164,87,2,19.0,3.0,0.5,0.0,0.0,0.3,22.8,2.5,0.0
2,2021-11-01 05:51:15,2021-11-01 05:58:52,1.0,1.06,1.0,N,186,137,1,7.0,0.5,0.5,3.0,0.0,0.3,13.8,2.5,0.0
2,2021-11-01 05:36:37,2021-11-01 06:04:35,1.0,11.09,1.0,N,161,138,1,33.5,0.5,0.5,8.77,6.55,0.3,52.62,2.5,0.0
2,2021-11-01 05:45:54,2021-11-01 06:32:00,1.0,19.84,1.0,N,51,209,1,56.5,0.5,0.5,0.0,6.55,0.3,64.35,0.0,0.0
2,2021-11-01 05:45:13,2021-11-01 05:51:36,1.0,2.09,1.0,N,75,141,1,8.0,0.5,0.5,0.0,0.0,0.3,11.8,2.5,0.0
2,2021-11-01 05:54:44,2021-11-01 06:09:23,1.0,3.14,1.0,N,140,186,1,13.0,0.5,0.5,3.36,0.0,0.3,20.16,2.5,0.0
2,2021-11-01 05:10:19,2021-11-01 05:21:47,2.0,2.15,1.0,N,243,116,2,10.0,0.5,0.5,0.0,0.0,0.3,11.3,0.0,0.0
2,2021-11-01 05:38:58,2021-11-01 06:16:30,2.0,20.64,2.0,N,239,132,1,52.0,0.0,0.5,12.37,6.55,0.3,74.22,2.5,0.0
1,2021-11-01 05:29:46,2021-11-01 05:53:38,1.0,16.4,3.0,N,246,1,1,61.5,0.5,0.0,11.54,14.6,0.3,88.44,0.0,0.0
2,2021-11-01 05:11:55,2021-11-01 05:26:34,1.0,4.48,1.0,N,41,170,2,15.0,0.5,0.5,0.0,0.0,0.3,18.8,2.5,0.0
2,2021-11-01 05:50:24,2021-11-01 05:55:42,1.0,1.78,1.0,N,142,186,1,7.0,0.5,0.5,2.7,0.0,0.3,13.5,2.5,0.0
2,2021-11-01 05:56:34,2021-11-01 06:03:19,1.0,1.98,1.0,N,186,162,1,8.0,0.5,0.5,5.0,0.0,0.3,16.8,2.5,0.0
1,2021-11-01 05:36:51,2021-11-01 05:42:22,1.0,1.0,1.0,N,263,75,1,6.0,3.0,0.5,1.95,0.0,0.3,11.75,2.5,0.0
1,2021-11-01 05:46:58,2021-11-01 05:53:26,1.0,2.0,1.0,N,236,142,2,8.0,3.0,0.5,0.0,0.0,0.3,11.8,2.5,0.0
1,2021-11-01 05:56:49,2021-11-01 06:08:16,1.0,5.4,1.0,N,48,152,2,17.0,2.5,0.5,0.0,0.0,0.3,20.3,2.5,0.0
1,2021-11-01 05:36:35,2021-11-01 06:15:28,0.0,17.5,2.0,N,132,164,2,52.0,3.75,0.5,0.0,6.55,0.3,63.1,2.5,1.25
2,2021-11-01 05:02:21,2021-11-01 05:33:47,1.0,18.84,2.0,N,125,132,1,52.0,0.0,0.5,5.0,6.55,0.3,66.85,2.5,0.0
2,2021-11-01 05:08:15,2021-11-01 05:08:18,0.0,0.0,5.0,N,238,264,1,30.0,0.0,0.5,0.0,0.0,0.3,30.8,0.0,0.0
2,2021-11-01 05:55:12,2021-11-01 06:06:38,5.0,1.33,1.0,N,262,43,2,9.0,0.5,0.5,0.0,0.0,0.3,12.8,2.5,0.0
2,2021-11-01 05:45:06,2021-11-01 06:24:40,1.0,17.9,2.0,N,132,48,1,52.0,0.0,0.5,12.62,6.55,0.3,75.72,2.5,1.25
2,2021-11-01 05:48:11,2021-11-01 06:18:36,1.0,18.56,2.0,N,263,132,1,52.0,0.0,0.5,10.15,6.55,0.3,72.0,2.5,0.0
2,2021-11-01 05:47:25,2021-11-01 06:41:11,2.0,20.92,2.0,N,132,239,2,52.0,0.0,0.5,0.0,6.55,0.3,63.1,2.5,1.25
2,2021-11-01 05:32:42,2021-11-01 05:44:19,1.0,3.03,1.0,N,263,48,1,11.5,0.5,0.5,3.06,0.0,0.3,18.36,2.5,0.0
2,2021-11-01 05:48:40,2021-11-01 06:29:38,1.0,17.8,2.0,N,48,132,2,52.0,0.0,0.5,0.0,0.0,0.3,55.3,2.5,0.0
2,2021-11-01 05:06:40,2021-11-01 05:50:49,1.0,18.66,2.0,N,132,162,1,52.0,0.0,0.5,11.31,0.0,0.3,67.86,2.5,1.25
1,2021-11-01 05:23:16,2021-11-01 05:40:42,2.0,9.8,1.0,N,233,138,1,28.5,3.0,0.5,7.0,6.55,0.3,45.85,2.5,0.0
1,2021-11-01 05:08:14,2021-11-01 05:13:44,1.0,1.2,1.0,N,100,161,1,6.5,3.0,0.5,2.55,0.0,0.3,12.85,2.5,0.0
1,2021-11-01 05:21:03,2021-11-01 05:29:04,1.0,2.1,1.0,N,234,4,2,8.5,3.0,0.5,0.0,0.0,0.3,12.3,2.5,0.0
2,2021-11-01 05:27:42,2021-11-01 05:51:58,1.0,11.53,1.0,N,163,138,1,34.5,0.5,0.5,0.0,6.55,0.3,44.85,2.5,0.0
2,2021-11-01 05:53:26,2021-11-01 05:58:29,1.0,1.64,1.0,N,48,162,2,6.5,0.5,0.5,0.0,0.0,0.3,10.3,2.5,0.0
2,2021-11-01 05:45:54,2021-11-01 06:12:46,1.0,17.03,3.0,N,68,1,1,64.0,0.5,0.0,15.0,14.75,0.3,94.55,0.0,0.0
2,2021-11-01 05:26:53,2021-11-01 05:33:36,1.0,1.79,1.0,N,262,75,1,8.0,0.5,0.5,1.0,0.0,0.3,12.8,2.5,0.0
2,2021-11-01 05:51:50,2021-11-01 06:07:17,1.0,5.79,1.0,N,132,197,2,18.5,0.5,0.5,0.0,0.0,0.3,21.05,0.0,1.25
2,2021-11-01 05:28:59,2021-11-01 05:48:18,1.0,6.23,1.0,N,107,41,1,21.0,0.5,0.5,3.0,0.0,0.3,27.8,2.5,0.0
2,2021-11-01 05:06:05,2021-11-01 05:33:42,3.0,17.81,3.0,N,163,1,1,65.5,0.5,0.0,10.0,15.0,0.3,91.3,0.0,0.0
2,2021-11-01 05:48:29,2021-11-01 05:54:47,2.0,1.28,1.0,N,236,141,1,7.0,0.5,0.5,2.16,0.0,0.3,12.96,2.5,0.0
2,2021-11-01 05:29:46,2021-11-01 05:48:14,1.0,9.5,1.0,N,237,138,1,28.0,0.5,0.5,3.5,6.55,0.3,41.85,2.5,0.0
2,2021-11-01 05:30:44,2021-11-01 05:33:29,1.0,0.72,1.0,N,238,143,1,4.5,0.5,0.5,1.0,0.0,0.3,9.3,2.5,0.0
2,2021-11-01 05:38:20,2021-11-01 05:41:45,1.0,1.71,1.0,N,163,90,2,6.5,0.5,0.5,0.0,0.0,0.3,10.3,2.5,0.0
2,2021-11-01 05:49:22,2021-11-01 05:52:37,1.0,1.4,1.0,N,113,186,1,6.0,0.5,0.5,1.96,0.0,0.3,11.76,2.5,0.0
2,2021-11-01 05:56:15,2021-11-01 06:00:29,1.0,1.72,1.0,N,186,163,1,6.5,0.5,0.5,2.58,0.0,0.3,12.88,2.5,0.0
2,2021-11-01 05:26:11,2021-11-01 05:30:08,1.0,0.95,1.0,N,170,100,1,5.0,0.5,0.5,1.76,0.0,0.3,10.56,2.5,0.0
2,2021-11-01 05:19:45,2021-11-01 05:28:31,1.0,1.25,1.0,N,239,236,1,7.0,0.5,0.5,2.16,0.0,0.3,12.96,2.5,0.0
2,2021-11-01 05:38:10,2021-11-01 06:23:50,1.0,20.61,2.0,N,132,231,1,52.0,0.0,0.5,11.06,0.0,0.3,67.61,2.5,1.25
2,2021-11-01 05:48:19,2021-11-01 05:52:02,1.0,2.72,1.0,N,223,168,2,9.0,0.5,0.5,0.0,6.55,0.3,16.85,0.0,0.0
2,2021-11-01 05:53:48,2021-11-01 06:03:36,1.0,2.18,2.0,N,125,125,2,52.0,0.0,0.5,0.0,0.0,0.3,55.3,2.5,0.0
2,2021-11-01 05:11:36,2021-11-01 05:20:16,1.0,1.83,1.0,N,230,143,1,8.5,0.5,0.5,2.46,0.0,0.3,14.76,2.5,0.0
2,2021-11-01 05:25:51,2021-11-01 05:37:12,1.0,3.12,1.0,N,48,114,1,11.0,0.5,0.5,2.0,0.0,0.3,16.8,2.5,0.0
1,2021-11-01 05:49:59,2021-11-01 06:11:39,1.0,13.5,1.0,N,132,155,1,37.5,1.75,0.5,5.0,0.0,0.3,45.05,0.0,1.25
1,2021-11-01 05:26:02,2021-11-01 05:44:49,2.0,10.3,1.0,Y,79,244,4,29.5,3.0,0.5,0.0,0.0,0.3,33.3,2.5,0.0
2,2021-11-01 05:02:10,2021-11-01 05:07:53,1.0,1.86,1.0,N,211,88,1,7.5,0.5,0.5,1.0,0.0,0.3,12.3,2.5,0.0
1,2021-11-01 05:25:16,2021-11-01 05:33:36,1.0,1.8,1.0,N,79,186,1,8.5,3.0,0.5,3.05,0.0,0.3,15.35,2.5,0.0
1,2021-11-01 05:35:14,2021-11-01 05:37:59,1.0,0.6,1.0,N,186,234,1,4.0,2.5,0.5,1.46,0.0,0.3,8.76,2.5,0.0
1,2021-11-01 05:43:22,2021-11-01 05:53:45,1.0,2.2,1.0,N,186,4,2,9.5,2.5,0.5,0.0,0.0,0.3,12.8,2.5,0.0
1,2021-11-01 05:58:28,2021-11-01 06:03:37,1.0,0.7,1.0,N,79,79,1,5.5,2.5,0.5,1.75,0.0,0.3,10.55,2.5,0.0
2,2021-11-01 05:31:42,2021-11-01 05:39:40,3.0,2.25,1.0,N,170,163,1,9.0,0.5,0.5,2.56,0.0,0.3,15.36,2.5,0.0
2,2021-11-01 05:46:49,2021-11-01 06:18:50,4.0,16.81,2.0,N,100,132,1,52.0,0.0,0.5,0.0,6.55,0.3,61.85,2.5,0.0
2,2021-11-01 05:34:56,2021-11-01 05:46:36,1.0,4.2,1.0,N,164,75,1,13.5,0.5,0.5,2.0,0.0,0.3,19.3,2.5,0.0
2,2021-11-01 05:51:55,2021-11-01 05:56:05,1.0,1.48,1.0,N,236,161,2,6.5,0.5,0.5,0.0,0.0,0.3,10.3,2.5,0.0
2,2021-11-01 05:31:38,2021-11-01 05:36:15,1.0,1.46,1.0,N,151,236,2,6.5,0.5,0.5,0.0,0.0,0.3,7.8,0.0,0.0
2,2021-11-01 05:29:33,2021-11-01 05:33:32,1.0,0.93,1.0,N,229,162,1,5.0,0.5,0.5,1.76,0.0,0.3,10.56,2.5,0.0
2,2021-11-01 05:39:59,2021-11-01 05:54:08,1.0,4.74,1.0,N,137,238,1,15.5,0.5,0.5,3.47,0.0,0.3,22.77,2.5,0.0
1,2021-11-01 05:53:56,2021-11-01 06:30:48,2.0,17.5,2.0,Y,48,132,2,52.0,2.5,0.5,0.0,6.55,0.3,61.85,2.5,0.0
2,2021-11-01 05:30:18,2021-11-01 05:49:07,1.0,11.09,1.0,N,161,138,2,31.5,0.5,0.5,0.0,6.55,0.3,41.85,2.5,0.0
2,2021-11-01 05:36:44,2021-11-01 05:40:09,1.0,0.78,1.0,N,170,170,2,5.0,0.5,0.5,0.0,0.0,0.3,8.8,2.5,0.0
1,2021-11-01 05:48:57,2021-11-01 05:59:18,1.0,2.0,1.0,N,140,161,1,9.5,2.5,0.5,2.55,0.0,0.3,15.35,2.5,0.0
2,2021-11-01 05:22:28,2021-11-01 05:41:39,1.0,5.58,1.0,N,68,24,1,20.0,0.5,0.5,4.76,0.0,0.3,28.56,2.5,0.0
2,2021-11-01 05:50:50,2021-11-01 05:57:03,1.0,2.27,1.0,N,238,237,1,8.5,0.5,0.5,2.46,0.0,0.3,14.76,2.5,0.0
2,2021-11-01 05:33:04,2021-11-01 05:33:49,1.0,0.09,1.0,N,162,162,2,2.5,0.5,0.5,0.0,0.0,0.3,6.3,2.5,0.0
2,2021-11-01 05:49:40,2021-11-01 06:02:07,2.0,2.9,1.0,N,263,161,1,11.5,0.5,0.5,1.5,0.0,0.3,16.8,2.5,0.0
2,2021-11-01 05:55:50,2021-11-01 06:53:51,1.0,18.23,1.0,N,230,132,1,56.5,0.5,0.5,15.08,0.0,0.3,75.38,2.5,0.0
2,2021-11-01 05:21:14,2021-11-01 05:56:03,2.0,17.37,2.0,N,163,132,1,52.0,0.0,0.5,18.55,6.55,0.3,80.4,2.5,0.0
2,2021-11-01 05:32:43,2021-11-01 05:41:55,1.0,2.49,1.0,N,90,232,2,9.5,0.5,0.5,0.0,0.0,0.3,13.3,2.5,0.0
1,2021-11-01 05:16:33,2021-11-01 05:17:00,1.0,0.0,1.0,N,193,193,3,2.5,0.5,0.5,0.0,0.0,0.3,3.8,0.0,0.0
1,2021-11-01 05:44:03,2021-11-01 05:54:28,1.0,1.5,1.0,N,233,186,1,7.5,3.0,0.5,2.85,0.0,0.3,14.15,2.5,0.0
2,2021-11-01 05:39:15,2021-11-01 05:58:37,6.0,12.11,1.0,N,138,132,1,33.0,0.5,0.5,8.89,0.0,0.3,44.44,0.0,1.25
2,2021-11-01 05:51:25,2021-11-01 06:32:12,1.0,16.43,2.0,N,132,202,1,52.0,0.0,0.5,5.0,0.0,0.3,59.05,0.0,1.25
2,2021-11-01 05:25:09,2021-11-01 05:38:33,1.0,5.9,1.0,N,132,216,2,19.0,0.5,0.5,0.0,0.0,0.3,21.55,0.0,1.25
2,2021-11-01 05:39:14,2021-11-01 06:11:44,1.0,15.61,1.0,N,114,55,1,45.0,0.5,0.5,5.0,0.0,0.3,53.8,2.5,0.0
1,2021-11-01 05:43:40,2021-11-01 05:56:02,1.0,3.7,1.0,N,229,7,2,13.5,3.0,0.5,0.0,0.0,0.3,17.3,2.5,0.0
1,2021-11-01 05:11:02,2021-11-01 05:17:09,1.0,1.8,1.0,N,162,262,2,7.5,3.0,0.5,0.0,0.0,0.3,11.3,2.5,0.0
1,2021-11-01 05:19:40,2021-11-01 05:33:51,1.0,8.5,1.0,N,262,138,1,24.0,3.0,0.5,6.87,6.55,0.3,41.22,2.5,0.0
2,2021-11-01 05:03:05,2021-11-01 05:15:55,1.0,9.21,1.0,N,137,138,1,25.5,0.5,0.5,7.17,6.55,0.3,43.02,2.5,0.0
2,2021-11-01 05:48:45,2021-11-01 05:56:18,1.0,2.6,1.0,N,137,237,1,9.5,0.5,0.5,1.7,0.0,0.3,15.0,2.5,0.0
2,2021-11-01 05:52:14,2021-11-01 05:54:36,2.0,0.52,1.0,N,107,137,2,4.0,0.5,0.5,0.0,0.0,0.3,7.8,2.5,0.0
2,2021-11-01 05:11:27,2021-11-01 05:29:59,1.0,4.78,1.0,N,164,226,1,17.5,0.5,0.5,4.26,0.0,0.3,25.56,2.5,0.0
2,2021-11-01 05:11:57,2021-11-01 05:17:48,1.0,2.77,1.0,N,224,140,1,9.5,0.5,0.5,2.66,0.0,0.3,15.96,2.5,0.0
1,2021-11-01 05:04:08,2021-11-01 05:04:17,1.0,0.0,1.0,N,193,193,3,2.5,0.5,0.5,0.0,0.0,0.3,3.8,0.0,0.0
1,2021-11-01 05:35:15,2021-11-01 05:52:41,1.0,2.9,1.0,N,140,230,2,14.0,3.0,0.5,0.0,0.0,0.3,17.8,2.5,0.0
1,2021-11-01 05:57:26,2021-11-01 06:02:24,1.0,1.0,1.0,N,230,50,2,6.0,2.5,0.5,0.0,0.0,0.3,9.3,2.5,0.0
1,2021-11-01 05:24:52,2021-11-01 05:35:07,1.0,1.6,1.0,N,100,137,1,9.0,3.0,0.5,2.55,0.0,0.3,15.35,2.5,0.0
1,2021-11-01 05:47:03,2021-11-01 05:54:01,1.0,1.2,1.0,N,48,161,1,7.0,3.0,0.5,2.7,0.0,0.3,13.5,2.5,0.0
1,2021-11-01 05:59:37,2021-11-01 06:01:22,1.0,0.2,1.0,N,100,186,2,3.5,3.0,0.5,0.0,0.0,0.3,7.3,2.5,0.0
2,2021-11-01 05:16:47,2021-11-01 05:46:34,1.0,15.05,1.0,N,133,238,1,42.5,0.5,0.5,10.57,6.55,0.3,63.42,2.5,0.0
2,2021-11-01 05:47:11,2021-11-01 06:01:43,1.0,2.68,1.0,N,238,237,1,12.5,0.5,0.5,1.0,0.0,0.3,17.3,2.5,0.0
2,2021-11-01 05:53:39,2021-11-01 05:59:01,1.0,1.25,1.0,N,100,234,1,6.5,0.5,0.5,1.5,0.0,0.3,11.8,2.5,0.0
2,2021-11-01 05:14:53,2021-11-01 05:16:19,1.0,0.53,1.0,N,100,186,2,3.5,0.5,0.5,0.0,0.0,0.3,7.3,2.5,0.0
2,2021-11-01 05:24:20,2021-11-01 05:34:43,1.0,3.96,1.0,N,114,142,1,13.0,0.5,0.5,4.2,0.0,0.3,21.0,2.5,0.0
2,2021-11-01 05:45:09,2021-11-01 06:03:08,1.0,9.53,1.0,N,100,138,1,27.5,0.5,0.5,5.68,6.55,0.3,43.53,2.5,0.0
2,2021-11-01 05:16:21,2021-11-01 05:27:28,1.0,5.05,1.0,N,161,209,1,16.0,0.5,0.5,2.0,0.0,0.3,21.8,2.5,0.0
2,2021-11-01 05:48:57,2021-11-01 05:50:57,1.0,0.81,1.0,N,90,186,1,4.5,0.5,0.5,1.66,0.0,0.3,9.96,2.5,0.0
2,2021-11-01 05:52:28,2021-11-01 06:15:11,1.0,10.06,1.0,N,186,138,1,29.5,0.5,0.5,7.97,6.55,0.3,47.82,2.5,0.0
1,2021-11-01 05:07:31,2021-11-01 05:08:18,1.0,0.0,5.0,N,249,249,1,50.0,0.0,0.0,0.0,0.0,0.3,50.3,0.0,0.0
2,2021-11-01 05:08:37,2021-11-01 05:34:28,1.0,16.14,2.0,N,48,132,1,52.0,0.0,0.5,12.37,6.55,0.3,74.22,2.5,0.0
2,2021-11-01 05:43:26,2021-11-01 06:26:29,1.0,14.05,1.0,N,45,207,1,48.0,0.5,0.5,0.0,6.55,0.3,55.85,0.0,0.0
2,2021-11-01 05:22:41,2021-11-01 05:28:27,1.0,1.02,1.0,N,100,161,1,6.0,0.5,0.5,2.2,0.0,0.3,12.0,2.5,0.0
2,2021-11-01 05:30:45,2021-11-01 05:38:07,1.0,1.29,1.0,N,161,229,2,7.5,0.5,0.5,0.0,0.0,0.3,11.3,2.5,0.0
2,2021-11-01 05:49:24,2021-11-01 05:54:07,1.0,1.1,1.0,N,100,230,2,5.5,0.5,0.5,0.0,0.0,0.3,9.3,2.5,0.0
2,2021-11-01 05:42:15,2021-11-01 05:47:50,1.0,1.31,1.0,N,229,137,2,6.5,0.5,0.5,0.0,0.0,0.3,10.3,2.5,0.0
2,2021-11-01 05:05:16,2021-11-01 05:25:26,1.0,13.04,3.0,N,264,1,1,54.0,0.5,0.0,13.31,11.75,0.3,79.86,0.0,0.0
2,2021-11-01 05:10:16,2021-11-01 05:12:30,1.0,0.19,1.0,N,114,114,2,3.5,0.5,0.5,0.0,0.0,0.3,7.3,2.5,0.0
2,2021-11-01 05:22:52,2021-11-01 05:46:42,1.0,11.75,1.0,N,158,223,1,34.5,0.5,0.5,7.66,0.0,0.3,45.96,2.5,0.0
2,2021-11-01 05:59:52,2021-11-01 06:32:12,1.0,12.11,1.0,N,132,17,1,36.0,0.5,0.5,7.71,0.0,0.3,46.26,0.0,1.25
2,2021-11-01 05:47:26,2021-11-01 06:02:10,1.0,4.41,1.0,N,143,13,1,15.5,0.5,0.5,2.9,0.0,0.3,22.2,2.5,0.0
2,2021-11-01 05:40:39,2021-11-01 05:52:24,1.0,4.9,1.0,N,79,75,1,14.5,0.5,0.5,5.0,0.0,0.3,23.3,2.5,0.0
2,2021-11-01 05:45:59,2021-11-01 06:06:05,1.0,4.91,1.0,N,132,132,2,19.5,0.5,0.5,0.0,0.0,0.3,22.05,0.0,1.25
2,2021-11-01 05:21:04,2021-11-01 05:36:43,1.0,5.41,1.0,N,247,163,2,17.5,0.5,0.5,0.0,0.0,0.3,21.3,2.5,0.0
2,2021-11-01 05:42:47,2021-11-01 05:51:31,1.0,2.74,1.0,N,163,246,1,10.0,0.5,0.5,2.0,0.0,0.3,15.8,2.5,0.0
2,2021-11-01 05:45:11,2021-11-01 05:52:04,1.0,2.84,1.0,N,107,140,2,9.5,0.5,0.5,0.0,0.0,0.3,13.3,2.5,0.0
1,2021-11-01 05:45:08,2021-11-01 06:08:55,2.0,9.3,1.0,N,230,212,2,28.5,3.0,0.5,0.0,0.0,0.3,32.3,2.5,0.0
2,2021-11-01 05:51:20,2021-11-01 06:14:11,1.0,14.03,1.0,N,144,138,1,38.5,0.5,0.5,5.0,6.55,0.3,53.85,2.5,0.0
2,2021-11-01 05:38:11,2021-11-01 06:05:09,1.0,16.32,2.0,N,170,132,1,52.0,0.0,0.5,6.0,6.55,0.3,67.85,2.5,0.0
2,2021-11-01 05:58:33,2021-11-01 05:58:38,1.0,0.09,5.0,N,132,132,1,65.0,0.0,0.0,0.0,0.0,0.3,65.3,0.0,0.0
2,2021-11-01 05:53:46,2021-11-01 06:00:08,1.0,1.76,1.0,N,100,158,1,7.0,0.5,0.5,2.16,0.0,0.3,12.96,2.5,0.0
2,2021-11-01 05:02:29,2021-11-01 05:11:50,1.0,3.98,1.0,N,132,10,1,13.0,0.5,0.5,4.29,0.0,0.3,19.84,0.0,1.25
1,2021-11-01 05:51:59,2021-11-01 06:00:51,0.0,1.3,1.0,N,140,236,1,8.0,3.0,0.5,2.35,0.0,0.3,14.15,2.5,0.0
2,2021-11-01 05:52:43,2021-11-01 06:29:53,1.0,20.06,1.0,N,132,26,2,56.0,0.5,0.5,0.0,0.0,0.3,58.55,0.0,1.25
2,2021-11-01 05:03:52,2021-11-01 05:15:41,1.0,2.98,1.0,N,230,141,1,11.5,0.5,0.5,3.06,0.0,0.3,18.36,2.5,0.0
2,2021-11-01 05:22:16,2021-11-01 05:30:28,1.0,1.91,1.0,N,229,145,1,9.0,0.5,0.5,3.84,0.0,0.3,16.64,2.5,0.0
2,2021-11-01 05:51:10,2021-11-01 06:02:43,1.0,3.02,1.0,N,186,239,1,11.5,0.5,0.5,2.0,0.0,0.3,17.3,2.5,0.0
1,2021-11-01 05:29:30,2021-11-01 05:30:48,1.0,0.5,1.0,N,236,236,1,3.5,3.0,0.5,1.45,0.0,0.3,8.75,2.5,0.0
1,2021-11-01 05:40:01,2021-11-01 05:43:33,1.0,1.4,1.0,N,162,107,1,6.0,3.0,0.5,1.96,0.0,0.3,11.76,2.5,0.0
1,2021-11-01 05:49:55,2021-11-01 06:07:35,1.0,10.2,1.0,N,90,138,1,28.5,3.0,0.5,7.75,6.55,0.3,46.6,2.5,0.0
1,2021-11-01 05:16:59,2021-11-01 05:30:56,1.0,8.3,1.0,N,263,138,1,23.5,3.0,0.5,5.0,6.55,0.3,38.85,2.5,0.0
1,2021-11-01 05:48:49,2021-11-01 06:03:24,1.0,3.0,1.0,N,141,186,1,12.5,2.5,0.5,0.0,0.0,0.3,15.8,2.5,0.0
2,2021-11-01 05:24:03,2021-11-01 05:31:23,2.0,1.45,1.0,N,161,186,1,7.5,0.5,0.5,2.82,0.0,0.3,14.12,2.5,0.0
2,2021-11-01 05:35:41,2021-11-01 05:39:59,2.0,0.67,1.0,N,100,170,2,5.0,0.5,0.5,0.0,0.0,0.3,8.8,2.5,0.0
2,2021-11-01 05:48:07,2021-11-01 05:53:08,2.0,0.9,1.0,N,186,230,1,5.5,0.5,0.5,2.79,0.0,0.3,12.09,2.5,0.0
2,2021-11-01 05:31:33,2021-11-01 05:45:59,2.0,4.87,1.0,N,132,205,2,17.0,0.5,0.5,0.0,0.0,0.3,19.55,0.0,1.25
2,2021-11-01 05:13:35,2021-11-01 05:19:58,1.0,1.97,1.0,N,263,74,1,7.5,0.5,0.5,2.26,0.0,0.3,13.56,2.5,0.0
2,2021-11-01 05:36:29,2021-11-01 06:11:40,1.0,21.08,2.0,N,132,238,1,52.0,0.0,0.5,12.37,6.55,0.3,75.47,2.5,1.25
2,2021-11-01 05:53:41,2021-11-01 06:31:40,1.0,18.63,2.0,N,132,224,1,52.0,0.0,0.5,12.37,6.55,0.3,75.47,2.5,1.25
1,2021-11-01 05:21:27,2021-11-01 05:25:59,1.0,1.4,1.0,N,237,142,1,6.5,3.0,0.5,2.05,0.0,0.3,12.35,2.5,0.0
1,2021-11-01 05:27:54,2021-11-01 05:53:37,1.0,8.2,1.0,N,142,138,1,27.0,3.0,0.5,6.15,0.0,0.3,36.95,2.5,0.0
2,2021-11-01 05:12:35,2021-11-01 05:36:47,1.0,7.19,1.0,N,234,17,1,24.5,0.5,0.5,2.8,0.0,0.3,31.1,2.5,0.0
2,2021-11-01 05:55:23,2021-11-01 06:00:56,1.0,2.54,1.0,N,79,229,2,8.5,0.5,0.5,0.0,0.0,0.3,12.3,2.5,0.0
2,2021-11-01 05:42:16,2021-11-01 05:54:38,1.0,4.01,1.0,N,75,137,1,13.0,0.5,0.5,0.0,0.0,0.3,16.8,2.5,0.0
1,2021-11-01 05:46:35,2021-11-01 05:49:19,1.0,0.7,1.0,N,68,186,1,4.5,3.0,0.5,1.0,0.0,0.3,9.3,2.5,0.0
1,2021-11-01 05:50:48,2021-11-01 05:58:50,1.0,1.4,1.0,N,186,233,3,8.0,3.0,0.5,0.0,0.0,0.3,11.8,2.5,0.0
1,2021-11-01 05:56:10,2021-11-01 06:34:07,1.0,16.9,1.0,N,100,177,1,48.0,2.5,0.5,11.55,6.55,0.3,69.4,2.5,0.0
1,2021-11-01 05:46:23,2021-11-01 05:55:13,1.0,3.4,1.0,N,231,230,1,11.5,3.0,0.5,3.06,0.0,0.3,18.36,2.5,0.0
1,2021-11-01 05:57:45,2021-11-01 05:59:55,2.0,0.5,1.0,N,48,48,1,4.0,3.0,0.5,1.55,0.0,0.3,9.35,2.5,0.0
2,2021-11-01 05:19:22,2021-11-01 05:36:01,1.0,4.63,1.0,N,186,263,1,16.5,0.5,0.5,4.0,0.0,0.3,24.3,2.5,0.0
2,2021-11-01 05:17:18,2021-11-01 05:21:16,1.0,1.25,1.0,N,237,263,2,5.5,0.5,0.5,0.0,0.0,0.3,9.3,2.5,0.0
2,2021-11-01 05:58:33,2021-11-01 06:44:55,3.0,22.88,1.0,N,174,197,1,62.5,0.5,0.5,0.0,6.55,0.3,70.35,0.0,0.0
2,2021-11-01 05:21:42,2021-11-01 05:53:23,1.0,17.45,2.0,N,141,132,1,52.0,0.0,0.5,12.37,6.55,0.3,74.22,2.5,0.0
2,2021-11-01 05:50:30,2021-11-01 06:07:05,1.0,7.33,1.0,N,132,135,2,21.5,0.5,0.5,0.0,0.0,0.3,24.05,0.0,1.25
2,2021-11-01 05:55:09,2021-11-01 06:01:50,4.0,1.04,1.0,N,79,144,1,6.5,0.5,0.5,2.06,0.0,0.3,12.36,2.5,0.0
1,2021-11-01 05:19:57,2021-11-01 05:34:22,1.0,7.4,1.0,N,186,244,1,21.5,3.0,0.5,6.3,0.0,0.3,31.6,2.5,0.0
1,2021-11-01 05:58:20,2021-11-01 06:52:40,1.0,19.5,2.0,N,132,246,1,52.0,3.75,0.5,5.0,6.55,0.3,68.1,2.5,1.25
2,2021-11-01 05:27:46,2021-11-01 05:56:50,2.0,7.53,1.0,N,114,223,2,26.0,0.5,0.5,0.0,0.0,0.3,29.8,2.5,0.0
2,2021-11-01 05:35:17,2021-11-01 06:06:46,2.0,16.55,2.0,N,170,132,2,52.0,0.0,0.5,0.0,6.55,0.3,61.85,2.5,0.0
1,2021-11-01 05:05:32,2021-11-01 05:15:19,2.0,2.1,1.0,N,170,144,1,9.5,3.0,0.5,2.0,0.0,0.3,15.3,2.5,0.0
1,2021-11-01 05:20:45,2021-11-01 05:31:34,1.0,1.6,1.0,N,114,232,2,9.0,3.0,0.5,0.0,0.0,0.3,12.8,2.5,0.0
1,2021-11-01 05:42:43,2021-11-01 06:05:35,3.0,12.1,1.0,N,249,235,2,34.5,3.0,0.5,0.0,0.0,0.3,38.3,2.5,0.0
2,2021-11-01 05:23:48,2021-11-01 05:26:42,2.0,1.15,1.0,N,229,137,1,5.0,0.5,0.5,1.76,0.0,0.3,10.56,2.5,0.0
2,2021-11-01 05:59:56,2021-11-01 06:09:40,1.0,3.65,1.0,N,100,166,2,12.0,0.5,0.5,0.0,0.0,0.3,15.8,2.5,0.0
2,2021-11-01 05:42:06,2021-11-01 05:59:04,1.0,2.99,2.0,N,236,74,1,52.0,0.0,0.5,11.06,0.0,0.3,66.36,2.5,0.0
2,2021-11-01 05:59:23,2021-11-01 06:06:05,1.0,2.14,3.0,N,74,263,2,25.5,0.5,0.0,0.0,0.0,0.3,26.3,0.0,0.0
2,2021-11-01 05:06:05,2021-11-01 05:18:28,1.0,2.91,1.0,N,100,264,2,11.5,0.5,0.5,0.0,0.0,0.3,15.3,2.5,0.0
2,2021-11-01 05:30:01,2021-11-01 05:37:18,1.0,1.49,1.0,N,164,164,1,7.0,0.5,0.5,2.16,0.0,0.3,12.96,2.5,0.0
2,2021-11-01 05:43:10,2021-11-01 05:47:05,1.0,0.89,1.0,N,186,230,2,5.0,0.5,0.5,0.0,0.0,0.3,8.8,2.5,0.0
2,2021-11-01 05:50:54,2021-11-01 05:54:49,1.0,1.5,1.0,N,230,234,1,6.0,0.5,0.5,1.96,0.0,0.3,11.76,2.5,0.0
2,2021-11-01 05:57:15,2021-11-01 06:21:38,1.0,5.85,1.0,N,234,7,2,21.5,0.5,0.5,0.0,0.0,0.3,25.3,2.5,0.0
1,2021-11-01 05:50:59,2021-11-01 05:57:11,1.0,1.5,1.0,N,236,239,1,7.0,2.5,0.5,0.0,0.0,0.3,10.3,2.5,0.0
2,2021-11-01 05:18:26,2021-11-01 05:22:06,1.0,0.73,1.0,N,263,236,1,5.0,0.5,0.5,10.0,0.0,0.3,18.8,2.5,0.0
2,2021-11-01 05:31:27,2021-11-01 05:46:25,1.0,9.18,1.0,N,233,138,1,25.5,0.5,0.5,7.0,6.55,0.3,42.85,2.5,0.0
1,2021-11-01 05:59:54,2021-11-01 06:36:56,1.0,20.9,1.0,N,132,138,1,55.0,1.25,0.5,11.4,0.0,0.3,68.45,0.0,1.25
2,2021-11-01 05:47:43,2021-11-01 05:52:51,1.0,2.04,1.0,N,90,163,2,7.5,0.5,0.5,0.0,0.0,0.3,11.3,2.5,0.0
1,2021-11-01 05:35:22,2021-11-01 05:47:27,1.0,5.0,1.0,N,132,218,3,16.5,1.75,0.5,0.0,0.0,0.3,19.05,0.0,1.25
2,2021-11-01 05:49:15,2021-11-01 05:52:27,1.0,0.82,1.0,N,162,137,1,5.0,0.5,0.5,1.76,0.0,0.3,10.56,2.5,0.0
1,2021-11-01 05:56:15,2021-11-01 06:02:53,0.0,1.0,1.0,N,158,114,1,6.5,3.0,0.5,2.55,0.0,0.3,12.85,2.5,0.0
1,2021-11-01 05:35:20,2021-11-01 06:00:56,2.0,17.0,1.0,N,132,178,1,45.5,0.5,0.5,0.0,0.0,0.3,46.8,0.0,0.0
2,2021-11-01 05:50:30,2021-11-01 06:02:50,2.0,2.47,1.0,N,236,142,2,11.0,0.5,0.5,0.0,0.0,0.3,14.8,2.5,0.0
2,2021-11-01 05:37:50,2021-11-01 05:42:17,1.0,0.67,1.0,N,79,137,2,4.5,0.5,0.5,0.0,0.0,0.3,8.3,2.5,0.0
2,2021-11-01 05:49:40,2021-11-01 06:04:38,1.0,2.55,1.0,N,233,50,1,12.0,0.5,0.5,3.95,0.0,0.3,19.75,2.5,0.0
2,2021-11-01 05:56:25,2021-11-01 06:42:08,1.0,14.28,1.0,N,132,181,1,44.0,0.5,0.5,11.64,0.0,0.3,58.19,0.0,1.25
2,2021-11-01 05:24:39,2021-11-01 05:45:59,2.0,8.91,4.0,N,132,265,1,34.5,0.5,0.5,7.0,0.0,0.3,44.05,0.0,1.25
2,2021-11-01 05:46:20,2021-11-01 05:51:32,1.0,1.0,1.0,N,48,161,1,6.0,0.5,0.5,1.96,0.0,0.3,11.76,2.5,0.0
2,2021-11-01 05:53:46,2021-11-01 06:12:45,1.0,7.96,1.0,N,161,244,1,25.0,0.5,0.5,5.76,0.0,0.3,34.56,2.5,0.0
2,2021-11-01 05:40:16,2021-11-01 05:52:21,1.0,7.48,1.0,N,132,76,1,21.5,0.5,0.5,4.81,0.0,0.3,28.86,0.0,1.25
1,2021-11-01 05:11:54,2021-11-01 05:18:47,2.0,2.1,1.0,N,263,229,1,8.0,3.0,0.5,2.35,0.0,0.3,14.15,2.5,0.0
1,2021-11-01 05:25:55,2021-11-01 05:52:53,1.0,18.1,2.0,N,236,132,1,52.0,2.5,0.5,12.35,6.55,0.3,74.2,2.5,0.0
2,2021-11-01 05:13:50,2021-11-01 05:13:56,3.0,0.0,5.0,N,161,161,1,18.0,0.0,0.0,4.16,0.0,0.3,24.96,2.5,0.0
2,2021-11-01 05:31:08,2021-11-01 05:56:03,4.0,15.89,3.0,N,68,1,1,61.0,0.5,0.0,14.71,11.75,0.3,88.26,0.0,0.0
2,2021-11-01 05:26:32,2021-11-01 05:32:59,1.0,1.18,1.0,N,186,137,1,6.5,0.5,0.5,3.09,0.0,0.3,13.39,2.5,0.0
2,2021-11-01 05:48:55,2021-11-01 05:56:29,1.0,1.42,1.0,N,186,137,1,7.5,0.5,0.5,2.26,0.0,0.3,13.56,2.5,0.0
2,2021-11-01 05:56:00,2021-11-01 06:25:22,1.0,11.2,2.0,N,93,90,1,52.0,0.0,0.5,6.18,6.55,0.3,68.03,2.5,0.0
2,2021-11-01 05:48:55,2021-11-01 05:58:04,2.0,1.41,1.0,N,233,230,2,8.0,0.5,0.5,0.0,0.0,0.3,11.8,2.5,0.0
2,2021-11-01 05:19:25,2021-11-01 05:29:01,1.0,2.64,1.0,N,164,263,1,10.0,0.5,0.5,2.76,0.0,0.3,16.56,2.5,0.0
2,2021-11-01 05:52:27,2021-11-01 05:56:42,1.0,0.99,1.0,N,234,164,1,5.5,0.5,0.5,1.0,0.0,0.3,10.3,2.5,0.0
2,2021-11-01 05:17:57,2021-11-01 05:26:26,1.0,1.88,1.0,N,68,231,1,8.0,0.5,0.5,2.36,0.0,0.3,14.16,2.5,0.0
2,2021-11-01 05:27:56,2021-11-01 05:30:05,1.0,0.59,1.0,N,151,151,1,4.0,0.5,0.5,1.59,0.0,0.3,6.89,0.0,0.0
2,2021-11-01 05:46:59,2021-11-01 05:52:46,1.0,1.94,1.0,N,143,246,1,8.0,0.5,0.5,2.36,0.0,0.3,14.16,2.5,0.0
1,2021-11-01 05:20:04,2021-11-01 05:47:21,1.0,18.5,2.0,N,263,132,1,52.0,2.5,0.5,12.35,6.55,0.3,74.2,2.5,0.0
2,2021-11-01 05:47:17,2021-11-01 05:53:32,1.0,2.01,1.0,N,148,232,1,8.0,0.5,0.5,1.2,0.0,0.3,13.0,2.5,0.0
2,2021-11-01 05:50:47,2021-11-01 06:02:37,2.0,1.64,1.0,N,68,107,2,9.0,0.5,0.5,0.0,0.0,0.3,12.8,2.5,0.0
1,2021-11-01 05:52:16,2021-11-01 06:30:07,2.0,19.3,2.0,N,132,75,1,52.0,1.25,0.5,5.5,6.55,0.3,66.1,0.0,1.25
2,2021-11-01 05:17:25,2021-11-01 05:51:32,1.0,18.68,2.0,N,48,132,1,52.0,0.0,0.5,0.02,0.0,0.3,55.32,2.5,0.0
2,2021-11-01 05:02:16,2021-11-01 05:12:26,1.0,3.12,5.0,N,166,142,1,12.0,0.0,0.5,1.63,0.0,0.3,16.93,2.5,0.0
2,2021-11-01 05:18:15,2021-11-01 05:37:16,5.0,9.5,1.0,N,48,127,2,27.5,0.5,0.5,0.0,0.0,0.3,31.3,2.5,0.0
1,2021-11-01 05:22:58,2021-11-01 05:31:25,1.0,2.9,1.0,N,113,229,2,10.5,3.0,0.5,0.0,0.0,0.3,14.3,2.5,0.0
1,2021-11-01 05:35:10,2021-11-01 05:40:15,1.0,1.5,1.0,N,170,224,1,6.5,3.0,0.5,2.55,0.0,0.3,12.85,2.5,0.0
1,2021-11-01 05:44:20,2021-11-01 05:45:55,2.0,0.5,1.0,N,107,137,2,4.0,3.0,0.5,0.0,0.0,0.3,7.8,2.5,0.0
1,2021-11-01 05:57:39,2021-11-01 06:04:12,1.0,1.3,1.0,N,100,161,1,6.5,3.0,0.5,2.55,0.0,0.3,12.85,2.5,0.0
2,2021-11-01 06:00:30,2021-11-01 06:08:31,1.0,3.27,1.0,N,132,10,2,11.0,0.5,0.5,0.0,0.0,0.3,13.55,0.0,1.25
1,2021-11-01 05:57:00,2021-11-01 06:03:02,1.0,1.5,1.0,N,161,186,1,7.0,3.0,0.5,2.15,0.0,0.3,12.95,2.5,0.0
1,2021-11-01 05:17:39,2021-11-01 05:46:55,1.0,17.3,2.0,N,264,164,1,52.0,2.5,0.5,15.45,6.55,0.3,77.3,2.5,0.0
1,2021-11-01 05:46:30,2021-11-01 05:47:01,1.0,0.0,5.0,N,164,164,1,107.0,0.0,0.0,13.0,0.0,0.3,120.3,0.0,0.0
2,2021-11-01 05:31:54,2021-11-01 05:32:48,1.0,0.29,1.0,N,48,50,2,3.0,0.5,0.5,0.0,0.0,0.3,6.8,2.5,0.0
1,2021-11-01 05:06:17,2021-11-01 05:31:38,1.0,13.3,1.0,N,230,138,1,38.0,3.0,0.5,12.05,6.55,0.3,60.4,2.5,0.0
2,2021-11-01 05:37:19,2021-11-01 05:59:54,2.0,13.73,1.0,N,132,155,2,38.0,0.5,0.5,0.0,0.0,0.3,40.55,0.0,1.25
2,2021-11-01 05:34:47,2021-11-01 05:55:18,1.0,8.32,1.0,N,152,138,1,26.5,0.5,0.5,6.0,6.55,0.3,42.85,2.5,0.0
1,2021-11-01 05:48:09,2021-11-01 06:10:07,2.0,10.2,1.0,N,230,138,2,30.0,3.0,0.5,0.0,6.55,0.3,40.35,2.5,0.0
2,2021-11-01 05:00:14,2021-11-01 05:05:44,1.0,1.9,1.0,N,230,68,1,7.5,0.5,0.5,1.0,0.0,0.3,12.3,2.5,0.0
2,2021-11-01 05:12:36,2021-11-01 05:19:10,5.0,1.56,1.0,N,264,264,1,7.5,0.5,0.5,3.39,0.0,0.3,14.69,2.5,0.0
2,2021-11-01 05:32:10,2021-11-01 05:48:35,5.0,4.4,1.0,N,161,24,2,15.5,0.5,0.5,0.0,0.0,0.3,19.3,2.5,0.0
2,2021-11-01 05:06:31,2021-11-01 05:26:34,2.0,11.73,1.0,N,164,138,1,32.5,0.5,0.5,8.57,6.55,0.3,51.42,2.5,0.0
2,2021-11-01 05:49:31,2021-11-01 05:54:52,2.0,1.94,1.0,N,113,230,1,7.5,0.5,0.5,2.26,0.0,0.3,13.56,2.5,0.0
2,2021-11-01 05:44:22,2021-11-01 06:04:52,2.0,11.06,1.0,N,148,138,1,30.5,0.5,0.5,4.0,6.55,0.3,44.85,2.5,0.0
2,2021-11-01 05:47:42,2021-11-01 05:51:59,1.0,1.67,1.0,N,148,137,1,6.5,0.5,0.5,2.06,0.0,0.3,12.36,2.5,0.0
2,2021-11-01 05:23:22,2021-11-01 05:30:55,1.0,1.7,1.0,N,68,162,2,8.0,0.5,0.5,0.0,0.0,0.3,11.8,2.5,0.0
2,2021-11-01 05:41:46,2021-11-01 06:01:31,6.0,11.91,1.0,N,132,138,1,32.5,0.5,0.5,7.01,0.0,0.3,42.06,0.0,1.25
1,2021-11-01 05:36:21,2021-11-01 05:48:19,1.0,3.3,1.0,N,230,236,1,12.0,3.0,0.5,3.95,0.0,0.3,19.75,2.5,0.0
1,2021-11-01 05:51:54,2021-11-01 05:59:31,1.0,1.4,1.0,N,236,140,2,7.5,3.0,0.5,0.0,0.0,0.3,11.3,2.5,0.0
1,2021-11-01 05:54:09,2021-11-01 06:25:57,2.0,10.9,1.0,N,132,61,1,33.0,1.75,0.5,7.1,0.0,0.3,42.65,0.0,1.25
1,2021-11-01 05:31:47,2021-11-01 06:30:34,2.0,8.7,1.0,N,138,230,1,39.0,3.75,0.5,10.0,0.0,0.3,53.55,2.5,1.25
2,2021-11-01 05:54:47,2021-11-01 06:03:11,1.0,2.74,1.0,N,239,246,4,-10.0,-0.5,-0.5,0.0,0.0,-0.3,-13.8,-2.5,0.0
2,2021-11-01 05:54:47,2021-11-01 06:03:11,1.0,2.74,1.0,N,239,246,2,10.0,0.5,0.5,0.0,0.0,0.3,13.8,2.5,0.0
2,2021-11-01 05:30:33,2021-11-01 05:55:06,1.0,12.82,1.0,N,148,243,1,37.0,0.5,0.5,2.0,0.0,0.3,42.8,2.5,0.0
1,2021-11-01 05:54:04,2021-11-01 06:51:41,1.0,0.0,1.0,N,205,140,1,42.2,0.0,0.5,0.0,0.0,0.3,43.0,0.0,0.0
2,2021-11-01 05:39:35,2021-11-01 05:54:20,1.0,4.9,1.0,N,68,262,1,16.0,0.5,0.5,1.0,0.0,0.3,20.8,2.5,0.0
1,2021-11-01 05:26:28,2021-11-01 05:31:41,1.0,1.3,1.0,N,48,163,1,6.5,3.0,0.5,1.65,0.0,0.3,11.95,2.5,0.0
1,2021-11-01 05:52:20,2021-11-01 05:58:57,1.0,1.3,1.0,N,170,68,1,7.0,3.0,0.5,2.15,0.0,0.3,12.95,2.5,0.0
2,2021-11-01 05:52:29,2021-11-01 06:05:20,1.0,3.58,1.0,N,68,141,1,13.0,0.5,0.5,3.36,0.0,0.3,20.16,2.5,0.0
1,2021-11-01 05:44:47,2021-11-01 05:46:55,1.0,0.7,1.0,N,162,170,1,4.0,3.0,0.5,1.95,0.0,0.3,9.75,2.5,0.0
1,2021-11-01 05:53:03,2021-11-01 06:07:27,2.0,4.5,1.0,N,186,75,1,15.0,2.5,0.5,1.0,0.0,0.3,19.3,2.5,0.0
1,2021-11-01 05:33:30,2021-11-01 05:35:51,1.0,0.4,1.0,N,100,230,1,4.0,3.0,0.5,1.55,0.0,0.3,9.35,2.5,0.0
1,2021-11-01 05:45:30,2021-11-01 05:49:29,0.0,1.3,1.0,N,100,162,1,6.0,3.0,0.5,2.45,0.0,0.3,12.25,2.5,0.0
1,2021-11-01 05:07:55,2021-11-01 05:12:51,1.0,1.1,1.0,N,230,170,1,5.5,3.0,0.5,1.0,0.0,0.3,10.3,2.5,0.0
1,2021-11-01 05:21:26,2021-11-01 05:26:30,4.0,1.0,1.0,N,68,170,2,5.5,3.0,0.5,0.0,0.0,0.3,9.3,2.5,0.0
1,2021-11-01 05:30:24,2021-11-01 05:43:47,1.0,4.1,1.0,N,170,151,1,14.0,3.0,0.5,3.55,0.0,0.3,21.35,2.5,0.0
1,2021-11-01 05:38:04,2021-11-01 06:14:58,1.0,18.4,2.0,N,132,79,1,52.0,2.5,0.5,12.35,6.55,0.3,74.2,2.5,0.0
2,2021-11-01 05:29:18,2021-11-01 05:46:28,1.0,11.33,1.0,N,132,101,1,31.0,0.5,0.5,8.39,0.0,0.3,41.94,0.0,1.25
2,2021-11-01 05:00:50,2021-11-01 05:04:29,1.0,1.05,1.0,N,107,233,1,5.5,0.5,0.5,1.4,0.0,0.3,10.7,2.5,0.0
2,2021-11-01 05:18:11,2021-11-01 05:51:32,1.0,17.51,2.0,N,142,132,1,52.0,0.0,0.5,5.0,0.0,0.3,60.3,2.5,0.0
2,2021-11-01 05:16:17,2021-11-01 05:35:29,1.0,14.12,5.0,N,145,132,1,72.0,0.0,0.5,0.05,0.0,0.3,72.85,0.0,0.0
2,2021-11-01 05:01:04,2021-11-01 05:04:16,1.0,0.51,1.0,N,263,262,1,4.5,0.5,0.5,1.66,0.0,0.3,9.96,2.5,0.0
2,2021-11-01 05:09:36,2021-11-01 05:16:55,1.0,1.26,1.0,N,141,162,1,7.5,0.5,0.5,2.26,0.0,0.3,13.56,2.5,0.0
2,2021-11-01 05:22:29,2021-11-01 05:28:31,1.0,1.49,1.0,N,162,186,1,7.0,0.5,0.5,2.16,0.0,0.3,12.96,2.5,0.0
2,2021-11-01 05:33:26,2021-11-01 05:42:40,1.0,1.68,1.0,N,186,107,1,8.5,0.5,0.5,2.46,0.0,0.3,14.76,2.5,0.0
2,2021-11-01 05:50:43,2021-11-01 05:55:41,1.0,1.71,1.0,N,186,48,1,6.5,0.5,0.5,2.06,0.0,0.3,12.36,2.5,0.0
1,2021-11-01 05:30:29,2021-11-01 05:39:44,1.0,2.1,1.0,N,68,143,1,9.0,3.0,0.5,2.56,0.0,0.3,15.36,2.5,0.0
1,2021-11-01 05:51:45,2021-11-01 06:00:39,1.0,2.1,1.0,N,186,162,1,9.0,3.0,0.5,2.55,0.0,0.3,15.35,2.5,0.0
2,2021-11-01 05:13:31,2021-11-01 05:16:11,1.0,1.08,1.0,N,141,233,1,5.0,0.5,0.5,1.76,0.0,0.3,10.56,2.5,0.0
2,2021-11-01 05:50:47,2021-11-01 06:02:43,1.0,4.47,1.0,N,75,107,2,14.0,0.5,0.5,0.0,0.0,0.3,17.8,2.5,0.0
2,2021-11-01 05:08:12,2021-11-01 05:28:56,1.0,12.5,1.0,N,68,138,1,34.5,0.5,0.5,8.97,6.55,0.3,53.82,2.5,0.0
1,2021-11-01 05:22:01,2021-11-01 05:30:28,1.0,2.1,1.0,N,100,249,1,8.5,3.0,0.5,0.0,0.0,0.3,12.3,2.5,0.0
1,2021-11-01 05:40:50,2021-11-01 05:47:24,2.0,1.5,1.0,N,100,237,1,7.0,2.5,0.5,1.0,0.0,0.3,11.3,2.5,0.0
1,2021-11-01 05:40:57,2021-11-01 05:47:56,1.0,1.5,1.0,N,100,234,1,7.5,3.0,0.5,3.35,0.0,0.3,14.65,2.5,0.0
1,2021-11-01 05:54:41,2021-11-01 05:59:18,1.0,1.4,1.0,N,186,230,2,6.5,3.0,0.5,0.0,0.0,0.3,10.3,2.5,0.0
2,2021-11-01 05:40:42,2021-11-01 05:53:54,1.0,8.96,1.0,N,140,138,1,25.0,0.5,0.5,10.6,6.55,0.3,45.95,2.5,0.0
1,2021-11-01 05:26:26,2021-11-01 05:35:13,0.0,1.9,1.0,N,125,234,1,9.0,3.0,0.5,2.55,0.0,0.3,15.35,2.5,0.0
1,2021-11-01 05:39:07,2021-11-01 06:12:29,0.0,16.8,2.0,N,164,132,1,52.0,2.5,0.5,12.35,6.55,0.3,74.2,2.5,0.0
1,2021-11-01 05:38:48,2021-11-01 05:51:21,1.0,3.9,1.0,Y,238,170,1,13.5,3.0,0.5,1.5,0.0,0.3,18.8,2.5,0.0
1,2021-11-01 05:59:21,2021-11-01 06:04:11,2.0,1.1,1.0,N,79,148,1,6.0,3.0,0.5,3.0,0.0,0.3,12.8,2.5,0.0
2,2021-11-01 05:42:56,2021-11-01 06:05:01,1.0,4.62,1.0,N,132,218,2,18.5,0.5,0.5,0.0,0.0,0.3,19.8,0.0,0.0
1,2021-11-01 05:57:42,2021-11-01 06:54:58,1.0,18.6,1.0,N,132,49,1,55.0,1.75,0.5,9.0,0.0,0.3,66.55,0.0,1.25
2,2021-11-01 05:25:38,2021-11-01 05:44:18,1.0,8.54,1.0,N,132,131,2,25.5,0.5,0.5,0.0,0.0,0.3,28.05,0.0,1.25
2,2021-11-01 05:53:52,2021-11-01 05:57:40,1.0,0.88,1.0,N,162,137,1,5.0,0.5,0.5,1.76,0.0,0.3,10.56,2.5,0.0
2,2021-11-01 05:07:35,2021-11-01 05:34:11,1.0,6.25,1.0,N,100,7,1,23.0,0.5,0.5,5.36,0.0,0.3,32.16,2.5,0.0
2,2021-11-01 05:56:56,2021-11-01 06:05:20,1.0,1.71,1.0,N,162,141,2,8.0,0.5,0.5,0.0,0.0,0.3,11.8,2.5,0.0
2,2021-11-01 05:31:03,2021-11-01 05:34:56,1.0,1.28,1.0,N,158,68,2,5.5,0.5,0.5,0.0,0.0,0.3,9.3,2.5,0.0
2,2021-11-01 05:41:51,2021-11-01 05:46:54,1.0,1.13,1.0,N,48,161,2,6.0,0.5,0.5,0.0,0.0,0.3,9.8,2.5,0.0
2,2021-11-01 05:55:02,2021-11-01 06:18:44,1.0,7.98,1.0,N,48,243,2,26.0,0.5,0.5,0.0,0.0,0.3,29.8,2.5,0.0
1,2021-11-01 05:29:59,2021-11-01 05:51:11,1.0,5.8,1.0,N,230,193,2,20.0,3.0,0.5,0.0,0.0,0.3,23.8,2.5,0.0
1,2021-11-01 05:59:52,2021-11-01 06:05:51,1.0,0.9,1.0,N,233,161,1,6.0,2.5,0.5,1.86,0.0,0.3,11.16,2.5,0.0
2,2021-11-01 05:29:30,2021-11-01 05:45:04,1.0,4.52,1.0,N,230,226,1,16.0,0.5,0.5,3.96,0.0,0.3,23.76,2.5,0.0
2,2021-11-01 04:57:11,2021-11-01 05:01:50,2.0,1.0,1.0,N,229,230,1,5.5,0.5,0.5,1.86,0.0,0.3,11.16,2.5,0.0
2,2021-11-01 05:22:12,2021-11-01 05:30:54,2.0,2.21,1.0,N,230,236,1,9.0,0.5,0.5,2.56,0.0,0.3,15.36,2.5,0.0
1,2021-11-01 05:12:56,2021-11-01 05:21:33,1.0,3.6,1.0,N,132,218,4,12.5,1.75,0.5,0.0,0.0,0.3,15.05,0.0,1.25
2,2021-11-01 05:00:43,2021-11-01 05:12:49,2.0,3.41,1.0,N,48,231,1,12.0,0.5,0.5,1.5,0.0,0.3,17.3,2.5,0.0
2,2021-11-01 05:32:24,2021-11-01 05:51:49,2.0,9.33,1.0,N,170,138,1,27.0,0.5,0.5,7.47,6.55,0.3,44.82,2.5,0.0
2,2021-11-01 05:51:31,2021-11-01 05:55:48,1.0,0.92,1.0,N,234,113,1,5.0,0.5,0.5,1.76,0.0,0.3,10.56,2.5,0.0
2,2021-11-01 05:59:03,2021-11-01 06:10:30,1.0,3.69,1.0,N,107,263,1,12.5,0.5,0.5,4.89,0.0,0.3,21.19,2.5,0.0
2,2021-11-01 05:56:02,2021-11-01 06:32:34,1.0,20.61,2.0,N,239,132,1,52.0,0.0,0.5,0.0,6.55,0.3,61.85,2.5,0.0
2,2021-11-01 05:57:46,2021-11-01 06:02:33,1.0,0.75,1.0,N,100,161,1,5.0,0.5,0.5,1.76,0.0,0.3,10.56,2.5,0.0
2,2021-11-01 05:20:52,2021-11-01 05:54:20,1.0,17.99,2.0,N,142,132,1,52.0,0.0,0.5,11.06,0.0,0.3,66.36,2.5,0.0
2,2021-11-01 04:56:31,2021-11-01 05:29:34,1.0,12.88,1.0,N,107,20,1,36.0,0.5,0.5,11.94,0.0,0.3,51.74,2.5,0.0
2,2021-11-01 05:06:50,2021-11-01 05:07:59,1.0,0.22,1.0,N,211,211,2,3.0,0.5,0.5,0.0,0.0,0.3,6.8,2.5,0.0
2,2021-11-01 05:09:19,2021-11-01 05:36:54,1.0,17.47,2.0,N,144,132,1,52.0,0.0,0.5,11.06,0.0,0.3,66.36,2.5,0.0
1,2021-11-01 05:23:14,2021-11-01 05:59:38,1.0,18.7,2.0,N,132,90,1,52.0,3.75,0.5,5.0,6.55,0.3,68.1,2.5,1.25
2,2021-11-01 05:40:53,2021-11-01 06:05:28,3.0,8.44,5.0,N,230,138,1,45.0,0.0,0.5,5.0,0.0,0.3,53.3,2.5,0.0
2,2021-11-01 05:25:56,2021-11-01 05:57:29,1.0,20.16,3.0,N,230,1,1,73.0,0.5,0.0,18.11,16.75,0.3,108.66,0.0,0.0
2,2021-11-01 05:24:07,2021-11-01 05:42:15,1.0,4.27,1.0,N,230,7,2,16.0,0.5,0.5,0.0,0.0,0.3,19.8,2.5,0.0
2,2021-11-01 05:56:23,2021-11-01 06:03:24,1.0,1.86,1.0,N,186,162,1,8.0,0.5,0.5,2.95,0.0,0.3,14.75,2.5,0.0
2,2021-11-01 05:59:46,2021-11-01 06:48:28,1.0,21.6,2.0,N,132,87,1,52.0,0.0,0.5,12.37,6.55,0.3,75.47,2.5,1.25
1,2021-11-01 05:55:25,2021-11-01 06:02:06,1.0,1.7,1.0,N,79,186,1,7.5,2.5,0.5,1.0,0.0,0.3,11.8,2.5,0.0
1,2021-11-01 05:00:00,2021-11-01 05:16:54,0.0,9.7,1.0,N,230,247,1,28.0,3.0,0.5,6.35,0.0,0.3,38.15,2.5,0.0
2,2021-11-01 05:57:57,2021-11-01 06:41:24,1.0,13.05,1.0,N,132,25,1,41.5,0.5,0.5,8.56,0.0,0.3,52.61,0.0,1.25
2,2021-11-01 05:46:29,2021-11-01 05:49:06,1.0,0.96,1.0,N,141,141,1,4.5,0.5,0.5,1.66,0.0,0.3,9.96,2.5,0.0
2,2021-11-01 05:59:51,2021-11-01 06:09:49,1.0,2.93,1.0,N,141,186,1,10.5,0.5,0.5,3.58,0.0,0.3,17.88,2.5,0.0
2,2021-11-01 04:50:00,2021-11-01 04:55:41,1.0,1.8,1.0,N,140,236,1,7.5,0.5,0.5,3.39,0.0,0.3,14.69,2.5,0.0
2,2021-11-01 05:08:49,2021-11-01 05:17:17,1.0,1.82,1.0,N,237,75,2,8.5,0.5,0.5,0.0,0.0,0.3,12.3,2.5,0.0
2,2021-11-01 05:28:50,2021-11-01 05:39:15,1.0,2.64,1.0,N,239,75,2,10.5,0.5,0.5,0.0,0.0,0.3,14.3,2.5,0.0
1,2021-11-01 06:54:01,2021-11-01 07:57:49,1.0,15.0,1.0,N,132,112,2,50.0,1.25,0.5,0.0,0.0,0.3,52.05,0.0,1.25
1,2021-11-01 06:16:07,2021-11-01 06:18:43,1.0,0.6,1.0,N,238,239,1,4.0,2.5,0.5,0.73,0.0,0.3,8.03,2.5,0.0
1,2021-11-01 06:23:48,2021-11-01 06:31:27,1.0,1.8,1.0,N,142,161,1,8.0,2.5,0.5,3.0,0.0,0.3,14.3,2.5,0.0
1,2021-11-01 06:38:35,2021-11-01 06:48:15,1.0,2.4,1.0,N,100,237,1,9.5,2.5,0.5,2.55,0.0,0.3,15.35,2.5,0.0
2,2021-11-01 06:21:14,2021-11-01 06:29:27,1.0,3.62,1.0,N,107,209,1,12.0,0.0,0.5,3.82,0.0,0.3,19.12,2.5,0.0
2,2021-11-01 06:40:40,2021-11-01 06:49:39,5.0,2.45,1.0,N,79,161,1,9.5,0.0,0.5,1.28,0.0,0.3,14.08,2.5,0.0
1,2021-11-01 06:19:27,2021-11-01 07:13:59,1.0,15.8,1.0,N,132,112,1,49.5,1.25,0.5,10.3,0.0,0.3,61.85,0.0,1.25
2,2021-11-01 06:36:49,2021-11-01 06:40:53,1.0,1.0,1.0,N,107,137,2,5.0,0.0,0.5,0.0,0.0,0.3,8.3,2.5,0.0
2,2021-11-01 06:54:12,2021-11-01 07:06:13,1.0,2.71,1.0,N,164,140,1,10.5,0.0,0.5,2.76,0.0,0.3,16.56,2.5,0.0
2,2021-11-01 06:09:06,2021-11-01 06:16:46,1.0,1.59,1.0,N,186,161,2,7.5,0.0,0.5,0.0,0.0,0.3,10.8,2.5,0.0
2,2021-11-01 06:37:32,2021-11-01 06:44:00,1.0,1.34,1.0,N,68,230,1,6.5,0.0,0.5,1.96,0.0,0.3,11.76,2.5,0.0
2,2021-11-01 06:50:13,2021-11-01 07:02:49,1.0,1.75,1.0,N,100,137,1,9.5,0.0,0.5,2.56,0.0,0.3,15.36,2.5,0.0
2,2021-11-01 06:16:06,2021-11-01 07:21:16,1.0,18.35,2.0,N,132,100,1,52.0,0.0,0.5,0.0,6.55,0.3,63.1,2.5,1.25
2,2021-11-01 06:53:40,2021-11-01 07:01:21,1.0,1.17,1.0,N,263,75,1,7.0,0.0,0.5,2.06,0.0,0.3,12.36,2.5,0.0
2,2021-11-01 06:44:04,2021-11-01 06:49:57,6.0,1.11,1.0,N,100,161,2,6.0,0.0,0.5,0.0,0.0,0.3,9.3,2.5,0.0
1,2021-11-01 06:47:31,2021-11-01 07:27:00,1.0,18.4,2.0,N,144,132,2,52.0,2.5,0.5,0.0,0.0,0.3,55.3,2.5,0.0
2,2021-11-01 06:25:14,2021-11-01 06:38:59,3.0,4.44,1.0,N,132,218,1,15.0,0.0,0.5,1.0,0.0,0.3,18.05,0.0,1.25
2,2021-11-01 06:29:50,2021-11-01 06:44:24,1.0,5.17,1.0,N,48,152,1,17.0,0.0,0.5,6.09,0.0,0.3,26.39,2.5,0.0
1,2021-11-01 06:56:05,2021-11-01 07:15:30,2.0,2.7,1.0,Y,230,141,1,14.0,2.5,0.5,3.45,0.0,0.3,20.75,2.5,0.0
1,2021-11-01 06:11:10,2021-11-01 07:36:15,1.0,16.3,99.0,N,39,174,1,46.2,0.0,0.5,0.0,0.0,0.3,47.0,0.0,0.0
2,2021-11-01 06:19:20,2021-11-01 06:23:48,1.0,0.8,1.0,N,24,41,2,5.5,0.5,0.5,0.0,0.0,0.3,6.8,0.0,0.0
2,2021-11-01 06:41:48,2021-11-01 07:59:01,1.0,21.14,2.0,N,132,141,1,52.0,0.0,0.5,18.93,6.55,0.3,82.03,2.5,1.25
2,2021-11-01 06:24:06,2021-11-01 06:31:49,1.0,1.46,1.0,N,142,237,1,8.0,0.0,0.5,2.26,0.0,0.3,13.56,2.5,0.0
2,2021-11-01 06:33:31,2021-11-01 06:41:02,1.0,2.06,1.0,N,237,236,1,8.5,0.0,0.5,2.36,0.0,0.3,14.16,2.5,0.0
2,2021-11-01 06:44:00,2021-11-01 06:51:57,1.0,2.76,1.0,N,236,170,1,9.5,0.0,0.5,2.56,0.0,0.3,15.36,2.5,0.0
1,2021-11-01 06:37:36,2021-11-01 06:47:30,1.0,2.1,1.0,N,113,13,1,9.5,2.5,0.5,1.0,0.0,0.3,13.8,2.5,0.0
1,2021-11-01 06:53:37,2021-11-01 06:58:41,1.0,0.6,1.0,N,231,209,2,5.0,2.5,0.5,0.0,0.0,0.3,8.3,2.5,0.0
1,2021-11-01 06:02:29,2021-11-01 06:44:44,1.0,17.6,2.0,N,132,79,1,52.0,3.75,0.5,6.9,6.55,0.3,70.0,2.5,1.25
2,2021-11-01 06:19:41,2021-11-01 06:43:27,1.0,10.66,1.0,N,143,264,1,31.0,0.0,0.5,8.08,6.12,0.3,48.5,2.5,0.0
2,2021-11-01 06:40:20,2021-11-01 07:46:10,6.0,18.84,2.0,N,132,4,1,52.0,0.0,0.5,12.62,6.55,0.3,75.72,2.5,1.25
2,2021-11-01 06:23:45,2021-11-01 06:36:57,2.0,2.95,1.0,N,263,100,1,11.5,0.0,0.5,1.0,0.0,0.3,15.8,2.5,0.0
2,2021-11-01 06:42:44,2021-11-01 06:50:38,1.0,1.49,1.0,N,186,163,1,7.5,0.0,0.5,1.62,0.0,0.3,12.42,2.5,0.0
2,2021-11-01 06:59:30,2021-11-01 07:04:36,2.0,0.94,1.0,N,186,234,1,5.5,0.0,0.5,2.64,0.0,0.3,11.44,2.5,0.0
1,2021-11-01 06:57:30,2021-11-01 07:18:40,1.0,4.3,1.0,N,244,75,2,17.0,0.0,0.5,0.0,0.0,0.3,17.8,0.0,0.0
2,2021-11-01 06:10:07,2021-11-01 06:29:16,2.0,11.09,1.0,N,239,138,1,31.5,0.0,0.5,8.27,6.55,0.3,49.62,2.5,0.0
2,2021-11-01 06:20:09,2021-11-01 06:42:11,4.0,10.39,1.0,N,237,138,1,30.5,0.0,0.5,8.07,6.55,0.3,48.42,2.5,0.0
2,2021-11-01 06:12:53,2021-11-01 07:19:08,1.0,21.49,1.0,N,132,65,1,61.0,0.0,0.5,10.0,0.0,0.3,73.05,0.0,1.25
1,2021-11-01 06:20:29,2021-11-01 06:40:39,1.0,7.4,1.0,N,238,12,1,23.5,2.5,0.5,5.35,0.0,0.3,32.15,2.5,0.0
1,2021-11-01 06:45:05,2021-11-01 06:59:01,1.0,4.1,1.0,N,87,181,1,15.0,2.5,0.5,3.65,0.0,0.3,21.95,2.5,0.0
1,2021-11-01 06:17:01,2021-11-01 06:34:03,1.0,5.9,1.0,N,132,38,2,19.0,1.25,0.5,0.0,0.0,0.3,21.05,0.0,1.25
1,2021-11-01 06:52:16,2021-11-01 06:55:06,1.0,0.6,1.0,N,237,237,2,4.0,2.5,0.5,0.0,0.0,0.3,7.3,2.5,0.0
2,2021-11-01 06:28:59,2021-11-01 06:42:06,1.0,3.3,1.0,N,238,161,1,13.0,0.0,0.5,2.0,0.0,0.3,18.3,2.5,0.0
2,2021-11-01 06:55:47,2021-11-01 07:08:44,1.0,5.81,1.0,N,142,244,1,18.5,0.0,0.5,4.36,0.0,0.3,26.16,2.5,0.0
2,2021-11-01 06:31:19,2021-11-01 07:45:32,1.0,19.4,1.0,N,132,69,2,62.0,0.0,0.5,0.0,6.55,0.3,70.6,0.0,1.25
1,2021-11-01 06:03:55,2021-11-01 06:12:50,1.0,1.7,1.0,N,137,113,2,8.0,2.5,0.5,0.0,0.0,0.3,11.3,2.5,0.0
1,2021-11-01 06:30:00,2021-11-01 06:34:01,1.0,0.9,1.0,N,186,230,1,5.0,2.5,0.5,1.65,0.0,0.3,9.95,2.5,0.0
1,2021-11-01 06:38:06,2021-11-01 06:44:18,1.0,1.3,1.0,Y,186,161,1,6.5,2.5,0.5,1.96,0.0,0.3,11.76,2.5,0.0
1,2021-11-01 06:53:55,2021-11-01 07:04:06,1.0,1.9,1.0,Y,186,237,1,9.0,2.5,0.5,2.45,0.0,0.3,14.75,2.5,0.0
1,2021-11-01 06:33:04,2021-11-01 06:37:20,4.0,1.6,1.0,N,237,162,2,6.5,2.5,0.5,0.0,0.0,0.3,9.8,2.5,0.0
1,2021-11-01 06:38:17,2021-11-01 06:42:49,1.0,0.8,1.0,N,162,137,2,5.0,2.5,0.5,0.0,0.0,0.3,8.3,2.5,0.0
1,2021-11-01 06:55:36,2021-11-01 07:06:43,1.0,2.7,1.0,N,107,140,1,10.5,2.5,0.5,3.45,0.0,0.3,17.25,2.5,0.0
2,2021-11-01 06:50:02,2021-11-01 06:55:35,1.0,1.62,1.0,N,236,162,1,7.0,0.0,0.5,2.06,0.0,0.3,12.36,2.5,0.0
2,2021-11-01 06:23:42,2021-11-01 06:26:31,2.0,0.86,1.0,N,79,107,2,4.5,0.0,0.5,0.0,0.0,0.3,7.8,2.5,0.0
2,2021-11-01 06:40:28,2021-11-01 06:47:22,2.0,1.71,1.0,N,249,224,2,7.5,0.0,0.5,0.0,0.0,0.3,10.8,2.5,0.0
1,2021-11-01 06:10:43,2021-11-01 06:21:41,1.0,6.8,1.0,N,140,12,1,20.0,2.5,0.5,5.0,0.0,0.3,28.3,2.5,0.0
1,2021-11-01 06:36:07,2021-11-01 06:47:35,1.0,3.1,1.0,N,45,181,1,12.0,2.5,0.5,2.0,0.0,0.3,17.3,2.5,0.0
1,2021-11-01 06:06:09,2021-11-01 06:56:49,1.0,12.9,1.0,N,132,25,1,42.5,1.75,0.5,9.0,0.0,0.3,54.05,0.0,1.25
1,2021-11-01 06:45:45,2021-11-01 06:53:36,1.0,2.1,1.0,N,141,238,1,8.5,2.5,0.5,2.35,0.0,0.3,14.15,2.5,0.0
2,2021-11-01 06:13:33,2021-11-01 07:13:11,2.0,20.36,2.0,N,132,113,2,52.0,0.0,0.5,0.0,0.0,0.3,56.55,2.5,1.25
2,2021-11-01 06:48:00,2021-11-01 07:10:17,2.0,11.26,1.0,N,233,138,2,31.0,0.0,0.5,0.0,6.55,0.3,40.85,2.5,0.0
2,2021-11-01 06:44:34,2021-11-01 07:37:15,1.0,19.81,1.0,N,132,51,1,57.5,0.0,0.5,3.0,6.55,0.3,69.1,0.0,1.25
2,2021-11-01 06:33:33,2021-11-01 06:42:40,1.0,1.92,1.0,N,141,163,1,8.5,0.0,0.5,2.36,0.0,0.3,14.16,2.5,0.0
2,2021-11-01 06:50:12,2021-11-01 06:58:40,1.0,1.47,1.0,N,143,163,1,7.5,0.0,0.5,2.16,0.0,0.3,12.96,2.5,0.0
1,2021-11-01 06:15:37,2021-11-01 06:20:06,1.0,1.1,1.0,N,263,140,1,5.5,2.5,0.5,1.75,0.0,0.3,10.55,2.5,0.0
1,2021-11-01 06:26:29,2021-11-01 06:31:27,1.0,1.0,1.0,N,263,75,1,5.5,2.5,0.5,1.0,0.0,0.3,9.8,2.5,0.0
1,2021-11-01 06:39:51,2021-11-01 06:54:41,1.0,2.9,1.0,N,236,137,1,12.5,2.5,0.5,3.15,0.0,0.3,18.95,2.5,0.0
1,2021-11-01 06:56:04,2021-11-01 07:00:58,1.0,0.5,1.0,N,170,170,2,5.0,2.5,0.5,0.0,0.0,0.3,8.3,2.5,0.0
1,2021-11-01 06:05:03,2021-11-01 06:13:50,1.0,1.1,1.0,N,186,137,1,7.5,2.5,0.5,2.7,0.0,0.3,13.5,2.5,0.0
1,2021-11-01 06:23:40,2021-11-01 06:35:25,1.0,3.5,1.0,N,186,13,1,13.0,2.5,0.5,1.0,0.0,0.3,17.3,2.5,0.0
1,2021-11-01 06:45:02,2021-11-01 06:52:37,1.0,2.3,1.0,N,158,164,1,8.5,2.5,0.5,2.35,0.0,0.3,14.15,2.5,0.0
1,2021-11-01 06:58:13,2021-11-01 07:04:43,1.0,1.0,1.0,Y,186,137,1,6.0,2.5,0.5,1.85,0.0,0.3,11.15,2.5,0.0
2,2021-11-01 06:05:17,2021-11-01 06:09:17,4.0,0.6,1.0,N,186,246,2,4.5,0.0,0.5,0.0,0.0,0.3,7.8,2.5,0.0
2,2021-11-01 06:25:05,2021-11-01 06:32:44,4.0,1.48,1.0,N,186,161,1,7.0,0.0,0.5,2.58,0.0,0.3,12.88,2.5,0.0
2,2021-11-01 06:41:40,2021-11-01 06:46:55,3.0,0.11,1.0,N,48,68,1,5.0,0.0,0.5,1.66,0.0,0.3,9.96,2.5,0.0
2,2021-11-01 06:51:25,2021-11-01 06:58:02,3.0,0.13,1.0,N,68,230,2,5.5,0.0,0.5,0.0,0.0,0.3,8.8,2.5,0.0
1,2021-11-01 06:46:24,2021-11-01 06:51:58,1.0,1.4,1.0,N,263,140,2,6.5,2.5,0.5,0.0,0.0,0.3,9.8,2.5,0.0
1,2021-11-01 06:56:13,2021-11-01 06:59:52,1.0,1.1,1.0,N,141,236,2,5.0,2.5,0.5,0.0,0.0,0.3,8.3,2.5,0.0
1,2021-11-01 06:05:58,2021-11-01 06:22:46,1.0,3.9,1.0,N,151,141,1,15.0,2.5,0.5,3.65,0.0,0.3,21.95,2.5,0.0
1,2021-11-01 06:30:40,2021-11-01 06:58:29,1.0,8.6,1.0,N,229,244,1,28.0,2.5,0.5,7.8,0.0,0.3,39.1,2.5,0.0
1,2021-11-01 06:38:04,2021-11-01 07:53:07,2.0,19.5,2.0,N,132,262,1,52.0,3.75,0.5,12.6,6.55,0.3,75.7,2.5,1.25
2,2021-11-01 06:13:56,2021-11-01 06:27:06,1.0,3.41,1.0,N,238,186,1,12.5,0.0,0.5,3.16,0.0,0.3,18.96,2.5,0.0
2,2021-11-01 06:27:58,2021-11-01 06:35:12,1.0,1.44,1.0,N,186,163,1,7.0,0.0,0.5,0.0,0.0,0.3,10.3,2.5,0.0
2,2021-11-01 06:53:18,2021-11-01 06:57:39,1.0,0.92,1.0,N,264,263,1,5.0,0.0,0.5,1.24,0.0,0.3,9.54,2.5,0.0
1,2021-11-01 06:14:53,2021-11-01 06:54:57,2.0,18.9,2.0,N,236,132,1,52.0,2.5,0.5,12.35,6.55,0.3,74.2,2.5,0.0
1,2021-11-01 06:19:19,2021-11-01 06:57:04,1.0,17.9,2.0,N,262,132,1,52.0,0.0,0.5,8.0,6.55,0.3,67.35,0.0,0.0
2,2021-11-01 06:40:23,2021-11-01 07:23:42,1.0,17.26,2.0,N,100,132,1,52.0,0.0,0.5,12.37,6.55,0.3,74.22,2.5,0.0
1,2021-11-01 06:45:18,2021-11-01 06:59:08,1.0,3.6,1.0,N,263,107,1,13.0,2.5,0.5,2.5,0.0,0.3,18.8,2.5,0.0
1,2021-11-01 06:07:24,2021-11-01 06:13:25,1.0,1.2,1.0,N,48,142,1,6.5,2.5,0.5,2.0,0.0,0.3,11.8,2.5,0.0
1,2021-11-01 06:28:28,2021-11-01 06:43:47,1.0,2.8,1.0,N,186,140,2,12.5,2.5,0.5,0.0,0.0,0.3,15.8,2.5,0.0
1,2021-11-01 06:49:09,2021-11-01 06:55:43,1.0,1.3,1.0,N,263,75,1,7.0,2.5,0.5,2.05,0.0,0.3,12.35,2.5,0.0
1,2021-11-01 06:40:39,2021-11-01 07:47:34,2.0,19.0,2.0,N,132,90,1,52.0,3.75,0.5,12.6,6.55,0.3,75.7,2.5,1.25
2,2021-11-01 06:41:03,2021-11-01 07:22:37,1.0,10.55,1.0,N,132,70,1,36.0,0.0,0.5,0.0,0.0,0.3,38.05,0.0,1.25
1,2021-11-01 06:55:32,2021-11-01 07:55:32,1.0,17.7,2.0,N,132,48,1,52.0,3.75,0.5,15.75,6.55,0.3,78.85,2.5,1.25
1,2021-11-01 06:36:20,2021-11-01 07:14:47,1.0,17.2,2.0,N,162,132,1,52.0,2.5,0.5,5.0,6.12,0.3,66.42,2.5,0.0
2,2021-11-01 06:42:04,2021-11-01 06:47:42,6.0,1.5,1.0,N,140,162,1,7.0,0.0,0.5,1.0,0.0,0.3,11.3,2.5,0.0
2,2021-11-01 06:17:03,2021-11-01 06:23:39,1.0,1.04,1.0,N,48,186,1,6.0,0.0,0.5,1.86,0.0,0.3,11.16,2.5,0.0
2,2021-11-01 06:29:06,2021-11-01 06:37:46,1.0,1.57,1.0,N,186,162,2,8.0,0.0,0.5,0.0,0.0,0.3,11.3,2.5,0.0
2,2021-11-01 06:49:28,2021-11-01 06:55:07,1.0,1.14,1.0,N,48,161,1,6.0,0.0,0.5,2.32,0.0,0.3,11.62,2.5,0.0
1,2021-11-01 06:55:22,2021-11-01 06:58:25,1.0,0.8,1.0,Y,224,137,1,4.5,2.5,0.5,1.0,0.0,0.3,8.8,2.5,0.0
2,2021-11-01 06:41:47,2021-11-01 08:10:24,1.0,22.19,2.0,N,132,143,1,52.0,0.0,0.5,11.06,0.0,0.3,67.61,2.5,1.25
1,2021-11-01 06:21:15,2021-11-01 07:02:08,1.0,16.2,2.0,N,170,132,1,52.0,2.5,0.5,0.0,7.8,0.3,63.1,2.5,0.0
2,2021-11-01 06:21:18,2021-11-01 06:25:13,3.0,0.92,1.0,N,100,163,2,5.0,0.0,0.5,0.0,0.0,0.3,8.3,2.5,0.0
2,2021-11-01 06:33:08,2021-11-01 06:37:51,3.0,0.85,1.0,N,100,230,2,5.5,0.0,0.5,0.0,0.0,0.3,8.8,2.5,0.0
2,2021-11-01 06:46:14,2021-11-01 06:50:17,3.0,0.79,1.0,N,100,230,2,5.0,0.0,0.5,0.0,0.0,0.3,8.3,2.5,0.0
2,2021-11-01 06:56:56,2021-11-01 07:06:50,2.0,1.28,1.0,N,100,233,1,8.0,0.0,0.5,1.0,0.0,0.3,12.3,2.5,0.0
1,2021-11-01 06:10:27,2021-11-01 06:18:57,1.0,2.4,1.0,N,107,125,1,9.5,2.5,0.5,3.8,0.0,0.3,16.6,2.5,0.0
1,2021-11-01 06:21:48,2021-11-01 06:31:30,1.0,3.3,1.0,N,125,161,1,11.0,2.5,0.5,3.0,0.0,0.3,17.3,2.5,0.0
1,2021-11-01 06:35:00,2021-11-01 06:36:07,1.0,0.4,1.0,N,237,237,1,3.5,2.5,0.5,2.0,0.0,0.3,8.8,2.5,0.0
1,2021-11-01 06:17:02,2021-11-01 06:29:28,1.0,3.9,1.0,N,132,10,1,14.0,1.25,0.0,0.0,0.0,0.3,15.55,0.0,1.25
2,2021-11-01 06:50:50,2021-11-01 06:54:31,1.0,0.74,1.0,N,233,137,1,4.5,0.0,0.5,1.56,0.0,0.3,9.36,2.5,0.0
2,2021-11-01 06:57:26,2021-11-01 07:01:02,1.0,1.21,1.0,N,233,141,1,5.5,0.0,0.5,1.2,0.0,0.3,10.0,2.5,0.0
2,2021-11-01 06:57:15,2021-11-01 07:17:04,1.0,6.0,1.0,N,151,107,1,20.0,0.0,0.5,2.5,0.0,0.3,25.8,2.5,0.0
1,2021-11-01 06:06:17,2021-11-01 06:46:35,1.0,15.5,1.0,N,132,7,1,43.0,1.25,0.5,9.0,0.0,0.3,54.05,0.0,1.25
2,2021-11-01 06:50:44,2021-11-01 07:03:13,1.0,3.44,1.0,N,107,231,1,13.0,0.0,0.5,3.26,0.0,0.3,19.56,2.5,0.0
2,2021-11-01 06:32:28,2021-11-01 07:08:10,1.0,8.61,1.0,N,132,98,1,30.5,0.0,0.5,6.51,0.0,0.3,39.06,0.0,1.25
2,2021-11-01 06:06:07,2021-11-01 06:26:36,1.0,6.06,1.0,N,132,124,2,19.5,0.0,0.5,0.0,0.0,0.3,21.55,0.0,1.25
2,2021-11-01 06:59:03,2021-11-01 07:41:06,1.0,6.42,1.0,N,132,135,2,29.5,0.0,0.5,0.0,0.0,0.3,31.55,0.0,1.25
2,2021-11-01 06:54:19,2021-11-01 08:05:02,1.0,19.03,2.0,N,132,114,1,52.0,0.0,0.5,9.46,6.55,0.3,72.56,2.5,1.25
1,2021-11-01 06:21:47,2021-11-01 06:24:10,1.0,0.8,1.0,N,231,211,2,4.5,2.5,0.5,0.0,0.0,0.3,7.8,2.5,0.0
2,2021-11-01 06:17:17,2021-11-01 06:26:46,1.0,2.67,1.0,N,231,107,1,10.0,0.0,0.5,3.32,0.0,0.3,16.62,2.5,0.0
2,2021-11-01 06:34:32,2021-11-01 06:44:43,1.0,1.3,1.0,N,164,246,1,8.0,0.0,0.5,1.7,0.0,0.3,13.0,2.5,0.0
2,2021-11-01 06:52:43,2021-11-01 06:57:45,1.0,1.31,1.0,N,48,142,2,6.0,0.0,0.5,0.0,0.0,0.3,9.3,2.5,0.0
1,2021-11-01 06:25:17,2021-11-01 06:34:15,1.0,2.0,1.0,N,262,161,1,9.0,2.5,0.5,2.0,0.0,0.3,14.3,2.5,0.0
1,2021-11-01 06:51:08,2021-11-01 07:06:34,1.0,4.0,1.0,N,263,68,1,14.0,2.5,0.5,1.0,0.0,0.3,18.3,2.5,0.0
2,2021-11-01 06:13:50,2021-11-01 06:43:38,1.0,8.43,1.0,N,132,131,1,27.0,0.0,0.5,5.81,0.0,0.3,34.86,0.0,1.25
2,2021-11-01 06:18:26,2021-11-01 06:24:29,1.0,1.29,1.0,N,186,230,2,6.5,0.0,0.5,0.0,0.0,0.3,9.8,2.5,0.0
2,2021-11-01 06:26:31,2021-11-01 06:31:15,1.0,0.86,1.0,N,163,142,1,5.5,0.0,0.5,1.76,0.0,0.3,10.56,2.5,0.0
1,2021-11-01 06:24:04,2021-11-01 06:59:51,2.0,11.0,1.0,N,132,138,2,34.0,1.25,0.5,0.0,0.0,0.3,36.05,0.0,1.25
1,2021-11-01 06:53:12,2021-11-01 07:51:25,1.0,11.8,1.0,N,132,17,1,44.5,1.25,0.5,11.6,0.0,0.3,58.15,0.0,1.25
1,2021-11-01 06:24:31,2021-11-01 06:36:13,1.0,2.4,1.0,N,143,140,1,10.5,2.5,0.5,4.1,0.0,0.3,17.9,2.5,0.0
1,2021-11-01 06:43:51,2021-11-01 06:46:16,1.0,0.3,1.0,N,236,236,1,3.5,2.5,0.5,3.0,0.0,0.3,9.8,2.5,0.0
1,2021-11-01 06:48:10,2021-11-01 06:54:48,1.0,1.5,1.0,N,236,140,2,7.0,2.5,0.5,0.0,0.0,0.3,10.3,2.5,0.0
2,2021-11-01 06:39:14,2021-11-01 06:43:08,1.0,1.72,1.0,N,132,132,1,7.0,0.0,0.5,1.81,0.0,0.3,10.86,0.0,1.25
2,2021-11-01 06:23:54,2021-11-01 07:45:47,2.0,20.41,1.0,N,132,167,2,69.5,0.0,0.5,0.0,6.55,0.3,78.1,0.0,1.25
2,2021-11-01 06:00:09,2021-11-01 06:12:20,1.0,2.13,1.0,N,83,56,2,10.5,0.5,0.5,0.0,0.0,0.3,11.8,0.0,0.0
2,2021-11-01 06:33:28,2021-11-01 06:49:07,1.0,3.93,1.0,N,226,170,1,14.5,0.0,0.5,3.56,0.0,0.3,21.36,2.5,0.0
2,2021-11-01 06:56:58,2021-11-01 07:01:33,1.0,1.26,1.0,N,90,125,1,5.5,0.0,0.5,2.2,0.0,0.3,11.0,2.5,0.0
2,2021-11-01 06:42:15,2021-11-01 07:11:53,1.0,7.69,1.0,N,33,230,1,27.5,0.0,0.5,9.24,0.0,0.3,40.04,2.5,0.0
2,2021-11-01 06:21:40,2021-11-01 06:29:25,1.0,2.18,1.0,N,140,75,2,9.0,0.0,0.5,0.0,0.0,0.3,12.3,2.5,0.0
2,2021-11-01 06:39:11,2021-11-01 06:44:16,1.0,1.04,1.0,N,262,140,1,5.5,0.0,0.5,1.25,0.0,0.3,10.05,2.5,0.0
2,2021-11-01 06:48:20,2021-11-01 07:02:03,1.0,8.18,1.0,N,140,231,1,23.5,0.0,0.5,4.02,0.0,0.3,30.82,2.5,0.0
2,2021-11-01 06:49:36,2021-11-01 07:48:09,2.0,18.05,2.0,N,132,68,1,52.0,0.0,0.5,12.62,6.55,0.3,75.72,2.5,1.25
2,2021-11-01 06:38:15,2021-11-01 07:45:20,2.0,17.67,2.0,N,132,41,1,52.0,0.0,0.5,9.0,6.55,0.3,69.6,0.0,1.25
2,2021-11-01 06:42:23,2021-11-01 06:57:26,1.0,4.48,1.0,N,226,236,1,15.0,0.0,0.5,2.0,0.0,0.3,20.3,2.5,0.0
2,2021-11-01 06:29:40,2021-11-01 06:44:23,1.0,3.53,1.0,N,132,216,2,13.5,0.0,0.5,0.0,0.0,0.3,15.55,0.0,1.25
2,2021-11-01 06:36:28,2021-11-01 06:59:07,1.0,4.1,1.0,N,141,144,1,17.5,0.0,0.5,3.2,0.0,0.3,24.0,2.5,0.0
1,2021-11-01 06:38:43,2021-11-01 07:14:38,2.0,7.8,1.0,N,100,37,1,28.0,2.5,0.5,7.55,6.55,0.3,45.4,2.5,0.0
2,2021-11-01 06:11:06,2021-11-01 06:51:58,6.0,17.03,2.0,N,233,132,1,52.0,0.0,0.5,12.37,6.55,0.3,74.22,2.5,0.0
1,2021-11-01 06:06:03,2021-11-01 06:36:15,1.0,16.0,2.0,N,170,132,1,52.0,2.5,0.5,1.0,6.55,0.3,62.85,2.5,0.0
2,2021-11-01 06:57:00,2021-11-01 07:17:52,2.0,4.32,1.0,N,132,216,2,17.0,0.0,0.5,0.0,0.0,0.3,19.05,0.0,1.25
1,2021-11-01 06:46:16,2021-11-01 06:49:55,1.0,1.0,1.0,N,237,162,1,5.0,2.5,0.5,1.0,0.0,0.3,9.3,2.5,0.0
1,2021-11-01 06:58:46,2021-11-01 07:01:31,1.0,0.6,1.0,Y,170,170,1,4.0,2.5,0.5,1.0,0.0,0.3,8.3,2.5,0.0
2,2021-11-01 06:53:56,2021-11-01 07:02:07,1.0,1.92,1.0,N,238,230,1,8.5,0.0,0.5,1.77,0.0,0.3,13.57,2.5,0.0
1,2021-11-01 06:16:34,2021-11-01 06:24:45,1.0,1.5,1.0,N,186,107,1,8.0,2.5,0.5,2.25,0.0,0.3,13.55,2.5,0.0
1,2021-11-01 06:38:46,2021-11-01 06:43:13,1.0,0.9,1.0,N,186,161,1,5.5,2.5,0.5,0.0,0.0,0.3,8.8,2.5,0.0
1,2021-11-01 06:52:32,2021-11-01 06:57:52,1.0,1.0,1.0,N,186,161,2,5.5,2.5,0.5,0.0,0.0,0.3,8.8,2.5,0.0
2,2021-11-01 06:39:45,2021-11-01 06:43:00,1.0,1.36,1.0,N,79,137,1,5.5,0.0,0.5,1.76,0.0,0.3,10.56,2.5,0.0
2,2021-11-01 06:44:49,2021-11-01 06:52:19,1.0,1.48,1.0,N,233,162,2,7.5,0.0,0.5,0.0,0.0,0.3,10.8,2.5,0.0
2,2021-11-01 06:43:48,2021-11-01 06:56:31,1.0,2.93,1.0,N,238,141,1,12.0,0.0,0.5,3.06,0.0,0.3,18.36,2.5,0.0
1,2021-11-01 06:32:44,2021-11-01 06:35:01,1.0,0.7,1.0,N,43,236,1,4.0,2.5,0.5,1.83,0.0,0.3,9.13,2.5,0.0
1,2021-11-01 06:40:45,2021-11-01 06:57:53,2.0,3.5,1.0,N,262,100,2,14.5,2.5,0.5,0.0,0.0,0.3,17.8,2.5,0.0
1,2021-11-01 06:58:50,2021-11-01 07:03:09,1.0,0.9,1.0,N,48,163,1,5.5,2.5,0.5,1.0,0.0,0.3,9.8,2.5,0.0
2,2021-11-01 06:53:52,2021-11-01 07:25:42,2.0,16.34,2.0,N,170,132,1,52.0,0.0,0.5,9.0,6.55,0.3,70.85,2.5,0.0
2,2021-11-01 06:47:44,2021-11-01 06:58:10,1.0,1.63,1.0,N,246,90,1,9.0,0.0,0.5,1.0,0.0,0.3,13.3,2.5,0.0
1,2021-11-01 06:30:32,2021-11-01 06:47:22,0.0,6.0,1.0,N,132,205,2,19.5,1.25,0.5,0.0,0.0,0.3,21.55,0.0,1.25
1,2021-11-01 06:25:57,2021-11-01 06:40:28,1.0,3.2,1.0,N,141,100,1,13.0,2.5,0.5,2.0,0.0,0.3,18.3,2.5,0.0
1,2021-11-01 06:43:19,2021-11-01 06:51:39,1.0,1.5,1.0,N,48,234,1,8.0,2.5,0.5,5.0,0.0,0.3,16.3,2.5,0.0
2,2021-11-01 06:44:35,2021-11-01 07:37:34,1.0,18.13,1.0,N,132,51,1,54.5,0.0,0.5,12.37,6.55,0.3,75.47,0.0,1.25
2,2021-11-01 06:47:36,2021-11-01 06:50:05,1.0,0.55,1.0,N,48,230,1,4.0,0.0,0.5,0.0,0.0,0.3,7.3,2.5,0.0
2,2021-11-01 06:53:17,2021-11-01 07:15:10,1.0,5.0,1.0,N,230,41,1,18.5,0.0,0.5,2.0,0.0,0.3,23.8,2.5,0.0
1,2021-11-01 06:54:20,2021-11-01 07:04:29,1.0,2.9,1.0,N,263,233,1,11.0,2.5,0.5,1.5,0.0,0.3,15.8,2.5,0.0
2,2021-11-01 06:34:35,2021-11-01 06:47:14,1.0,2.79,1.0,N,79,230,1,11.5,0.0,0.5,2.08,0.0,0.3,16.88,2.5,0.0
2,2021-11-01 06:02:18,2021-11-01 06:13:01,2.0,5.8,1.0,N,239,244,1,17.5,0.0,0.5,4.88,0.0,0.3,25.68,2.5,0.0
2,2021-11-01 06:29:17,2021-11-01 06:53:45,2.0,9.06,1.0,N,151,138,1,28.5,0.0,0.5,7.17,6.55,0.3,43.02,0.0,0.0
2,2021-11-01 06:33:24,2021-11-01 06:47:54,1.0,2.67,1.0,N,238,141,1,12.0,0.0,0.5,1.0,0.0,0.3,16.3,2.5,0.0
2,2021-11-01 06:50:23,2021-11-01 06:59:23,1.0,1.37,1.0,N,141,162,1,8.0,0.0,0.5,2.26,0.0,0.3,13.56,2.5,0.0
1,2021-11-01 06:03:03,2021-11-01 06:09:40,1.0,1.2,1.0,N,236,237,1,6.5,2.5,0.5,2.45,0.0,0.3,12.25,2.5,0.0
1,2021-11-01 06:39:41,2021-11-01 06:53:11,1.0,2.7,1.0,N,43,42,1,12.5,2.5,0.5,2.2,0.0,0.3,18.0,2.5,0.0
1,2021-11-01 06:55:14,2021-11-01 07:33:15,1.0,9.9,1.0,N,42,231,2,34.0,2.5,0.5,0.0,0.0,0.3,37.3,2.5,0.0
2,2021-11-01 06:55:05,2021-11-01 07:01:49,6.0,2.7,1.0,N,239,246,1,9.0,0.0,0.5,2.0,0.0,0.3,14.3,2.5,0.0
1,2021-11-01 06:27:23,2021-11-01 06:52:57,2.0,11.8,1.0,N,230,138,1,34.5,2.5,0.5,8.85,6.55,0.3,53.2,2.5,0.0
2,2021-11-01 06:35:31,2021-11-01 06:43:12,1.0,1.53,1.0,N,186,161,1,7.5,0.0,0.5,3.24,0.0,0.3,14.04,2.5,0.0
2,2021-11-01 06:48:26,2021-11-01 06:54:28,1.0,1.08,1.0,N,162,137,1,6.0,0.0,0.5,1.86,0.0,0.3,11.16,2.5,0.0
2,2021-11-01 06:06:47,2021-11-01 06:18:15,1.0,3.96,1.0,N,142,42,1,13.0,0.0,0.5,1.0,0.0,0.3,17.3,2.5,0.0
2,2021-11-01 06:28:14,2021-11-01 07:06:34,1.0,11.46,1.0,N,24,17,1,37.5,0.0,0.5,8.16,0.0,0.3,48.96,2.5,0.0
1,2021-11-01 06:43:25,2021-11-01 06:46:50,2.0,1.3,1.0,Y,132,132,2,6.0,1.25,0.5,0.0,0.0,0.3,8.05,0.0,1.25
1,2021-11-01 06:42:31,2021-11-01 06:49:40,1.0,1.0,1.0,N,237,140,1,6.5,2.5,0.5,2.9,0.0,0.3,12.7,2.5,0.0
1,2021-11-01 06:59:25,2021-11-01 07:08:06,1.0,2.3,1.0,N,237,75,1,9.0,2.5,0.5,1.5,0.0,0.3,13.8,2.5,0.0
2,2021-11-01 06:19:32,2021-11-01 06:27:06,1.0,2.21,1.0,N,236,233,1,9.0,0.0,0.5,0.62,0.0,0.3,12.92,2.5,0.0
2,2021-11-01 06:44:56,2021-11-01 07:17:06,1.0,7.99,1.0,N,142,138,1,28.5,0.0,0.5,6.36,0.0,0.3,38.16,2.5,0.0
2,2021-11-01 06:26:36,2021-11-01 06:43:29,6.0,3.86,1.0,N,166,140,1,15.0,0.0,0.5,2.74,0.0,0.3,21.04,2.5,0.0
2,2021-11-01 06:18:04,2021-11-01 07:04:41,1.0,13.77,1.0,N,132,95,1,43.5,0.0,0.5,0.0,0.0,0.3,45.55,0.0,1.25
2,2021-11-01 06:29:01,2021-11-01 06:36:41,1.0,0.88,1.0,N,234,137,1,6.5,0.0,0.5,1.96,0.0,0.3,11.76,2.5,0.0
2,2021-11-01 06:47:54,2021-11-01 06:54:58,1.0,1.85,1.0,N,186,163,1,7.5,0.0,0.5,2.7,0.0,0.3,13.5,2.5,0.0
2,2021-11-01 05:57:16,2021-11-01 06:28:34,2.0,18.29,1.0,N,132,89,2,48.5,0.0,0.5,0.0,0.0,0.3,50.55,0.0,1.25
1,2021-11-01 06:08:59,2021-11-01 06:13:00,1.0,0.6,1.0,N,170,170,1,4.5,2.5,0.5,1.95,0.0,0.3,9.75,2.5,0.0
1,2021-11-01 06:30:31,2021-11-01 06:38:51,1.0,2.3,1.0,N,186,231,1,8.5,2.5,0.5,2.35,0.0,0.3,14.15,2.5,0.0
1,2021-11-01 06:40:26,2021-11-01 07:01:22,1.0,4.4,1.0,N,231,161,1,17.5,2.5,0.5,2.08,0.0,0.3,22.88,2.5,0.0
2,2021-11-01 06:52:36,2021-11-01 07:05:05,1.0,1.74,1.0,N,179,7,2,10.0,0.0,0.5,0.0,0.0,0.3,10.8,0.0,0.0
1,2021-11-01 06:24:49,2021-11-01 06:30:57,1.0,1.5,1.0,N,151,236,2,7.0,2.5,0.5,0.0,0.0,0.3,10.3,2.5,0.0
1,2021-11-01 06:31:57,2021-11-01 06:40:04,1.0,1.3,1.0,N,236,140,2,7.5,2.5,0.5,0.0,0.0,0.3,10.8,2.5,0.0
1,2021-11-01 06:28:14,2021-11-01 06:44:06,0.0,4.3,1.0,N,166,140,1,15.5,2.5,0.5,0.0,0.0,0.3,18.8,2.5,0.0
1,2021-11-01 06:47:35,2021-11-01 06:51:49,0.0,0.6,1.0,N,140,236,1,5.0,2.5,0.5,1.65,0.0,0.3,9.95,2.5,0.0
1,2021-11-01 06:53:06,2021-11-01 06:56:15,0.0,1.1,1.0,N,237,162,1,5.0,2.5,0.5,0.7,0.0,0.3,9.0,2.5,0.0
1,2021-11-01 06:52:37,2021-11-01 07:09:21,2.0,8.8,1.0,N,141,138,2,25.5,2.5,0.5,0.0,6.55,0.3,35.35,2.5,0.0
1,2021-11-01 06:01:30,2021-11-01 06:52:40,1.0,20.2,2.0,N,132,151,1,52.0,1.25,0.5,12.1,6.55,0.3,72.7,0.0,1.25
2,2021-11-01 06:05:04,2021-11-01 06:49:04,3.0,14.11,1.0,N,132,112,2,42.0,0.0,0.5,0.0,0.0,0.3,44.05,0.0,1.25
2,2021-11-01 06:46:07,2021-11-01 06:51:51,1.0,1.01,1.0,N,48,161,1,5.5,0.0,0.5,1.76,0.0,0.3,10.56,2.5,0.0
1,2021-11-01 06:48:18,2021-11-01 07:00:44,1.0,2.6,1.0,N,140,162,1,11.5,2.5,0.5,4.4,0.0,0.3,19.2,2.5,0.0
1,2021-11-01 06:41:00,2021-11-01 06:53:45,1.0,2.9,1.0,N,234,140,1,11.5,2.5,0.5,1.0,0.0,0.3,15.8,2.5,0.0
1,2021-11-01 06:59:08,2021-11-01 07:10:16,1.0,1.8,1.0,N,140,75,1,9.0,2.5,0.5,2.45,0.0,0.3,14.75,2.5,0.0
1,2021-11-01 06:42:43,2021-11-01 06:59:38,1.0,4.2,1.0,N,170,97,1,16.0,2.5,0.5,2.7,0.0,0.3,22.0,2.5,0.0
1,2021-11-01 06:52:15,2021-11-01 08:02:43,3.0,15.6,1.0,N,132,146,2,53.0,1.25,0.5,0.0,0.0,0.3,55.05,0.0,1.25
2,2021-11-01 06:57:41,2021-11-01 07:56:51,1.0,17.3,2.0,N,132,186,2,52.0,0.0,0.5,0.0,6.55,0.3,63.1,2.5,1.25
2,2021-11-01 06:11:01,2021-11-01 06:54:54,1.0,20.66,2.0,N,125,132,1,52.0,0.0,0.5,11.06,0.0,0.3,66.36,2.5,0.0
1,2021-11-01 06:11:43,2021-11-01 06:22:12,1.0,0.0,1.0,N,74,140,1,10.0,2.5,0.5,2.65,0.0,0.3,15.95,2.5,0.0
1,2021-11-01 06:35:46,2021-11-01 06:41:17,0.0,0.0,1.0,N,263,75,1,6.0,2.5,0.5,1.86,0.0,0.3,11.16,2.5,0.0
1,2021-11-01 06:44:14,2021-11-01 06:50:20,0.0,0.0,1.0,N,236,161,1,8.0,2.5,0.5,1.13,0.0,0.3,12.43,2.5,0.0
1,2021-11-01 06:59:59,2021-11-01 07:03:51,2.0,0.0,1.0,N,100,230,1,4.5,2.5,0.5,3.0,0.0,0.3,10.8,2.5,0.0
2,2021-11-01 06:07:46,2021-11-01 06:24:46,1.0,4.06,1.0,N,186,232,1,16.0,0.0,0.5,2.5,0.0,0.3,21.8,2.5,0.0
2,2021-11-01 06:29:33,2021-11-01 06:37:31,1.0,1.76,1.0,N,148,137,1,7.5,0.0,0.5,0.0,0.0,0.3,10.8,2.5,0.0
2,2021-11-01 06:40:46,2021-11-01 07:15:48,2.0,15.74,2.0,N,233,132,1,52.0,0.0,0.5,12.37,6.55,0.3,74.22,2.5,0.0
2,2021-11-01 06:32:11,2021-11-01 06:42:23,3.0,2.71,1.0,N,186,43,2,10.5,0.0,0.5,0.0,0.0,0.3,13.8,2.5,0.0
2,2021-11-01 06:47:57,2021-11-01 06:52:52,3.0,1.43,1.0,N,236,238,1,6.5,0.0,0.5,1.96,0.0,0.3,11.76,2.5,0.0
2,2021-11-01 06:19:42,2021-11-01 06:24:38,1.0,1.14,1.0,N,141,162,1,6.0,0.0,0.5,2.0,0.0,0.3,11.3,2.5,0.0
1,2021-11-01 06:04:15,2021-11-01 06:20:09,1.0,7.0,1.0,Y,140,127,1,22.5,2.5,0.5,0.0,0.0,0.3,25.8,2.5,0.0
1,2021-11-01 06:38:28,2021-11-01 06:53:23,1.0,2.5,1.0,N,152,75,1,11.5,0.0,0.5,3.05,0.0,0.3,15.35,0.0,0.0
2,2021-11-01 06:11:06,2021-11-01 06:18:48,1.0,1.76,1.0,N,186,163,2,7.5,0.0,0.5,0.0,0.0,0.3,10.8,2.5,0.0
2,2021-11-01 06:28:08,2021-11-01 06:38:05,1.0,2.18,1.0,N,186,237,1,9.0,0.0,0.5,2.5,0.0,0.3,14.8,2.5,0.0
2,2021-11-01 06:40:08,2021-11-01 06:44:02,1.0,0.88,1.0,N,237,161,1,5.0,0.0,0.5,1.0,0.0,0.3,9.3,2.5,0.0
2,2021-11-01 06:51:49,2021-11-01 06:57:10,1.0,0.55,1.0,N,186,164,2,5.0,0.0,0.5,0.0,0.0,0.3,8.3,2.5,0.0
2,2021-11-01 06:47:42,2021-11-01 06:51:34,1.0,0.81,1.0,N,262,236,1,5.0,0.0,0.5,2.49,0.0,0.3,10.79,2.5,0.0
2,2021-11-01 06:57:01,2021-11-01 07:02:27,1.0,1.5,1.0,N,75,74,2,6.5,0.0,0.5,0.0,0.0,0.3,7.3,0.0,0.0
2,2021-11-01 06:50:09,2021-11-02 00:00:00,1.0,2.47,1.0,N,100,140,1,12.0,0.0,0.5,3.82,0.0,0.3,19.12,2.5,0.0
2,2021-11-01 06:44:25,2021-11-01 08:12:40,1.0,25.72,1.0,N,132,220,1,81.5,0.0,0.5,17.77,6.55,0.3,107.87,0.0,1.25
2,2021-11-01 06:11:38,2021-11-01 06:30:52,4.0,8.9,1.0,N,236,231,1,26.5,0.0,0.5,3.0,0.0,0.3,32.8,2.5,0.0
2,2021-11-01 06:50:30,2021-11-01 07:00:15,3.0,3.02,1.0,N,231,186,1,10.5,0.0,0.5,2.76,0.0,0.3,16.56,2.5,0.0
2,2021-11-01 06:01:28,2021-11-01 06:09:40,6.0,0.9,1.0,N,100,162,1,7.0,0.0,0.5,3.09,0.0,0.3,13.39,2.5,0.0
2,2021-11-01 06:22:23,2021-11-01 06:29:44,6.0,1.95,1.0,N,186,237,1,8.0,0.0,0.5,2.26,0.0,0.3,13.56,2.5,0.0
2,2021-11-01 06:40:33,2021-11-01 07:21:49,6.0,17.28,2.0,N,230,132,1,52.0,0.0,0.5,7.0,6.55,0.3,68.85,2.5,0.0
2,2021-11-01 06:01:34,2021-11-01 06:36:40,1.0,18.26,1.0,N,132,178,2,49.0,0.0,0.5,0.0,0.0,0.3,51.05,0.0,1.25
2,2021-11-01 06:22:11,2021-11-01 06:31:57,1.0,2.77,1.0,N,236,230,1,10.0,0.0,0.5,2.66,0.0,0.3,15.96,2.5,0.0
2,2021-11-01 06:34:05,2021-11-01 06:39:13,1.0,1.05,1.0,N,230,186,1,6.0,0.0,0.5,1.86,0.0,0.3,11.16,2.5,0.0
2,2021-11-01 06:40:42,2021-11-01 06:47:20,1.0,2.41,1.0,N,186,231,1,8.5,0.0,0.5,1.18,0.0,0.3,12.98,2.5,0.0
2,2021-11-01 06:48:08,2021-11-01 07:03:45,1.0,3.68,1.0,N,231,161,1,14.0,0.0,0.5,3.46,0.0,0.3,20.76,2.5,0.0
2,2021-11-01 06:17:39,2021-11-01 06:22:37,1.0,1.4,1.0,N,236,43,1,6.5,0.0,0.5,1.96,0.0,0.3,11.76,2.5,0.0
2,2021-11-01 06:29:33,2021-11-01 06:39:19,1.0,2.04,1.0,N,142,140,1,9.0,0.0,0.5,1.23,0.0,0.3,13.53,2.5,0.0
2,2021-11-01 06:41:42,2021-11-01 06:59:33,1.0,9.46,1.0,N,140,138,1,27.5,0.0,0.5,7.47,6.55,0.3,44.82,2.5,0.0
1,2021-11-01 06:03:06,2021-11-01 06:20:41,0.0,7.0,1.0,N,132,135,1,20.0,1.25,0.5,4.4,0.0,0.3,26.45,0.0,1.25
2,2021-11-01 06:51:25,2021-11-01 07:11:15,3.0,4.05,1.0,N,186,43,1,16.5,0.0,0.5,4.0,0.0,0.3,23.8,2.5,0.0
1,2021-11-01 06:57:19,2021-11-01 07:05:34,1.0,2.8,1.0,N,262,137,1,10.0,2.5,0.5,2.65,0.0,0.3,15.95,2.5,0.0
2,2021-11-01 06:54:52,2021-11-01 07:07:57,4.0,3.35,1.0,N,24,161,1,12.5,0.0,0.5,3.16,0.0,0.3,18.96,2.5,0.0
2,2021-11-01 06:47:45,2021-11-01 06:56:17,1.0,2.03,1.0,N,24,75,2,8.5,0.0,0.5,0.0,0.0,0.3,9.3,0.0,0.0
2,2021-11-01 06:45:33,2021-11-01 06:49:35,1.0,0.97,1.0,N,79,137,1,5.0,0.0,0.5,1.66,0.0,0.3,9.96,2.5,0.0
2,2021-11-01 06:53:27,2021-11-01 07:01:25,1.0,1.0,1.0,N,229,161,2,6.5,0.0,0.5,0.0,0.0,0.3,9.8,2.5,0.0
1,2021-11-01 06:51:29,2021-11-01 07:19:35,1.0,10.5,1.0,N,70,136,1,32.5,0.0,0.5,2.0,6.55,0.3,41.85,0.0,0.0
2,2021-11-01 06:22:08,2021-11-01 06:24:17,2.0,0.79,1.0,N,48,48,2,4.5,0.0,0.5,0.0,0.0,0.3,7.8,2.5,0.0
2,2021-11-01 06:31:01,2021-11-01 06:39:27,2.0,1.65,1.0,N,100,162,1,8.0,0.0,0.5,2.82,0.0,0.3,14.12,2.5,0.0
2,2021-11-01 06:50:05,2021-11-01 07:00:50,1.0,1.63,1.0,N,142,141,1,9.0,0.0,0.5,0.0,0.0,0.3,12.3,2.5,0.0
1,2021-11-01 06:03:18,2021-11-01 06:09:28,2.0,1.1,1.0,N,237,140,1,6.5,3.0,0.5,2.55,0.0,0.3,12.85,2.5,0.0
2,2021-11-01 06:12:26,2021-11-01 06:56:19,2.0,10.33,1.0,N,132,130,1,38.0,0.0,0.5,8.01,0.0,0.3,48.06,0.0,1.25
2,2021-11-01 06:21:28,2021-11-01 07:22:29,2.0,17.73,2.0,N,132,48,1,52.0,0.0,0.5,12.62,6.55,0.3,75.72,2.5,1.25
2,2021-11-01 06:56:18,2021-11-01 07:08:53,1.0,3.34,1.0,N,231,246,1,12.0,0.0,0.5,3.06,0.0,0.3,18.36,2.5,0.0
2,2021-11-01 06:25:34,2021-11-01 06:30:30,1.0,1.03,1.0,N,24,75,2,5.5,0.0,0.5,0.0,0.0,0.3,6.3,0.0,0.0
2,2021-11-01 06:40:21,2021-11-01 06:46:40,1.0,1.97,1.0,N,239,50,1,8.0,0.0,0.5,1.2,0.0,0.3,12.5,2.5,0.0
2,2021-11-01 06:01:58,2021-11-01 06:05:51,1.0,0.69,1.0,N,162,163,1,5.0,0.0,0.5,1.0,0.0,0.3,9.3,2.5,0.0
2,2021-11-01 06:27:24,2021-11-01 06:45:58,1.0,6.33,1.0,N,143,87,1,20.0,0.0,0.5,4.66,0.0,0.3,27.96,2.5,0.0
2,2021-11-01 06:55:34,2021-11-01 07:05:36,1.0,2.93,1.0,N,158,161,1,10.5,0.0,0.5,2.07,0.0,0.3,15.87,2.5,0.0
2,2021-11-01 06:06:30,2021-11-01 06:14:13,1.0,2.16,1.0,N,143,161,1,8.5,0.0,0.5,1.0,0.0,0.3,12.8,2.5,0.0
2,2021-11-01 06:45:11,2021-11-01 07:01:50,1.0,3.49,1.0,N,263,68,1,14.0,0.0,0.5,3.46,0.0,0.3,20.76,2.5,0.0
2,2021-11-01 07:04:10,2021-11-01 07:21:38,1.0,5.06,1.0,N,68,74,1,16.5,0.0,0.5,3.96,0.0,0.3,23.76,2.5,0.0
1,2021-11-01 06:59:27,2021-11-01 08:03:27,2.0,16.5,1.0,N,132,112,1,55.5,1.25,0.5,11.51,0.0,0.3,69.06,0.0,1.25
1,2021-11-01 06:28:49,2021-11-01 07:02:46,1.0,0.0,1.0,Y,141,197,1,33.2,0.0,0.5,0.0,6.55,0.3,40.55,0.0,0.0
2,2021-11-01 06:34:48,2021-11-01 07:56:13,1.0,21.32,2.0,N,132,244,2,52.0,0.0,0.5,0.0,6.55,0.3,60.6,0.0,1.25
2,2021-11-01 06:37:22,2021-11-01 07:22:56,1.0,11.43,1.0,N,132,70,1,38.5,0.0,0.5,4.0,0.0,0.3,44.55,0.0,1.25
1,2021-11-01 06:28:01,2021-11-01 06:36:56,1.0,1.4,1.0,N,129,223,2,8.0,0.0,0.5,0.0,0.0,0.3,8.8,0.0,0.0
2,2021-11-01 06:04:30,2021-11-01 06:09:56,1.0,1.02,1.0,N,137,186,1,6.0,0.0,0.5,1.7,0.0,0.3,11.0,2.5,0.0
2,2021-11-01 06:13:13,2021-11-01 06:18:42,1.0,0.79,1.0,N,90,114,1,5.5,0.0,0.5,1.76,0.0,0.3,10.56,2.5,0.0
2,2021-11-01 06:33:16,2021-11-01 06:36:28,1.0,1.11,1.0,N,249,186,1,5.0,0.0,0.5,1.66,0.0,0.3,9.96,2.5,0.0
2,2021-11-01 06:45:34,2021-11-01 06:54:20,1.0,1.25,1.0,N,186,230,1,7.5,0.0,0.5,2.16,0.0,0.3,12.96,2.5,0.0
2,2021-11-01 06:58:55,2021-11-01 07:07:43,1.0,0.97,1.0,N,230,162,1,7.0,0.0,0.5,2.06,0.0,0.3,12.36,2.5,0.0
1,2021-11-01 06:33:15,2021-11-01 07:08:34,1.0,10.9,1.0,N,42,88,1,35.0,2.5,0.5,7.65,0.0,0.3,45.95,2.5,0.0
2,2021-11-01 05:59:49,2021-11-01 06:37:06,1.0,20.46,2.0,N,13,132,1,52.0,0.0,0.5,10.0,0.0,0.3,65.3,2.5,0.0
2,2021-11-01 06:28:20,2021-11-01 06:30:07,1.0,0.05,1.0,N,132,132,2,3.0,0.0,0.5,0.0,0.0,0.3,5.05,0.0,1.25
2,2021-11-01 06:05:49,2021-11-01 06:09:22,1.0,0.85,1.0,N,186,161,1,5.0,0.0,0.5,2.08,0.0,0.3,10.38,2.5,0.0
2,2021-11-01 06:13:58,2021-11-01 06:20:49,1.0,1.31,1.0,N,186,137,1,7.0,0.0,0.5,2.06,0.0,0.3,12.36,2.5,0.0
2,2021-11-01 06:30:49,2021-11-01 06:34:46,1.0,0.82,1.0,N,230,246,1,5.0,0.0,0.5,3.0,0.0,0.3,11.3,2.5,0.0
2,2021-11-01 06:35:29,2021-11-01 06:37:42,1.0,0.82,1.0,N,246,246,1,4.5,0.0,0.5,0.0,0.0,0.3,7.8,2.5,0.0
2,2021-11-01 06:48:57,2021-11-01 06:58:36,1.0,2.43,1.0,N,186,144,1,9.5,0.0,0.5,2.56,0.0,0.3,15.36,2.5,0.0
2,2021-11-01 06:04:55,2021-11-01 06:15:48,4.0,2.99,1.0,N,239,68,1,11.5,0.0,0.5,3.7,0.0,0.3,18.5,2.5,0.0
2,2021-11-01 06:17:50,2021-11-01 06:33:05,4.0,3.58,1.0,N,186,13,1,14.5,0.0,0.5,4.45,0.0,0.3,22.25,2.5,0.0
1,2021-11-01 06:45:55,2021-11-01 06:53:31,1.0,1.6,1.0,N,90,230,1,8.0,2.5,0.5,2.0,0.0,0.3,13.3,2.5,0.0
2,2021-11-01 06:41:12,2021-11-01 06:45:45,1.0,0.72,1.0,N,237,161,2,5.0,0.0,0.5,0.0,0.0,0.3,8.3,2.5,0.0
1,2021-11-01 06:07:22,2021-11-01 06:56:40,2.0,18.6,2.0,N,132,263,1,52.0,1.25,0.5,12.1,6.55,0.3,72.7,0.0,1.25
2,2021-11-01 06:32:14,2021-11-01 06:43:01,1.0,2.96,1.0,N,141,107,1,11.0,0.0,0.5,2.86,0.0,0.3,17.16,2.5,0.0
2,2021-11-01 06:45:20,2021-11-01 06:54:31,1.0,1.72,1.0,N,107,246,1,8.5,0.0,0.5,1.0,0.0,0.3,12.8,2.5,0.0
2,2021-11-01 06:30:09,2021-11-01 06:36:19,1.0,1.14,1.0,N,48,161,1,6.0,0.0,0.5,1.86,0.0,0.3,11.16,2.5,0.0
2,2021-11-01 06:41:45,2021-11-01 07:07:02,2.0,9.42,1.0,N,237,138,1,30.0,0.0,0.5,7.97,6.55,0.3,47.82,2.5,0.0
1,2021-11-01 06:43:05,2021-11-01 07:13:21,0.0,6.7,1.0,N,132,130,1,24.5,1.25,0.5,0.0,13.75,0.3,40.3,0.0,1.25
2,2021-11-01 05:59:06,2021-11-01 06:05:43,1.0,1.76,1.0,N,249,234,1,7.5,0.0,0.5,2.16,0.0,0.3,12.96,2.5,0.0
2,2021-11-01 06:37:44,2021-11-01 06:46:19,1.0,1.62,1.0,N,68,161,1,8.0,0.0,0.5,2.26,0.0,0.3,13.56,2.5,0.0
2,2021-11-01 06:06:21,2021-11-01 06:10:32,1.0,1.45,1.0,N,75,237,1,6.0,0.0,0.5,1.86,0.0,0.3,11.16,2.5,0.0
2,2021-11-01 06:22:57,2021-11-01 06:29:46,1.0,0.94,1.0,N,100,161,1,6.0,0.0,0.5,1.0,0.0,0.3,10.3,2.5,0.0
2,2021-11-01 06:38:09,2021-11-01 06:40:24,1.0,0.49,1.0,N,100,230,1,4.0,0.0,0.5,1.0,0.0,0.3,8.3,2.5,0.0
2,2021-11-01 06:45:38,2021-11-01 06:56:52,1.0,3.11,1.0,N,48,43,1,11.5,0.0,0.5,2.96,0.0,0.3,17.76,2.5,0.0
1,2021-11-01 06:30:44,2021-11-01 06:36:20,1.0,1.3,1.0,N,229,137,1,6.5,2.5,0.5,1.0,0.0,0.3,10.8,2.5,0.0
1,2021-11-01 06:40:07,2021-11-01 06:48:42,1.0,3.2,1.0,Y,107,256,2,11.5,2.5,0.5,0.0,0.0,0.3,14.8,2.5,0.0
1,2021-11-01 06:32:04,2021-11-01 06:40:29,1.0,1.7,1.0,N,238,41,2,8.0,2.5,0.5,0.0,0.0,0.3,11.3,2.5,0.0
1,2021-11-01 06:49:35,2021-11-01 07:20:24,1.0,6.2,1.0,N,151,226,1,24.5,2.5,0.5,5.56,0.0,0.3,33.36,2.5,0.0
1,2021-11-01 06:22:45,2021-11-01 06:24:16,1.0,0.3,1.0,N,261,209,3,3.5,2.5,0.5,0.0,0.0,0.3,6.8,2.5,0.0
1,2021-11-01 06:37:06,2021-11-01 06:44:06,2.0,1.1,1.0,N,186,161,1,6.5,2.5,0.5,1.0,0.0,0.3,10.8,2.5,0.0
2,2021-11-01 06:12:30,2021-11-01 06:44:37,2.0,17.79,2.0,N,75,132,1,52.0,0.0,0.5,11.87,6.55,0.3,71.22,0.0,0.0
2,2021-11-01 06:39:32,2021-11-01 06:46:32,1.0,2.16,1.0,N,239,161,1,8.0,0.0,0.5,2.26,0.0,0.3,13.56,2.5,0.0
2,2021-11-01 06:06:56,2021-11-01 06:14:51,2.0,1.02,1.0,N,230,246,1,7.0,0.0,0.5,2.06,0.0,0.3,12.36,2.5,0.0
2,2021-11-01 06:52:17,2021-11-01 07:00:21,1.0,1.53,1.0,N,170,141,2,7.5,0.0,0.5,0.0,0.0,0.3,10.8,2.5,0.0
2,2021-11-01 06:23:22,2021-11-01 06:37:08,1.0,5.89,1.0,N,132,10,2,18.0,0.0,0.5,0.0,0.0,0.3,20.05,0.0,1.25
1,2021-11-01 06:29:52,2021-11-01 06:41:28,1.0,3.6,1.0,N,231,230,1,12.5,2.5,0.5,3.15,0.0,0.3,18.95,2.5,0.0
1,2021-11-01 06:55:42,2021-11-01 07:27:29,1.0,15.4,3.0,N,113,1,1,61.0,0.0,0.0,8.0,13.75,0.3,83.05,0.0,0.0
2,2021-11-01 06:21:12,2021-11-01 06:37:56,1.0,2.83,1.0,N,186,140,1,13.0,0.0,0.5,4.89,0.0,0.3,21.19,2.5,0.0
2,2021-11-01 06:46:14,2021-11-01 06:52:57,1.0,1.67,1.0,N,237,230,1,7.0,0.0,0.5,2.06,0.0,0.3,12.36,2.5,0.0
2,2021-11-01 06:52:59,2021-11-01 07:05:12,1.0,1.9,1.0,N,233,68,1,9.5,0.0,0.5,3.84,0.0,0.3,16.64,2.5,0.0
2,2021-11-01 06:37:17,2021-11-01 06:56:49,1.0,5.88,1.0,N,132,130,2,19.5,0.0,0.5,0.0,0.0,0.3,21.55,0.0,1.25
2,2021-11-01 06:29:52,2021-11-01 06:47:58,3.0,3.74,1.0,N,113,145,1,14.5,2.5,0.5,4.87,6.55,0.3,29.22,0.0,0.0
1,2021-11-01 06:37:57,2021-11-01 06:45:31,1.0,1.0,1.0,N,161,100,2,6.5,2.5,0.5,0.0,0.0,0.3,9.8,2.5,0.0
1,2021-11-01 06:48:27,2021-11-01 06:55:18,1.0,1.2,1.0,Y,48,163,1,6.5,2.5,0.5,1.95,0.0,0.3,11.75,2.5,0.0
1,2021-11-01 06:19:34,2021-11-01 06:22:32,0.0,1.0,1.0,N,148,107,1,5.0,2.5,0.5,2.05,0.0,0.3,10.35,2.5,0.0
1,2021-11-01 06:47:04,2021-11-01 06:53:37,0.0,2.6,1.0,N,107,140,2,9.0,2.5,0.5,0.0,0.0,0.3,12.3,2.5,0.0
1,2021-11-01 06:54:23,2021-11-01 07:02:42,1.0,1.9,1.0,Y,141,75,1,8.0,2.5,0.5,2.26,0.0,0.3,13.56,2.5,0.0
1,2021-11-01 06:56:36,2021-11-01 07:30:58,0.0,7.0,1.0,N,249,179,2,26.5,2.5,0.5,0.0,0.0,0.3,29.8,2.5,0.0
2,2021-11-01 06:34:59,2021-11-01 07:46:24,1.0,16.39,1.0,N,132,255,1,53.0,0.0,0.5,5.0,0.0,0.3,60.05,0.0,1.25
2,2021-11-01 06:43:28,2021-11-01 06:56:23,1.0,3.01,1.0,N,100,140,1,12.0,0.0,0.5,3.06,0.0,0.3,18.36,2.5,0.0
2,2021-11-01 06:57:54,2021-11-01 07:16:08,1.0,3.6,1.0,N,140,113,1,14.5,0.0,0.5,3.56,0.0,0.3,21.36,2.5,0.0
2,2021-11-01 06:34:12,2021-11-01 06:38:22,1.0,1.28,1.0,N,236,141,2,5.5,0.0,0.5,0.0,0.0,0.3,8.8,2.5,0.0
2,2021-11-01 06:47:41,2021-11-01 07:00:59,1.0,7.01,1.0,N,262,88,1,21.0,0.0,0.5,4.86,0.0,0.3,29.16,2.5,0.0
1,2021-11-01 06:59:46,2021-11-01 07:41:20,2.0,9.4,1.0,N,138,162,1,34.0,3.75,0.5,9.0,6.55,0.3,54.1,2.5,1.25
1,2021-11-01 06:47:39,2021-11-01 07:02:50,1.0,2.4,1.0,N,141,48,2,12.0,2.5,0.5,0.0,0.0,0.3,15.3,2.5,0.0
2,2021-11-01 06:52:29,2021-11-01 08:00:31,1.0,18.9,2.0,N,132,113,1,52.0,0.0,0.5,12.62,6.55,0.3,75.72,2.5,1.25
2,2021-11-01 06:17:00,2021-11-01 06:24:28,1.0,3.27,1.0,N,263,168,1,10.5,0.0,0.5,3.45,0.0,0.3,17.25,2.5,0.0
2,2021-11-01 06:56:04,2021-11-01 07:03:15,1.0,2.21,1.0,N,236,170,1,8.5,0.0,0.5,2.95,0.0,0.3,14.75,2.5,0.0
1,2021-11-01 06:27:33,2021-11-01 06:48:09,2.0,8.0,1.0,N,90,244,2,25.5,2.5,0.5,0.0,0.0,0.3,28.8,2.5,0.0
1,2021-11-01 06:30:27,2021-11-01 06:41:48,1.0,3.3,1.0,N,68,239,1,12.0,2.5,0.5,2.5,0.0,0.3,17.8,2.5,0.0
1,2021-11-01 06:52:37,2021-11-01 07:07:17,1.0,3.8,1.0,N,48,75,1,14.0,2.5,0.5,0.0,0.0,0.3,17.3,2.5,0.0
1,2021-11-01 06:23:40,2021-11-01 06:35:52,1.0,2.5,1.0,N,140,142,1,11.5,2.5,0.5,2.0,0.0,0.3,16.8,2.5,0.0
1,2021-11-01 06:43:58,2021-11-01 07:05:03,1.0,4.6,1.0,N,143,244,1,18.5,2.5,0.5,6.5,0.0,0.3,28.3,2.5,0.0
1,2021-11-01 06:22:07,2021-11-01 06:26:30,1.0,0.9,1.0,N,142,239,1,5.5,2.5,0.5,1.2,0.0,0.3,10.0,2.5,0.0
1,2021-11-01 06:40:06,2021-11-01 06:45:17,1.0,1.1,1.0,N,151,239,1,6.0,2.5,0.5,1.86,0.0,0.3,11.16,2.5,0.0
1,2021-11-01 06:49:58,2021-11-01 06:56:25,2.0,1.2,1.0,N,186,161,1,6.5,2.5,0.5,1.96,0.0,0.3,11.76,2.5,0.0
2,2021-11-01 06:07:11,2021-11-01 06:11:24,1.0,0.75,1.0,N,137,224,1,5.0,0.0,0.5,1.66,0.0,0.3,9.96,2.5,0.0
2,2021-11-01 06:12:32,2021-11-01 06:21:51,1.0,3.43,1.0,N,224,87,1,12.5,0.0,0.5,2.8,0.0,0.3,18.6,2.5,0.0
2,2021-11-01 06:54:20,2021-11-01 07:07:10,1.0,5.44,1.0,N,143,244,1,17.5,0.0,0.5,4.16,0.0,0.3,24.96,2.5,0.0
2,2021-11-01 06:20:56,2021-11-01 06:29:32,1.0,2.26,1.0,N,140,161,1,9.5,0.0,0.5,1.2,0.0,0.3,14.0,2.5,0.0
2,2021-11-01 06:31:15,2021-11-01 06:35:26,2.0,1.0,1.0,N,152,166,2,5.5,0.0,0.5,0.0,0.0,0.3,6.3,0.0,0.0
2,2021-11-01 06:40:35,2021-11-01 06:56:45,2.0,4.21,1.0,N,41,162,1,15.0,0.0,0.5,3.66,0.0,0.3,21.96,2.5,0.0
1,2021-11-01 06:25:23,2021-11-01 06:31:59,1.0,1.6,1.0,N,263,237,1,7.0,2.5,0.5,2.55,0.0,0.3,12.85,2.5,0.0
1,2021-11-01 06:35:07,2021-11-01 06:39:28,1.0,0.7,1.0,N,237,140,2,5.0,2.5,0.5,0.0,0.0,0.3,8.3,2.5,0.0
1,2021-11-01 06:45:09,2021-11-01 06:56:41,1.0,3.7,1.0,N,263,247,1,13.5,2.5,0.5,1.0,0.0,0.3,17.8,2.5,0.0
2,2021-11-01 06:09:44,2021-11-01 06:17:58,1.0,3.06,1.0,N,107,140,1,11.0,0.0,0.5,2.86,0.0,0.3,17.16,2.5,0.0
2,2021-11-01 06:18:51,2021-11-01 06:26:37,1.0,1.79,1.0,N,140,162,1,8.0,0.0,0.5,1.5,0.0,0.3,12.8,2.5,0.0
2,2021-11-01 06:36:29,2021-11-01 06:47:11,1.0,4.42,1.0,N,107,226,1,13.5,0.0,0.5,7.0,6.55,0.3,30.35,2.5,0.0
1,2021-11-01 06:41:09,2021-11-01 06:53:41,1.0,3.6,1.0,N,79,140,1,12.5,2.5,0.5,1.5,0.0,0.3,17.3,2.5,0.0
1,2021-11-01 06:55:08,2021-11-01 06:59:35,1.0,0.7,1.0,N,141,262,2,5.0,2.5,0.5,0.0,0.0,0.3,8.3,2.5,0.0
2,2021-11-01 06:36:40,2021-11-01 07:37:42,1.0,21.77,2.0,N,132,13,1,52.0,0.0,0.5,10.0,6.55,0.3,73.1,2.5,1.25
2,2021-11-01 06:46:29,2021-11-01 06:56:55,1.0,2.91,1.0,N,229,90,1,10.5,0.0,0.5,3.0,0.0,0.3,16.8,2.5,0.0
2,2021-11-01 06:25:58,2021-11-01 07:00:51,3.0,13.11,1.0,N,61,38,2,40.0,0.0,0.5,0.0,0.0,0.3,40.8,0.0,0.0
2,2021-11-01 06:52:37,2021-11-01 07:47:41,1.0,17.69,2.0,N,132,164,1,52.0,0.0,0.5,10.0,6.55,0.3,73.1,2.5,1.25
2,2021-11-01 06:10:44,2021-11-01 06:14:45,1.0,1.29,1.0,N,186,230,1,6.0,0.5,0.5,1.96,0.0,0.3,11.76,2.5,0.0
2,2021-11-01 06:27:28,2021-11-01 06:35:06,1.0,1.4,1.0,N,48,162,1,7.0,0.0,0.5,2.06,0.0,0.3,12.36,2.5,0.0
2,2021-11-01 06:43:19,2021-11-01 06:48:31,1.0,1.81,1.0,N,186,125,1,7.0,0.0,0.5,2.06,0.0,0.3,12.36,2.5,0.0
2,2021-11-01 06:21:53,2021-11-01 06:24:26,1.0,0.77,1.0,N,170,137,1,4.5,0.0,0.5,0.5,0.0,0.3,8.3,2.5,0.0
2,2021-11-01 06:42:40,2021-11-01 06:50:11,1.0,1.35,1.0,N,162,43,1,7.0,0.0,0.5,2.0,0.0,0.3,12.3,2.5,0.0
2,2021-11-01 06:58:49,2021-11-01 07:06:22,1.0,2.36,1.0,N,186,231,2,8.5,0.0,0.5,0.0,0.0,0.3,11.8,2.5,0.0
2,2021-11-01 06:32:21,2021-11-01 07:17:09,1.0,17.52,2.0,N,113,132,1,52.0,0.0,0.5,12.37,6.55,0.3,74.22,2.5,0.0
2,2021-11-01 06:55:30,2021-11-01 06:59:16,1.0,0.79,1.0,N,237,162,2,5.0,0.0,0.5,0.0,0.0,0.3,8.3,2.5,0.0
2,2021-11-01 06:31:49,2021-11-01 06:43:14,1.0,2.83,1.0,N,151,230,1,11.5,0.0,0.5,2.0,0.0,0.3,16.8,2.5,0.0
2,2021-11-01 06:48:29,2021-11-01 06:53:16,1.0,0.89,1.0,N,100,164,1,5.5,0.0,0.5,2.2,0.0,0.3,11.0,2.5,0.0
2,2021-11-01 07:01:34,2021-11-01 07:09:27,1.0,1.61,1.0,N,140,162,1,7.5,0.0,0.5,1.0,0.0,0.3,11.8,2.5,0.0
2,2021-11-01 05:56:57,2021-11-01 06:16:15,1.0,11.86,1.0,N,170,138,1,33.0,0.0,0.5,8.57,6.55,0.3,51.42,2.5,0.0
1,2021-11-01 06:15:00,2021-11-01 06:24:30,1.0,1.8,1.0,N,170,143,2,9.0,2.5,0.5,0.0,0.0,0.3,12.3,2.5,0.0
1,2021-11-01 06:32:14,2021-11-01 06:38:24,1.0,1.8,1.0,N,142,161,1,7.5,2.5,0.5,2.15,0.0,0.3,12.95,2.5,0.0
1,2021-11-01 06:49:47,2021-11-01 06:59:43,1.0,2.5,1.0,N,236,43,1,10.0,2.5,0.5,1.33,0.0,0.3,14.63,2.5,0.0
2,2021-11-01 06:07:26,2021-11-01 06:17:01,1.0,2.48,1.0,N,239,68,1,10.0,0.0,0.5,1.33,0.0,0.3,14.63,2.5,0.0
2,2021-11-01 06:07:13,2021-11-01 06:43:21,2.0,18.69,1.0,N,132,22,2,52.0,0.0,0.5,0.0,0.0,0.3,54.05,0.0,1.25
1,2021-11-01 06:31:01,2021-11-01 07:30:58,1.0,17.7,2.0,N,132,170,1,52.0,3.75,0.5,12.6,6.55,0.3,75.7,2.5,1.25
2,2021-11-01 06:00:48,2021-11-01 06:08:03,1.0,1.22,1.0,N,186,233,1,7.0,0.0,0.5,0.0,0.0,0.3,10.3,2.5,0.0
2,2021-11-01 06:12:01,2021-11-01 06:34:56,1.0,5.69,1.0,N,137,7,1,20.5,0.0,0.5,0.0,0.0,0.3,23.8,2.5,0.0
2,2021-11-01 06:50:47,2021-11-01 07:04:19,2.0,2.08,1.0,N,249,148,1,11.0,0.0,0.5,2.86,0.0,0.3,17.16,2.5,0.0
2,2021-11-01 06:58:48,2021-11-01 07:06:07,1.0,2.04,1.0,N,236,230,1,8.0,0.0,0.5,2.83,0.0,0.3,14.13,2.5,0.0
1,2021-11-01 06:42:01,2021-11-01 06:47:37,1.0,1.5,1.0,N,231,249,1,6.5,2.5,0.5,1.95,0.0,0.3,11.75,2.5,0.0
1,2021-11-01 06:52:23,2021-11-01 06:56:46,1.0,1.6,1.0,N,90,231,1,6.5,2.5,0.5,1.95,0.0,0.3,11.75,2.5,0.0
2,2021-11-01 05:59:18,2021-11-01 05:59:25,5.0,0.0,1.0,N,75,75,2,2.5,0.0,0.5,0.0,0.0,0.3,3.3,0.0,0.0
2,2021-11-01 06:56:32,2021-11-01 07:00:48,5.0,1.2,1.0,N,236,140,2,5.5,0.0,0.5,0.0,0.0,0.3,8.8,2.5,0.0
2,2021-11-01 06:16:50,2021-11-01 06:35:11,1.0,3.35,1.0,N,186,140,1,14.0,0.0,0.5,3.46,0.0,0.3,20.76,2.5,0.0
2,2021-11-01 06:47:23,2021-11-01 06:51:22,1.0,0.81,1.0,N,162,137,2,5.0,0.0,0.5,0.0,0.0,0.3,8.3,2.5,0.0
2,2021-11-01 06:53:34,2021-11-01 06:58:35,1.0,1.6,1.0,N,233,141,1,6.5,0.0,0.5,1.47,0.0,0.3,11.27,2.5,0.0
2,2021-11-01 06:35:47,2021-11-01 07:07:38,1.0,13.33,1.0,N,132,16,1,37.5,0.0,0.5,7.91,0.0,0.3,47.46,0.0,1.25
1,2021-11-01 06:13:38,2021-11-01 06:23:37,1.0,2.6,1.0,N,164,140,1,9.5,2.5,0.5,5.0,0.0,0.3,17.8,2.5,0.0
1,2021-11-01 06:28:51,2021-11-01 06:46:26,1.0,4.0,1.0,N,140,168,1,16.5,2.5,0.5,1.0,0.0,0.3,20.8,2.5,0.0
2,2021-11-01 06:01:50,2021-11-01 06:21:07,1.0,4.19,1.0,N,230,7,2,17.0,0.0,0.5,0.0,0.0,0.3,20.3,2.5,0.0
2,2021-11-01 06:07:13,2021-11-01 06:11:30,1.0,1.06,1.0,N,186,234,2,5.0,0.0,0.5,0.0,0.0,0.3,8.3,2.5,0.0
2,2021-11-01 06:29:23,2021-11-01 06:33:40,1.0,0.81,1.0,N,186,161,2,5.0,0.0,0.5,0.0,0.0,0.3,8.3,2.5,0.0
2,2021-11-01 06:38:30,2021-11-01 06:42:42,1.0,1.08,1.0,N,100,90,1,5.5,0.0,0.5,1.76,0.0,0.3,10.56,2.5,0.0
2,2021-11-01 06:44:58,2021-11-01 06:54:48,1.0,3.14,1.0,N,186,236,1,10.5,0.0,0.5,1.0,0.0,0.3,14.8,2.5,0.0
2,2021-11-01 06:39:05,2021-11-01 06:41:40,1.0,0.5,1.0,N,100,48,1,4.0,0.0,0.5,1.46,0.0,0.3,8.76,2.5,0.0
2,2021-11-01 06:47:33,2021-11-01 06:50:28,1.0,0.83,1.0,N,143,238,1,4.5,0.0,0.5,1.0,0.0,0.3,8.8,2.5,0.0
2,2021-11-01 06:40:29,2021-11-01 07:09:32,2.0,10.79,1.0,N,142,138,1,33.5,0.0,0.5,8.67,6.55,0.3,52.02,2.5,0.0
2,2021-11-01 06:25:49,2021-11-01 06:30:45,1.0,1.42,1.0,N,186,48,1,6.5,0.0,0.5,1.96,0.0,0.3,11.76,2.5,0.0
2,2021-11-01 06:38:16,2021-11-01 06:43:45,1.0,0.9,1.0,N,100,161,1,5.5,0.0,0.5,1.0,0.0,0.3,9.8,2.5,0.0
2,2021-11-01 07:02:02,2021-11-01 07:15:12,1.0,3.17,1.0,N,170,148,2,12.0,0.0,0.5,0.0,0.0,0.3,15.3,2.5,0.0
2,2021-11-01 06:52:41,2021-11-01 06:59:37,1.0,1.36,1.0,N,186,161,1,6.5,0.0,0.5,0.98,0.0,0.3,10.78,2.5,0.0
1,2021-11-01 06:51:19,2021-11-01 07:13:22,1.0,4.0,1.0,N,42,141,1,17.0,2.5,0.5,4.05,0.0,0.3,24.35,2.5,0.0
1,2021-11-01 06:25:30,2021-11-01 06:31:42,1.0,1.0,1.0,N,48,161,1,6.0,2.5,0.5,2.0,0.0,0.3,11.3,2.5,0.0
1,2021-11-01 06:39:49,2021-11-01 06:44:30,1.0,0.9,1.0,Y,48,161,1,5.5,2.5,0.5,2.2,0.0,0.3,11.0,2.5,0.0
1,2021-11-01 06:51:51,2021-11-01 06:57:35,1.0,1.2,1.0,N,100,246,1,6.0,2.5,0.5,1.85,0.0,0.3,11.15,2.5,0.0
1,2021-11-01 06:44:46,2021-11-01 07:42:23,2.0,33.8,1.0,N,231,132,1,90.5,2.5,0.5,0.0,6.55,0.3,100.35,2.5,0.0
2,2021-11-01 06:59:44,2021-11-01 07:41:35,6.0,9.56,1.0,N,138,237,1,34.5,0.0,0.5,7.0,6.55,0.3,52.6,2.5,1.25
2,2021-11-01 06:19:57,2021-11-01 06:21:25,1.0,0.52,1.0,N,140,263,1,3.5,0.0,0.5,1.2,0.0,0.3,8.0,2.5,0.0
2,2021-11-01 06:26:48,2021-11-01 06:42:04,1.0,6.28,1.0,N,263,244,1,20.0,0.0,0.5,4.66,0.0,0.3,27.96,2.5,0.0
2,2021-11-01 06:43:43,2021-11-01 07:00:19,1.0,7.35,1.0,N,244,246,1,22.0,0.0,0.5,6.33,0.0,0.3,31.63,2.5,0.0
2,2021-11-01 06:43:32,2021-11-01 06:51:56,1.0,1.88,1.0,N,237,233,1,8.0,0.0,0.5,2.26,0.0,0.3,13.56,2.5,0.0
2,2021-11-01 06:55:15,2021-11-01 07:04:37,1.0,1.8,1.0,N,170,142,1,8.5,0.0,0.5,3.54,0.0,0.3,15.34,2.5,0.0
2,2021-11-01 06:20:36,2021-11-01 06:34:03,1.0,3.73,1.0,N,151,244,1,14.0,0.0,0.5,2.96,0.0,0.3,17.76,0.0,0.0
2,2021-11-01 06:50:53,2021-11-01 07:04:06,1.0,3.32,1.0,N,238,68,2,13.0,0.0,0.5,0.0,0.0,0.3,16.3,2.5,0.0
2,2021-11-01 06:12:32,2021-11-01 06:16:34,1.0,0.93,1.0,N,262,140,2,5.0,0.0,0.5,0.0,0.0,0.3,8.3,2.5,0.0
2,2021-11-01 06:52:52,2021-11-01 07:03:37,1.0,3.31,1.0,N,107,141,2,11.5,0.0,0.5,0.0,0.0,0.3,14.8,2.5,0.0
2,2021-11-01 06:47:24,2021-11-01 07:01:14,1.0,3.24,1.0,N,262,230,1,12.5,0.0,0.5,3.16,0.0,0.3,18.96,2.5,0.0
1,2021-11-01 06:52:05,2021-11-01 06:56:19,1.0,0.5,1.0,N,166,152,2,5.0,0.0,0.5,0.0,0.0,0.3,5.8,0.0,0.0
2,2021-11-01 06:51:44,2021-11-01 07:01:12,1.0,1.87,1.0,N,239,48,1,8.5,0.0,0.5,2.36,0.0,0.3,14.16,2.5,0.0
2,2021-11-01 06:17:40,2021-11-01 06:33:04,1.0,4.3,1.0,N,48,13,1,15.5,0.0,0.5,0.0,0.0,0.3,18.8,2.5,0.0
1,2021-11-01 06:13:18,2021-11-01 06:20:21,2.0,1.5,1.0,N,264,141,2,7.5,2.5,0.5,0.0,0.0,0.3,10.8,2.5,0.0
1,2021-11-01 06:28:38,2021-11-01 06:42:23,1.0,7.9,1.0,N,262,138,1,23.0,2.5,0.5,6.55,6.55,0.3,39.4,2.5,0.0
2,2021-11-01 06:34:19,2021-11-01 07:46:59,4.0,17.62,2.0,N,132,74,1,52.0,0.0,0.5,6.0,6.55,0.3,66.6,0.0,1.25
1,2021-11-01 06:43:58,2021-11-01 06:51:42,1.0,2.3,1.0,N,236,162,1,9.0,2.5,0.5,1.85,0.0,0.3,14.15,2.5,0.0
1,2021-11-01 06:56:06,2021-11-01 07:05:38,1.0,2.6,1.0,N,162,239,2,9.5,2.5,0.5,0.0,0.0,0.3,12.8,2.5,0.0
2,2021-11-01 06:05:13,2021-11-01 06:08:53,1.0,1.56,1.0,N,233,140,1,6.0,0.5,0.5,1.0,0.0,0.3,10.8,2.5,0.0
2,2021-11-01 06:26:59,2021-11-01 06:36:28,1.0,2.52,1.0,N,140,230,1,10.0,0.0,0.5,2.66,0.0,0.3,15.96,2.5,0.0
2,2021-11-01 06:50:07,2021-11-01 07:00:33,1.0,3.21,1.0,N,246,13,1,12.0,0.0,0.5,2.3,0.0,0.3,17.6,2.5,0.0
2,2021-11-01 06:43:15,2021-11-01 06:55:51,1.0,2.63,1.0,N,151,230,1,11.5,0.0,0.5,2.96,0.0,0.3,17.76,2.5,0.0
2,2021-11-01 06:13:26,2021-11-01 07:12:42,1.0,20.23,2.0,N,132,238,1,52.0,0.0,0.5,11.87,6.55,0.3,72.47,0.0,1.25
1,2021-11-01 06:02:24,2021-11-01 06:06:42,1.0,1.3,1.0,N,50,43,2,6.0,2.5,0.5,0.0,0.0,0.3,9.3,2.5,0.0
1,2021-11-01 06:10:09,2021-11-01 06:20:09,1.0,2.3,1.0,N,142,162,2,9.5,2.5,0.5,0.0,0.0,0.3,12.8,2.5,0.0
1,2021-11-01 06:29:08,2021-11-01 06:43:14,1.0,3.1,1.0,N,186,140,1,13.0,2.5,0.5,3.25,0.0,0.3,19.55,2.5,0.0
1,2021-11-01 06:41:36,2021-11-01 06:56:16,1.0,3.4,1.0,N,161,231,2,13.0,2.5,0.5,0.0,0.0,0.3,16.3,2.5,0.0
1,2021-11-01 06:52:47,2021-11-01 07:25:25,1.0,4.3,1.0,N,179,137,2,21.0,2.5,0.5,0.0,0.0,0.3,24.3,2.5,0.0
1,2021-11-01 06:02:35,2021-11-01 06:13:26,1.0,2.1,1.0,N,48,137,1,10.0,2.5,0.5,1.0,0.0,0.3,14.3,2.5,0.0
1,2021-11-01 06:14:54,2021-11-01 06:40:31,2.0,17.4,1.0,N,137,108,1,46.5,2.5,0.5,7.0,0.0,0.3,56.8,2.5,0.0
2,2021-11-01 06:43:55,2021-11-01 06:50:05,2.0,0.75,1.0,N,41,75,1,6.0,0.0,0.5,0.0,0.0,0.3,6.8,0.0,0.0
2,2021-11-01 06:54:28,2021-11-01 07:12:52,2.0,8.58,1.0,N,43,138,1,25.0,0.0,0.5,6.97,6.55,0.3,41.82,2.5,0.0
1,2021-11-01 06:15:44,2021-11-01 06:20:41,1.0,0.9,1.0,N,236,141,1,6.0,2.5,0.5,1.0,0.0,0.3,10.3,2.5,0.0
1,2021-11-01 06:26:40,2021-11-01 06:41:35,1.0,8.0,1.0,N,262,138,1,23.5,2.5,0.5,3.0,6.55,0.3,36.35,2.5,0.0
2,2021-11-01 06:54:07,2021-11-01 07:04:52,1.0,1.1,1.0,N,74,75,1,8.0,0.0,0.5,1.76,0.0,0.3,10.56,0.0,0.0
2,2021-11-01 06:14:27,2021-11-01 06:23:16,5.0,2.93,1.0,N,249,43,1,10.5,0.0,0.5,4.14,0.0,0.3,17.94,2.5,0.0
2,2021-11-01 06:25:30,2021-11-01 07:08:31,5.0,17.78,2.0,N,163,132,1,52.0,0.0,0.5,15.46,6.55,0.3,77.31,2.5,0.0
2,2021-11-01 06:17:31,2021-11-01 06:22:01,1.0,1.28,1.0,N,263,237,1,5.5,0.0,0.5,1.76,0.0,0.3,10.56,2.5,0.0
2,2021-11-01 06:25:44,2021-11-01 06:29:28,1.0,1.47,1.0,N,237,75,1,6.0,0.0,0.5,1.4,0.0,0.3,10.7,2.5,0.0
2,2021-11-01 06:42:00,2021-11-01 06:48:51,1.0,2.08,1.0,N,140,162,2,8.5,0.0,0.5,0.0,0.0,0.3,11.8,2.5,0.0
2,2021-11-01 06:56:25,2021-11-01 07:12:35,1.0,9.84,1.0,N,229,241,1,27.5,0.0,0.5,0.0,0.0,0.3,30.8,2.5,0.0
2,2021-11-01 06:15:49,2021-11-01 06:22:16,1.0,1.97,1.0,N,263,162,2,7.5,0.0,0.5,0.0,0.0,0.3,10.8,2.5,0.0
2,2021-11-01 06:24:52,2021-11-01 06:38:45,1.0,4.07,1.0,N,162,231,1,13.5,0.0,0.5,3.36,0.0,0.3,20.16,2.5,0.0
1,2021-11-01 06:24:50,2021-11-01 07:18:18,1.0,18.0,2.0,N,132,234,1,52.0,3.75,0.5,10.0,6.55,0.3,73.1,2.5,1.25
1,2021-11-01 06:02:36,2021-11-01 06:35:38,1.0,19.2,2.0,N,249,132,1,52.0,2.5,0.5,15.0,0.0,0.3,70.3,2.5,0.0
2,2021-11-01 06:17:37,2021-11-01 06:22:46,1.0,2.19,1.0,N,236,74,1,7.5,0.0,0.5,1.62,0.0,0.3,12.42,2.5,0.0
2,2021-11-01 06:34:30,2021-11-01 06:38:25,1.0,0.76,1.0,N,236,75,1,5.0,0.0,0.5,1.0,0.0,0.3,9.3,2.5,0.0
2,2021-11-01 06:45:50,2021-11-01 06:51:37,1.0,1.36,1.0,N,236,140,1,6.5,0.0,0.5,0.0,0.0,0.3,9.8,2.5,0.0
2,2021-11-01 06:57:17,2021-11-01 07:09:22,1.0,2.84,1.0,N,263,161,1,11.5,0.0,0.5,2.07,0.0,0.3,16.87,2.5,0.0
1,2021-11-01 06:56:38,2021-11-01 07:02:18,1.0,1.4,1.0,N,239,48,1,6.5,2.5,0.5,1.95,0.0,0.3,11.75,2.5,0.0
2,2021-11-01 06:14:08,2021-11-01 07:08:50,1.0,19.75,2.0,N,132,141,1,52.0,0.0,0.5,5.0,6.55,0.3,68.1,2.5,1.25
2,2021-11-01 06:15:12,2021-11-01 06:35:07,3.0,4.38,1.0,N,40,107,2,16.5,0.0,0.5,0.0,0.0,0.3,19.8,2.5,0.0
2,2021-11-01 06:42:09,2021-11-01 06:47:23,3.0,1.03,1.0,N,170,162,1,5.5,0.0,0.5,2.2,0.0,0.3,11.0,2.5,0.0
2,2021-11-01 06:46:52,2021-11-01 06:48:20,1.0,0.52,1.0,N,140,262,1,3.5,0.0,0.5,1.02,0.0,0.3,7.82,2.5,0.0
2,2021-11-01 06:49:25,2021-11-01 07:00:03,1.0,2.93,1.0,N,262,161,1,11.0,0.0,0.5,1.2,0.0,0.3,15.5,2.5,0.0
1,2021-11-01 06:47:22,2021-11-01 06:59:25,1.0,3.4,1.0,N,142,234,1,12.0,2.5,0.5,2.0,0.0,0.3,17.3,2.5,0.0
2,2021-11-01 06:41:55,2021-11-01 08:06:17,2.0,10.27,1.0,N,241,75,1,55.5,0.0,0.5,0.0,6.55,0.3,62.85,0.0,0.0
1,2021-11-01 06:57:00,2021-11-01 07:18:57,0.0,5.9,1.0,N,236,261,1,20.0,2.5,0.5,4.66,0.0,0.3,27.96,2.5,0.0
2,2021-11-01 06:04:44,2021-11-01 06:37:39,1.0,15.94,1.0,N,132,208,1,44.5,0.0,0.5,10.62,6.55,0.3,63.72,0.0,1.25
2,2021-11-01 06:19:36,2021-11-01 07:09:36,2.0,16.28,2.0,N,132,229,1,52.0,0.0,0.5,10.0,0.0,0.3,66.55,2.5,1.25
2,2021-11-01 06:13:19,2021-11-01 06:40:09,1.0,11.69,1.0,N,48,138,2,35.0,0.0,0.5,0.0,6.55,0.3,44.85,2.5,0.0
1,2021-11-01 06:14:50,2021-11-01 06:20:56,1.0,1.6,1.0,Y,100,162,1,6.5,2.5,0.5,1.95,0.0,0.3,11.75,2.5,0.0
1,2021-11-01 06:34:21,2021-11-01 06:42:10,1.0,1.7,1.0,N,48,237,1,8.0,2.5,0.5,7.0,0.0,0.3,18.3,2.5,0.0
1,2021-11-01 06:47:43,2021-11-01 06:50:15,1.0,0.9,1.0,N,162,107,1,4.5,2.5,0.5,1.55,0.0,0.3,9.35,2.5,0.0
2,2021-11-01 06:41:58,2021-11-01 07:08:10,2.0,11.61,1.0,N,231,192,1,35.0,0.0,0.5,5.74,0.0,0.3,44.04,2.5,0.0
1,2021-11-01 06:40:10,2021-11-01 06:44:05,1.0,0.8,1.0,N,142,230,1,5.0,2.5,0.5,1.65,0.0,0.3,9.95,2.5,0.0
1,2021-11-01 06:50:16,2021-11-01 07:11:56,1.0,11.4,1.0,N,142,138,1,32.0,2.5,0.5,12.55,6.55,0.3,54.4,2.5,0.0
1,2021-11-01 06:48:46,2021-11-01 07:01:52,1.0,2.7,1.0,N,125,164,1,11.5,2.5,0.5,1.0,0.0,0.3,15.8,2.5,0.0
2,2021-11-01 06:02:42,2021-11-01 06:12:09,1.0,1.91,1.0,N,143,237,1,9.5,0.0,0.5,2.56,0.0,0.3,15.36,2.5,0.0
2,2021-11-01 06:23:01,2021-11-01 06:33:37,1.0,2.49,1.0,N,229,246,1,10.0,0.0,0.5,2.66,0.0,0.3,15.96,2.5,0.0
2,2021-11-01 06:46:26,2021-11-01 06:52:40,1.0,1.66,1.0,N,68,142,1,7.0,0.0,0.5,2.06,0.0,0.3,12.36,2.5,0.0
2,2021-11-01 06:56:27,2021-11-01 07:09:48,1.0,5.49,1.0,N,143,244,1,18.0,0.0,0.5,4.26,0.0,0.3,25.56,2.5,0.0
2,2021-11-01 06:15:01,2021-11-01 06:18:26,1.0,1.26,1.0,N,162,137,1,5.5,0.0,0.5,1.76,0.0,0.3,10.56,2.5,0.0
2,2021-11-01 06:19:56,2021-11-01 06:24:50,1.0,1.62,1.0,N,137,79,2,6.5,0.0,0.5,0.0,0.0,0.3,9.8,2.5,0.0
2,2021-11-01 06:30:18,2021-11-01 06:42:10,1.0,2.81,1.0,N,144,186,1,11.0,0.0,0.5,2.86,0.0,0.3,17.16,2.5,0.0
2,2021-11-01 06:46:44,2021-11-01 06:53:32,1.0,1.61,1.0,N,186,50,1,7.5,0.0,0.5,2.16,0.0,0.3,12.96,2.5,0.0
2,2021-11-01 06:19:03,2021-11-01 07:09:35,1.0,21.08,2.0,N,132,88,1,52.0,0.0,0.5,10.0,6.55,0.3,73.1,2.5,1.25
2,2021-11-01 06:31:44,2021-11-01 06:45:52,1.0,2.61,1.0,N,263,142,2,12.5,0.0,0.5,0.0,0.0,0.3,15.8,2.5,0.0
2,2021-11-01 06:26:52,2021-11-01 07:21:42,1.0,17.97,1.0,N,132,248,2,54.5,0.0,0.5,0.0,6.55,0.3,63.1,0.0,1.25
2,2021-11-01 06:24:55,2021-11-01 07:22:16,1.0,18.95,2.0,N,132,125,1,52.0,0.0,0.5,4.0,6.55,0.3,67.1,2.5,1.25
2,2021-11-01 06:10:33,2021-11-01 06:15:40,1.0,1.8,1.0,N,186,158,1,7.0,0.0,0.5,1.54,0.0,0.3,11.84,2.5,0.0
2,2021-11-01 06:21:06,2021-11-01 06:28:04,1.0,2.21,1.0,N,90,162,2,8.5,0.0,0.5,0.0,0.0,0.3,11.8,2.5,0.0
2,2021-11-01 06:28:48,2021-11-01 06:43:41,1.0,4.29,1.0,N,162,24,1,15.0,0.0,0.5,1.5,0.0,0.3,19.8,2.5,0.0
2,2021-11-01 06:50:21,2021-11-01 06:58:26,1.0,2.06,1.0,N,238,163,2,9.0,0.0,0.5,0.0,0.0,0.3,12.3,2.5,0.0
2,2021-11-01 06:11:33,2021-11-01 06:15:50,1.0,0.0,1.0,N,140,263,2,4.5,0.0,0.5,0.0,0.0,0.3,7.8,2.5,0.0
2,2021-11-01 06:19:38,2021-11-01 06:26:37,1.0,0.0,1.0,N,263,161,1,5.5,0.0,0.5,1.32,0.0,0.3,10.12,2.5,0.0
2,2021-11-01 06:34:59,2021-11-01 06:44:47,1.0,0.0,1.0,N,141,74,1,7.0,0.0,0.5,2.0,0.0,0.3,12.3,2.5,0.0
2,2021-11-01 06:58:29,2021-11-01 07:10:34,1.0,0.0,1.0,N,263,161,1,8.5,0.0,0.5,2.36,0.0,0.3,14.16,2.5,0.0
2,2021-11-01 06:10:29,2021-11-01 06:32:53,1.0,4.14,1.0,N,41,159,2,18.0,0.0,0.5,0.0,0.0,0.3,18.8,0.0,0.0
1,2021-11-01 06:04:06,2021-11-01 06:24:43,1.0,9.9,1.0,N,234,138,1,28.5,2.5,0.5,9.55,6.55,0.3,47.9,2.5,0.0
2,2021-11-01 06:38:12,2021-11-01 06:40:52,1.0,0.51,1.0,N,237,140,2,4.0,0.0,0.5,0.0,0.0,0.3,7.3,2.5,0.0
2,2021-11-01 06:43:11,2021-11-01 06:50:02,1.0,2.38,1.0,N,141,75,1,8.5,0.0,0.5,2.36,0.0,0.3,14.16,2.5,0.0
1,2021-11-01 06:25:39,2021-11-01 06:29:36,0.0,1.5,1.0,N,229,263,2,6.0,2.5,0.5,0.0,0.0,0.3,9.3,2.5,0.0
1,2021-11-01 06:32:57,2021-11-01 06:45:06,0.0,3.1,1.0,N,263,42,1,12.0,2.5,0.5,1.5,0.0,0.3,16.8,2.5,0.0
1,2021-11-01 06:40:14,2021-11-01 06:46:01,1.0,1.6,1.0,Y,68,163,2,7.0,2.5,0.5,0.0,0.0,0.3,10.3,2.5,0.0
1,2021-11-01 06:47:09,2021-11-01 06:53:26,1.0,1.4,1.0,N,230,246,1,7.0,2.5,0.5,2.05,0.0,0.3,12.35,2.5,0.0
1,2021-11-01 06:21:53,2021-11-01 06:31:30,1.0,1.7,1.0,N,186,161,1,8.5,2.5,0.5,3.5,0.0,0.3,15.3,2.5,0.0
1,2021-11-01 06:45:32,2021-11-01 07:04:39,1.0,3.0,1.0,N,186,236,1,14.5,2.5,0.5,4.45,0.0,0.3,22.25,2.5,0.0
1,2021-11-01 06:47:25,2021-11-01 06:55:25,1.0,2.4,1.0,Y,239,161,2,9.0,2.5,0.5,0.0,0.0,0.3,12.3,2.5,0.0
1,2021-11-01 06:59:59,2021-11-01 07:25:33,1.0,10.6,1.0,N,164,127,2,32.5,2.5,0.5,0.0,0.0,0.3,35.8,2.5,0.0
2,2021-11-01 06:43:42,2021-11-01 07:57:20,1.0,19.47,2.0,N,132,142,1,52.0,0.0,0.5,12.37,6.55,0.3,75.47,2.5,1.25
1,2021-11-01 06:08:03,2021-11-01 06:18:12,1.0,1.8,1.0,N,239,141,2,9.5,2.5,0.5,0.0,0.0,0.3,12.8,2.5,0.0
1,2021-11-01 06:35:49,2021-11-01 06:43:01,1.0,2.0,1.0,N,236,163,1,8.5,2.5,0.5,2.35,0.0,0.3,14.15,2.5,0.0
1,2021-11-01 06:22:09,2021-11-01 06:29:05,1.0,2.5,1.0,N,186,231,1,9.0,2.5,0.5,2.45,0.0,0.3,14.75,2.5,0.0
1,2021-11-01 06:32:31,2021-11-01 06:46:45,1.0,3.8,1.0,N,231,164,1,13.5,2.5,0.5,3.35,0.0,0.3,20.15,2.5,0.0
1,2021-11-01 06:57:45,2021-11-01 07:06:17,1.0,2.1,1.0,N,186,163,2,9.0,2.5,0.5,0.0,0.0,0.3,12.3,2.5,0.0
2,2021-11-01 06:27:17,2021-11-01 06:37:14,5.0,3.03,1.0,N,236,48,1,10.5,0.0,0.5,2.0,0.0,0.3,15.8,2.5,0.0
2,2021-11-01 06:45:00,2021-11-01 06:59:06,5.0,2.15,1.0,N,142,140,1,11.0,0.0,0.5,1.0,0.0,0.3,15.3,2.5,0.0
2,2021-11-01 06:50:17,2021-11-01 07:08:57,1.0,7.49,5.0,N,236,82,1,22.65,0.0,0.5,3.19,6.55,0.3,33.19,0.0,0.0
2,2021-11-01 06:10:48,2021-11-01 06:13:53,1.0,0.88,1.0,N,48,163,1,5.0,0.0,0.5,1.66,0.0,0.3,9.96,2.5,0.0
2,2021-11-01 06:22:14,2021-11-01 06:24:40,1.0,0.67,1.0,N,48,230,1,4.0,0.0,0.5,1.0,0.0,0.3,8.3,2.5,0.0
2,2021-11-01 06:29:37,2021-11-01 06:29:46,1.0,0.0,5.0,N,230,230,1,320.0,0.0,0.0,0.0,0.0,0.3,322.8,2.5,0.0
2,2021-11-01 06:17:45,2021-11-01 07:09:07,1.0,18.85,2.0,N,132,262,1,52.0,0.0,0.5,7.0,6.55,0.3,70.1,2.5,1.25
2,2021-11-01 06:46:51,2021-11-01 06:51:52,1.0,1.21,1.0,N,236,162,1,6.0,0.0,0.5,1.7,0.0,0.3,11.0,2.5,0.0
2,2021-11-01 06:57:39,2021-11-01 07:03:17,1.0,1.4,1.0,N,236,162,1,6.5,0.0,0.5,2.45,0.0,0.3,12.25,2.5,0.0
1,2021-11-01 06:08:05,2021-11-01 06:24:48,1.0,5.0,1.0,N,48,42,2,16.5,2.5,0.5,0.0,0.0,0.3,19.8,2.5,0.0
2,2021-11-01 06:28:32,2021-11-01 06:36:07,1.0,1.37,1.0,N,237,230,1,7.0,0.0,0.5,2.06,0.0,0.3,12.36,2.5,0.0
2,2021-11-01 06:42:45,2021-11-01 06:47:36,1.0,0.98,1.0,N,142,237,1,5.5,0.0,0.5,1.2,0.0,0.3,10.0,2.5,0.0
2,2021-11-01 06:58:18,2021-11-01 07:13:56,1.0,4.73,1.0,N,142,231,1,16.0,0.0,0.5,3.86,0.0,0.3,23.16,2.5,0.0
2,2021-11-01 06:13:47,2021-11-01 06:18:31,1.0,1.02,1.0,N,100,161,1,5.5,0.0,0.5,1.76,0.0,0.3,10.56,2.5,0.0
2,2021-11-01 06:27:46,2021-11-01 06:35:55,1.0,2.52,1.0,N,100,237,2,9.5,0.0,0.5,0.0,0.0,0.3,12.8,2.5,0.0
1,2021-11-01 06:02:29,2021-11-01 06:08:18,1.0,1.2,1.0,N,107,186,1,6.5,2.5,0.5,1.95,0.0,0.3,11.75,2.5,0.0
1,2021-11-01 06:11:13,2021-11-01 06:17:07,1.0,1.8,1.0,N,186,142,1,7.0,2.5,0.5,3.05,0.0,0.3,13.35,2.5,0.0
1,2021-11-01 06:20:54,2021-11-01 06:42:11,1.0,9.7,1.0,N,239,138,1,28.5,2.5,0.5,7.65,6.55,0.3,46.0,2.5,0.0
2,2021-11-01 06:24:52,2021-11-01 06:37:57,1.0,8.0,1.0,N,262,65,1,22.5,0.0,0.5,10.2,0.0,0.3,36.0,2.5,0.0
2,2021-11-01 06:47:11,2021-11-01 06:58:39,1.0,3.71,1.0,N,148,141,1,12.5,0.0,0.5,2.37,0.0,0.3,18.17,2.5,0.0
1,2021-11-01 06:44:06,2021-11-01 06:49:17,2.0,1.5,1.0,N,79,137,1,6.5,2.5,0.5,1.18,0.0,0.3,10.98,2.5,0.0
1,2021-11-01 06:52:52,2021-11-01 06:56:54,1.0,1.0,1.0,N,229,141,1,5.0,2.5,0.5,1.65,0.0,0.3,9.95,2.5,0.0
1,2021-11-01 06:57:57,2021-11-01 07:08:55,1.0,1.8,1.0,N,140,142,2,9.5,2.5,0.5,0.0,0.0,0.3,12.8,2.5,0.0
2,2021-11-01 06:48:09,2021-11-01 07:01:45,1.0,3.0,1.0,N,239,229,1,12.5,0.0,0.5,2.0,0.0,0.3,17.8,2.5,0.0
2,2021-11-01 06:54:46,2021-11-01 07:03:16,1.0,1.73,1.0,N,141,163,1,8.0,0.0,0.5,1.5,0.0,0.3,12.8,2.5,0.0
1,2021-11-01 06:50:43,2021-11-01 06:54:27,1.0,1.3,1.0,N,263,141,1,5.5,2.5,0.5,1.75,0.0,0.3,10.55,2.5,0.0
1,2021-11-01 06:59:05,2021-11-01 07:18:20,1.0,2.9,1.0,N,263,166,1,14.5,2.5,0.5,3.55,0.0,0.3,21.35,2.5,0.0
1,2021-11-01 06:46:04,2021-11-01 07:27:46,1.0,17.4,2.0,N,230,132,2,52.0,2.5,0.5,0.0,6.55,0.3,61.85,2.5,0.0
1,2021-11-01 06:23:37,2021-11-01 06:33:27,1.0,3.5,1.0,N,132,218,2,12.5,1.25,0.5,0.0,0.0,0.3,14.55,0.0,1.25
2,2021-11-01 06:37:32,2021-11-01 07:37:46,2.0,18.09,2.0,N,132,79,1,52.0,0.0,0.5,12.37,6.55,0.3,75.47,2.5,1.25
1,2021-11-01 06:04:18,2021-11-01 06:32:47,1.0,8.7,1.0,N,100,138,2,28.5,2.5,0.5,0.0,6.55,0.3,38.35,2.5,0.0
1,2021-11-01 06:05:31,2021-11-01 06:14:38,1.0,2.5,1.0,N,90,237,1,9.5,3.0,0.5,1.7,0.0,0.3,15.0,2.5,0.0
1,2021-11-01 06:41:40,2021-11-01 06:51:53,1.0,1.7,1.0,N,186,158,2,8.5,2.5,0.5,0.0,0.0,0.3,11.8,2.5,0.0
1,2021-11-01 06:58:06,2021-11-01 07:01:33,1.0,0.8,1.0,N,141,236,1,4.5,2.5,0.5,1.56,0.0,0.3,9.36,2.5,0.0
1,2021-11-01 06:13:18,2021-11-01 06:32:10,1.0,3.0,1.0,N,262,226,2,15.0,2.5,0.5,0.0,0.0,0.3,18.3,2.5,0.0
1,2021-11-01 06:44:56,2021-11-01 06:49:59,1.0,1.4,1.0,N,141,263,1,6.5,2.5,0.5,2.0,0.0,0.3,11.8,2.5,0.0
1,2021-11-01 06:52:06,2021-11-01 06:55:39,1.0,0.8,1.0,N,263,236,2,4.5,2.5,0.5,0.0,0.0,0.3,7.8,2.5,0.0
1,2021-11-01 06:58:22,2021-11-01 07:04:51,1.0,1.6,1.0,N,236,162,1,7.0,2.5,0.5,2.05,0.0,0.3,12.35,2.5,0.0
2,2021-11-01 06:31:56,2021-11-01 06:40:11,1.0,2.2,1.0,N,48,236,1,9.0,0.0,0.5,0.0,0.0,0.3,12.3,2.5,0.0
2,2021-11-01 06:41:34,2021-11-01 07:01:10,1.0,6.23,1.0,N,236,243,2,20.0,0.0,0.5,0.0,0.0,0.3,23.3,2.5,0.0
1,2021-11-01 06:39:39,2021-11-01 06:51:25,1.0,2.4,1.0,N,100,237,1,10.5,2.5,0.5,2.75,0.0,0.3,16.55,2.5,0.0
1,2021-11-01 06:52:49,2021-11-01 06:59:03,1.0,1.2,1.0,N,237,142,1,6.5,2.5,0.5,4.0,0.0,0.3,13.8,2.5,0.0
2,2021-11-01 06:20:28,2021-11-01 07:03:35,1.0,9.93,1.0,N,132,37,2,34.5,0.0,0.5,0.0,0.0,0.3,36.55,0.0,1.25
2,2021-11-01 06:36:23,2021-11-01 06:45:36,1.0,1.41,1.0,N,186,162,1,8.0,0.0,0.5,2.26,0.0,0.3,13.56,2.5,0.0
2,2021-11-01 06:49:17,2021-11-01 06:53:14,1.0,0.75,1.0,N,162,170,1,4.5,0.0,0.5,1.56,0.0,0.3,9.36,2.5,0.0
2,2021-11-01 06:12:10,2021-11-01 06:57:16,1.0,19.59,2.0,N,151,132,1,52.0,0.0,0.5,11.78,6.12,0.3,70.7,0.0,0.0
1,2021-11-01 06:07:59,2021-11-01 06:14:12,1.0,1.3,1.0,N,186,142,1,6.5,2.5,0.5,2.45,0.0,0.3,12.25,2.5,0.0
1,2021-11-01 06:26:56,2021-11-01 06:29:05,1.0,0.6,1.0,N,48,246,2,4.0,2.5,0.5,0.0,0.0,0.3,7.3,2.5,0.0
1,2021-11-01 06:34:13,2021-11-01 06:42:33,1.0,1.3,1.0,Y,246,234,1,7.5,2.5,0.5,2.15,0.0,0.3,12.95,2.5,0.0
2,2021-11-01 06:24:46,2021-11-01 07:33:07,1.0,19.25,2.0,N,132,41,1,52.0,0.0,0.5,12.12,6.55,0.3,72.72,0.0,1.25
2,2021-11-01 06:03:23,2021-11-01 06:15:54,1.0,2.68,1.0,N,48,125,1,11.0,0.0,0.5,2.86,0.0,0.3,17.16,2.5,0.0
2,2021-11-01 06:26:46,2021-11-01 06:31:11,1.0,0.9,1.0,N,48,161,1,5.5,0.0,0.5,1.0,0.0,0.3,9.8,2.5,0.0
2,2021-11-01 06:37:17,2021-11-01 06:50:22,1.0,3.92,1.0,N,48,13,2,14.0,0.0,0.5,0.0,0.0,0.3,17.3,2.5,0.0
2,2021-11-01 06:58:54,2021-11-01 07:06:38,1.0,2.06,1.0,N,158,100,1,8.5,0.0,0.5,2.02,0.0,0.3,13.82,2.5,0.0
1,2021-11-01 06:13:47,2021-11-01 06:21:34,1.0,1.8,1.0,N,170,229,1,8.0,2.5,0.5,2.25,0.0,0.3,13.55,2.5,0.0
1,2021-11-01 06:33:55,2021-11-01 06:38:51,2.0,1.3,1.0,N,262,140,1,6.0,2.5,0.5,1.85,0.0,0.3,11.15,2.5,0.0
1,2021-11-01 06:48:20,2021-11-01 06:59:30,1.0,2.8,1.0,N,262,163,1,11.0,2.5,0.5,4.25,0.0,0.3,18.55,2.5,0.0
1,2021-11-01 06:17:27,2021-11-01 06:35:33,1.0,6.8,1.0,N,125,42,1,20.0,2.5,0.5,4.65,0.0,0.3,27.95,2.5,0.0
2,2021-11-01 06:09:51,2021-11-01 06:15:25,4.0,2.13,1.0,N,236,161,1,8.0,0.0,0.5,2.82,0.0,0.3,14.12,2.5,0.0
2,2021-11-01 06:22:07,2021-11-01 06:27:49,3.0,1.23,1.0,N,237,163,1,6.5,0.0,0.5,1.96,0.0,0.3,11.76,2.5,0.0
2,2021-11-01 06:36:58,2021-11-01 06:46:45,3.0,2.56,1.0,N,143,164,1,10.5,0.0,0.5,2.2,0.0,0.3,16.0,2.5,0.0
2,2021-11-01 06:53:58,2021-11-01 07:06:42,4.0,3.94,1.0,N,113,140,1,13.0,0.0,0.5,4.08,0.0,0.3,20.38,2.5,0.0
1,2021-11-01 06:01:16,2021-11-01 06:28:52,0.0,17.3,3.0,N,230,1,1,65.0,0.0,0.0,1.0,13.75,0.3,80.05,0.0,0.0
2,2021-11-01 06:03:02,2021-11-01 06:50:51,1.0,17.96,2.0,N,132,230,1,52.0,0.0,0.5,12.37,6.55,0.3,75.47,2.5,1.25
2,2021-11-01 06:44:39,2021-11-01 07:01:04,1.0,8.72,1.0,N,141,231,1,25.0,0.0,0.5,4.24,0.0,0.3,32.54,2.5,0.0
1,2021-11-01 06:52:42,2021-11-01 08:10:45,1.0,17.4,1.0,N,132,256,1,59.0,1.25,0.5,12.2,0.0,0.3,73.25,0.0,1.25
2,2021-11-01 06:37:42,2021-11-01 06:48:22,1.0,3.03,1.0,N,263,230,1,11.0,0.0,0.5,1.5,0.0,0.3,15.8,2.5,0.0
1,2021-11-01 06:25:32,2021-11-01 06:37:59,1.0,4.1,1.0,N,68,166,1,13.5,2.5,0.5,4.2,0.0,0.3,21.0,2.5,0.0
1,2021-11-01 06:52:44,2021-11-01 07:35:08,2.0,20.7,2.0,N,239,132,1,52.0,2.5,0.5,12.35,6.55,0.3,74.2,2.5,0.0
2,2021-11-01 06:25:28,2021-11-01 06:30:24,1.0,1.45,1.0,N,236,161,1,6.5,0.0,0.5,1.96,0.0,0.3,11.76,2.5,0.0
2,2021-11-01 06:37:55,2021-11-01 06:46:00,1.0,1.82,1.0,N,233,140,1,8.0,0.0,0.5,1.5,0.0,0.3,12.8,2.5,0.0
2,2021-11-01 06:48:44,2021-11-01 06:57:17,2.0,1.97,1.0,N,140,170,1,8.5,0.0,0.5,2.36,0.0,0.3,14.16,2.5,0.0
2,2021-11-01 06:16:01,2021-11-01 06:21:54,2.0,1.09,1.0,N,48,162,1,6.0,0.0,0.5,1.12,0.0,0.3,10.42,2.5,0.0
2,2021-11-01 06:31:30,2021-11-01 06:32:30,2.0,0.04,1.0,N,234,186,3,-3.0,0.0,-0.5,0.0,0.0,-0.3,-6.3,-2.5,0.0
2,2021-11-01 06:31:30,2021-11-01 06:32:30,2.0,0.04,1.0,N,234,186,2,3.0,0.0,0.5,0.0,0.0,0.3,6.3,2.5,0.0
2,2021-11-01 06:54:51,2021-11-01 07:10:09,5.0,3.68,1.0,N,263,50,2,13.5,0.0,0.5,0.0,0.0,0.3,16.8,2.5,0.0
2,2021-11-01 06:45:59,2021-11-01 06:53:38,1.0,2.83,1.0,N,238,246,2,10.0,0.0,0.5,0.0,0.0,0.3,13.3,2.5,0.0
2,2021-11-01 06:02:55,2021-11-01 06:24:59,2.0,12.89,1.0,N,132,155,1,35.5,0.0,0.5,5.0,0.0,0.3,42.55,0.0,1.25
1,2021-11-01 06:53:30,2021-11-01 07:19:54,1.0,13.1,1.0,N,13,138,1,37.5,2.5,0.5,10.15,0.0,0.3,50.95,2.5,0.0
1,2021-11-01 06:09:56,2021-11-01 06:17:58,1.0,1.5,1.0,N,48,186,1,7.5,2.5,0.5,2.15,0.0,0.3,12.95,2.5,0.0
1,2021-11-01 06:54:31,2021-11-01 07:05:25,1.0,2.8,1.0,N,107,140,2,11.0,2.5,0.5,0.0,0.0,0.3,14.3,2.5,0.0
1,2021-11-01 06:44:24,2021-11-01 06:49:21,1.0,1.0,1.0,N,48,246,1,5.5,2.5,0.5,1.0,0.0,0.3,9.8,2.5,0.0
1,2021-11-01 06:55:36,2021-11-01 07:16:24,1.0,4.2,1.0,N,68,148,1,18.0,2.5,0.5,3.7,0.0,0.3,25.0,2.5,0.0
2,2021-11-01 06:38:35,2021-11-01 07:09:17,1.0,6.42,1.0,N,132,134,1,24.5,0.0,0.5,2.5,0.0,0.3,29.05,0.0,1.25
2,2021-11-01 06:37:18,2021-11-01 06:53:59,2.0,11.05,1.0,N,233,138,1,30.0,0.0,0.5,7.97,6.55,0.3,47.82,2.5,0.0
2,2021-11-01 06:04:05,2021-11-01 06:11:10,1.0,1.65,1.0,N,186,163,1,7.5,0.0,0.5,1.84,0.0,0.3,12.64,2.5,0.0
2,2021-11-01 06:13:55,2021-11-01 06:18:41,1.0,1.44,1.0,N,163,186,1,6.0,0.0,0.5,2.79,0.0,0.3,12.09,2.5,0.0
2,2021-11-01 06:26:55,2021-11-01 06:31:58,1.0,1.22,1.0,N,186,230,1,6.0,0.0,0.5,5.0,0.0,0.3,14.3,2.5,0.0
2,2021-11-01 06:38:22,2021-11-01 06:52:16,1.0,2.74,1.0,N,100,140,1,12.0,0.0,0.5,2.3,0.0,0.3,17.6,2.5,0.0
2,2021-11-01 06:56:17,2021-11-01 07:04:39,1.0,2.37,1.0,N,262,161,1,9.5,0.0,0.5,2.56,0.0,0.3,15.36,2.5,0.0
1,2021-11-01 06:51:53,2021-11-01 07:06:36,1.0,3.4,1.0,N,79,237,1,13.0,2.5,0.5,3.26,0.0,0.3,19.56,2.5,0.0
2,2021-11-01 06:32:53,2021-11-01 06:43:47,1.0,3.43,1.0,N,226,233,1,12.0,0.0,0.5,3.06,0.0,0.3,18.36,2.5,0.0
2,2021-11-01 06:46:25,2021-11-01 06:46:30,1.0,0.01,1.0,N,137,137,3,-2.5,0.0,-0.5,0.0,0.0,-0.3,-3.3,0.0,0.0
2,2021-11-01 06:46:25,2021-11-01 06:46:30,1.0,0.01,1.0,N,137,137,2,2.5,0.0,0.5,0.0,0.0,0.3,3.3,0.0,0.0
2,2021-11-01 06:51:45,2021-11-01 06:59:56,1.0,1.93,1.0,N,107,161,1,8.5,0.0,0.5,1.77,0.0,0.3,13.57,2.5,0.0
2,2021-11-01 06:18:59,2021-11-01 06:25:19,1.0,1.48,1.0,N,239,140,1,7.0,0.0,0.5,1.2,0.0,0.3,11.5,2.5,0.0
2,2021-11-01 06:31:37,2021-11-01 06:40:59,1.0,2.61,1.0,N,262,161,1,10.0,0.0,0.5,2.66,0.0,0.3,15.96,2.5,0.0
2,2021-11-01 06:43:15,2021-11-01 06:47:37,1.0,1.16,1.0,N,161,164,1,5.5,0.0,0.5,0.01,0.0,0.3,8.81,2.5,0.0
2,2021-11-01 06:56:47,2021-11-01 07:00:11,1.0,1.36,1.0,N,249,186,2,5.5,0.0,0.5,0.0,0.0,0.3,8.8,2.5,0.0
2,2021-11-01 07:01:07,2021-11-01 07:06:16,1.0,1.23,1.0,N,186,48,1,6.0,0.0,0.5,1.0,0.0,0.3,10.3,2.5,0.0
1,2021-11-01 06:49:05,2021-11-01 07:26:14,1.0,9.4,99.0,N,72,131,1,29.2,0.0,0.5,0.0,0.0,0.3,30.0,0.0,0.0
2,2021-11-01 06:24:26,2021-11-01 06:34:50,1.0,4.38,1.0,N,79,263,1,13.0,0.0,0.5,3.26,0.0,0.3,19.56,2.5,0.0
2,2021-11-01 06:39:37,2021-11-01 06:50:00,1.0,2.36,1.0,N,140,75,1,9.5,0.0,0.5,2.56,0.0,0.3,15.36,2.5,0.0
1,2021-11-01 06:55:28,2021-11-01 07:17:28,1.0,4.6,1.0,N,226,236,2,18.5,2.5,0.5,0.0,0.0,0.3,21.8,2.5,0.0
2,2021-11-01 06:37:48,2021-11-01 07:06:57,2.0,6.11,1.0,N,151,226,1,24.0,0.0,0.5,5.46,0.0,0.3,32.76,2.5,0.0
2,2021-11-01 06:42:31,2021-11-01 06:47:57,1.0,1.17,1.0,N,262,140,1,6.0,0.0,0.5,1.86,0.0,0.3,11.16,2.5,0.0
2,2021-11-01 06:54:58,2021-11-01 07:02:04,1.0,2.1,1.0,N,263,162,1,8.5,0.0,0.5,2.95,0.0,0.3,14.75,2.5,0.0
2,2021-11-01 06:08:53,2021-11-01 06:14:41,1.0,1.16,1.0,N,90,107,1,6.5,0.0,0.5,1.96,0.0,0.3,11.76,2.5,0.0
2,2021-11-01 06:16:32,2021-11-01 06:22:14,1.0,0.7,1.0,N,107,234,1,5.5,0.0,0.5,1.76,0.0,0.3,10.56,2.5,0.0
2,2021-11-01 06:27:12,2021-11-01 06:33:30,1.0,1.6,1.0,N,48,162,1,7.0,0.0,0.5,2.06,0.0,0.3,12.36,2.5,0.0
2,2021-11-01 06:34:40,2021-11-01 06:38:27,1.0,0.86,1.0,N,162,141,1,5.0,0.0,0.5,1.66,0.0,0.3,9.96,2.5,0.0
2,2021-11-01 06:44:39,2021-11-01 06:59:03,1.0,3.58,1.0,N,236,100,1,13.5,0.0,0.5,1.75,0.0,0.3,18.55,2.5,0.0
1,2021-11-01 06:13:54,2021-11-01 06:32:14,0.0,9.0,1.0,N,140,138,1,26.5,2.5,0.5,9.05,6.55,0.3,45.4,2.5,0.0
2,2021-11-01 06:34:30,2021-11-01 07:27:13,1.0,35.37,3.0,N,132,1,1,109.5,0.0,0.0,32.53,20.3,0.3,163.88,0.0,1.25
2,2021-11-01 06:05:32,2021-11-01 06:10:31,2.0,0.73,1.0,N,234,90,2,5.0,0.0,0.5,0.0,0.0,0.3,8.3,2.5,0.0
2,2021-11-01 06:13:58,2021-11-01 06:17:50,2.0,1.35,1.0,N,68,163,1,6.0,0.0,0.5,2.32,0.0,0.3,11.62,2.5,0.0
2,2021-11-01 06:28:34,2021-11-01 07:01:06,2.0,5.54,1.0,N,249,225,2,23.5,0.0,0.5,0.0,0.0,0.3,26.8,2.5,0.0
2,2021-11-01 06:12:30,2021-11-01 06:57:53,1.0,17.51,2.0,N,230,132,1,52.0,0.0,0.5,12.37,6.55,0.3,74.22,2.5,0.0
2,2021-11-01 06:35:51,2021-11-01 06:41:17,1.0,0.82,1.0,N,186,246,1,5.5,0.0,0.5,0.0,0.0,0.3,8.8,2.5,0.0
2,2021-11-01 06:47:38,2021-11-01 06:50:42,1.0,0.82,1.0,N,186,230,1,4.5,0.0,0.5,0.1,0.0,0.3,7.9,2.5,0.0
2,2021-11-01 06:57:56,2021-11-01 07:05:06,1.0,1.11,1.0,N,186,162,2,6.5,0.0,0.5,0.0,0.0,0.3,9.8,2.5,0.0
2,2021-11-01 06:28:57,2021-11-01 06:55:59,1.0,10.69,1.0,N,24,65,2,32.0,0.0,0.5,0.0,0.0,0.3,35.3,2.5,0.0
2,2021-11-01 06:22:16,2021-11-01 06:28:19,1.0,1.11,1.0,N,260,260,2,6.0,0.0,0.5,0.0,0.0,0.3,6.8,0.0,0.0
2,2021-11-01 06:44:21,2021-11-01 06:56:18,1.0,6.33,1.0,N,233,261,1,19.0,0.0,0.5,3.34,0.0,0.3,25.64,2.5,0.0
2,2021-11-01 06:38:25,2021-11-01 06:56:33,1.0,3.27,1.0,N,263,143,1,14.5,0.0,0.5,1.78,0.0,0.3,19.58,2.5,0.0
1,2021-11-01 06:58:28,2021-11-01 07:31:25,1.0,10.0,1.0,N,68,138,1,32.5,2.5,0.5,10.55,6.55,0.3,52.9,2.5,0.0
2,2021-11-01 06:14:58,2021-11-01 06:18:38,1.0,0.9,1.0,N,239,142,1,5.0,0.0,0.5,1.66,0.0,0.3,9.96,2.5,0.0
2,2021-11-01 06:26:08,2021-11-01 06:43:37,2.0,6.09,1.0,N,132,191,1,20.0,0.0,0.5,4.41,0.0,0.3,26.46,0.0,1.25
2,2021-11-01 06:31:28,2021-11-01 06:36:23,1.0,1.08,1.0,N,162,137,1,6.0,0.0,0.5,2.32,0.0,0.3,11.62,2.5,0.0
2,2021-11-01 06:48:37,2021-11-01 06:56:53,1.0,1.79,1.0,N,170,137,1,7.5,0.0,0.5,0.11,0.0,0.3,10.91,2.5,0.0
2,2021-11-01 06:39:30,2021-11-01 06:42:43,1.0,1.13,1.0,N,151,239,1,5.5,0.0,0.5,1.76,0.0,0.3,10.56,2.5,0.0
2,2021-11-01 06:43:34,2021-11-01 06:52:31,1.0,2.87,1.0,N,239,246,1,10.5,0.0,0.5,1.38,0.0,0.3,15.18,2.5,0.0
2,2021-11-01 06:12:29,2021-11-01 06:30:39,1.0,9.65,1.0,N,107,138,1,26.5,0.0,0.5,6.0,6.55,0.3,42.35,2.5,0.0
2,2021-11-01 06:05:41,2021-11-01 06:13:33,1.0,1.42,1.0,N,230,229,1,7.5,0.0,0.5,0.0,0.0,0.3,10.8,2.5,0.0
2,2021-11-01 06:33:59,2021-11-01 06:44:05,1.0,1.45,1.0,N,100,234,1,8.5,0.0,0.5,1.0,0.0,0.3,12.8,2.5,0.0
1,2021-11-01 06:01:24,2021-11-01 06:08:52,1.0,2.9,1.0,N,224,140,2,9.5,2.5,0.5,0.0,0.0,0.3,12.8,2.5,0.0
1,2021-11-01 06:36:10,2021-11-01 06:44:10,1.0,2.0,1.0,N,239,230,1,9.0,2.5,0.5,2.45,0.0,0.3,14.75,2.5,0.0
1,2021-11-01 06:51:28,2021-11-01 07:09:04,1.0,3.3,1.0,N,48,263,1,14.5,2.5,0.5,4.45,0.0,0.3,22.25,2.5,0.0
1,2021-11-01 06:28:50,2021-11-01 06:34:10,1.0,1.0,1.0,N,163,236,2,6.0,2.5,0.5,0.0,0.0,0.3,9.3,2.5,0.0
1,2021-11-01 06:47:15,2021-11-01 07:50:40,1.0,8.1,1.0,N,226,68,1,43.5,2.5,0.5,0.0,0.0,0.3,46.8,2.5,0.0
1,2021-11-01 06:05:24,2021-11-01 07:03:42,1.0,19.5,2.0,N,132,249,1,52.0,3.75,0.5,12.6,6.55,0.3,75.7,2.5,1.25
1,2021-11-01 06:24:53,2021-11-01 06:38:15,1.0,3.0,1.0,N,146,236,2,12.5,2.5,0.5,0.0,0.0,0.3,15.8,2.5,0.0
1,2021-11-01 06:41:41,2021-11-01 06:46:14,1.0,0.7,1.0,N,237,140,2,5.0,2.5,0.5,0.0,0.0,0.3,8.3,2.5,0.0
1,2021-11-01 06:49:08,2021-11-01 06:59:25,1.0,5.8,1.0,N,140,209,1,17.5,2.5,0.5,4.15,0.0,0.3,24.95,2.5,0.0
2,2021-11-01 06:59:55,2021-11-01 07:33:20,1.0,8.48,1.0,N,166,226,1,30.5,0.0,0.5,7.57,6.55,0.3,45.42,0.0,0.0
1,2021-11-01 06:12:01,2021-11-01 06:17:49,1.0,1.4,1.0,N,166,152,1,7.0,0.0,0.5,1.55,0.0,0.3,9.35,0.0,0.0
1,2021-11-01 06:30:14,2021-11-01 06:40:19,1.0,2.8,1.0,Y,238,68,2,10.5,2.5,0.5,0.0,0.0,0.3,13.8,2.5,0.0
1,2021-11-01 06:54:28,2021-11-01 07:06:42,2.0,1.7,1.0,N,107,68,1,10.0,2.5,0.5,2.0,0.0,0.3,15.3,2.5,0.0
2,2021-11-01 06:52:11,2021-11-01 06:59:07,1.0,2.06,1.0,N,211,68,1,8.0,0.0,0.5,2.26,0.0,0.3,13.56,2.5,0.0
1,2021-11-01 06:07:47,2021-11-01 06:14:42,2.0,1.1,1.0,Y,237,140,1,6.5,3.0,0.5,2.55,0.0,0.3,12.85,2.5,0.0
1,2021-11-01 06:45:21,2021-11-01 06:54:35,1.0,1.5,1.0,N,143,237,1,8.5,2.5,0.5,0.0,0.0,0.3,11.8,2.5,0.0
1,2021-11-01 06:18:18,2021-11-01 06:29:12,1.0,3.7,1.0,N,79,87,1,13.5,2.5,0.5,1.5,0.0,0.3,18.3,2.5,0.0
1,2021-11-01 06:48:51,2021-11-01 06:53:17,1.0,0.9,1.0,N,68,48,1,5.5,2.5,0.5,1.75,0.0,0.3,10.55,2.5,0.0
1,2021-11-01 06:54:22,2021-11-01 07:04:13,2.0,1.7,1.0,N,163,68,1,8.5,2.5,0.5,3.0,0.0,0.3,14.8,2.5,0.0
1,2021-11-01 06:45:57,2021-11-01 07:36:46,1.0,13.3,1.0,N,132,129,2,43.0,1.25,0.5,0.0,0.0,0.3,45.05,0.0,1.25
2,2021-11-01 06:46:34,2021-11-01 07:42:25,2.0,16.74,1.0,N,51,137,1,55.0,0.0,0.5,0.0,6.55,0.3,62.35,0.0,0.0
1,2021-11-01 06:06:07,2021-11-01 06:15:32,2.0,3.6,1.0,N,132,218,2,12.5,1.25,0.5,0.0,0.0,0.3,14.55,0.0,1.25
1,2021-11-01 06:45:31,2021-11-01 07:22:19,2.0,11.1,1.0,Y,132,138,2,34.5,1.25,0.5,0.0,0.0,0.3,36.55,0.0,1.25
2,2021-11-01 06:05:27,2021-11-01 06:15:48,1.0,3.94,1.0,N,132,215,2,13.0,0.0,0.5,0.0,0.0,0.3,15.05,0.0,1.25
2,2021-11-01 06:35:34,2021-11-01 07:02:01,1.0,3.69,1.0,N,233,162,2,18.0,0.0,0.5,0.0,0.0,0.3,21.3,2.5,0.0
2,2021-11-01 02:22:58,2021-11-01 02:30:00,6.0,1.82,1.0,N,263,162,1,7.5,0.0,0.5,2.0,0.0,0.3,12.8,2.5,0.0
2,2021-11-01 06:45:39,2021-11-01 06:53:25,6.0,1.22,1.0,N,186,230,1,7.0,0.0,0.5,2.06,0.0,0.3,12.36,2.5,0.0
2,2021-11-01 06:59:00,2021-11-01 07:08:05,6.0,1.66,1.0,N,186,163,2,8.5,0.0,0.5,0.0,0.0,0.3,11.8,2.5,0.0
1,2021-11-01 06:37:12,2021-11-01 06:52:46,0.0,4.3,1.0,N,68,75,2,15.0,2.5,0.5,0.0,0.0,0.3,18.3,2.5,0.0
1,2021-11-01 06:59:16,2021-11-01 07:05:44,0.0,2.0,1.0,N,236,162,1,8.0,2.5,0.5,2.0,0.0,0.3,13.3,2.5,0.0
2,2021-11-01 06:28:23,2021-11-01 06:49:42,1.0,5.0,1.0,N,48,42,2,19.0,0.0,0.5,0.0,0.0,0.3,22.3,2.5,0.0
2,2021-11-01 06:20:14,2021-11-01 06:38:25,5.0,5.55,1.0,N,132,197,2,18.0,0.0,0.5,0.0,0.0,0.3,20.05,0.0,1.25
2,2021-11-01 06:31:05,2021-11-01 06:57:23,1.0,7.88,1.0,N,152,107,2,26.5,0.0,0.5,0.0,0.0,0.3,29.8,2.5,0.0
1,2021-11-01 06:45:56,2021-11-01 06:49:41,1.0,0.5,1.0,N,186,68,1,4.5,2.5,0.5,1.55,0.0,0.3,9.35,2.5,0.0
1,2021-11-01 06:56:46,2021-11-01 07:11:09,1.0,3.1,1.0,N,68,237,1,12.5,2.5,0.5,1.0,0.0,0.3,16.8,2.5,0.0
2,2021-11-01 06:23:27,2021-11-01 06:31:23,1.0,1.59,1.0,N,238,75,1,8.0,0.0,0.5,2.83,0.0,0.3,14.13,2.5,0.0
2,2021-11-01 06:33:36,2021-11-01 06:36:19,1.0,0.57,1.0,N,75,74,2,4.0,0.0,0.5,0.0,0.0,0.3,4.8,0.0,0.0
2,2021-11-01 06:57:54,2021-11-01 07:17:16,1.0,9.38,1.0,N,263,208,1,27.5,0.0,0.5,3.0,0.0,0.3,33.8,2.5,0.0
1,2021-11-01 06:25:36,2021-11-01 07:13:36,1.0,12.2,1.0,N,50,61,1,42.5,2.5,0.5,0.01,0.0,0.3,45.81,2.5,0.0
1,2021-11-01 06:22:04,2021-11-01 06:29:01,1.0,1.4,1.0,N,144,231,1,7.0,2.5,0.5,1.0,0.0,0.3,11.3,2.5,0.0
1,2021-11-01 06:52:43,2021-11-01 07:00:25,1.0,1.4,1.0,N,164,230,1,7.5,2.5,0.5,2.15,0.0,0.3,12.95,2.5,0.0
1,2021-11-01 06:45:51,2021-11-01 08:06:23,1.0,18.1,2.0,N,132,166,1,52.0,1.25,0.5,5.0,6.55,0.3,65.6,0.0,1.25
2,2021-11-01 06:12:36,2021-11-01 06:21:36,1.0,3.22,1.0,N,226,141,1,11.0,0.0,0.5,4.29,0.0,0.3,18.59,2.5,0.0
2,2021-11-01 06:26:19,2021-11-01 06:41:28,1.0,8.29,1.0,N,262,138,1,24.0,0.0,0.5,6.77,6.55,0.3,40.62,2.5,0.0
2,2021-11-01 06:27:20,2021-11-01 06:50:22,1.0,7.52,1.0,N,141,138,1,24.5,0.0,0.5,6.0,0.0,0.3,33.8,2.5,0.0
1,2021-11-01 06:42:42,2021-11-01 06:57:19,1.0,3.8,1.0,N,161,231,2,14.0,2.5,0.5,0.0,0.0,0.3,17.3,2.5,0.0
2,2021-11-01 06:14:45,2021-11-01 06:19:17,1.0,1.43,1.0,N,79,90,1,6.0,0.5,0.5,1.18,0.0,0.3,10.98,2.5,0.0
2,2021-11-01 06:44:28,2021-11-01 07:17:58,1.0,17.99,1.0,N,68,135,1,50.5,0.0,0.5,0.0,6.55,0.3,57.85,0.0,0.0
2,2021-11-01 06:05:45,2021-11-01 06:12:38,1.0,1.54,1.0,N,186,107,1,7.0,0.0,0.5,3.09,0.0,0.3,13.39,2.5,0.0
2,2021-11-01 06:14:04,2021-11-01 06:26:56,1.0,3.28,1.0,N,107,255,2,13.0,0.0,0.5,0.0,0.0,0.3,16.3,2.5,0.0
2,2021-11-01 06:21:38,2021-11-01 06:32:03,1.0,4.0,1.0,N,151,246,1,13.5,0.5,0.5,3.46,0.0,0.3,20.76,2.5,0.0
1,2021-11-01 06:40:29,2021-11-01 06:46:46,1.0,2.5,1.0,N,107,237,1,8.5,3.0,0.5,1.5,0.0,0.3,13.8,2.5,0.0
1,2021-11-01 06:51:59,2021-11-01 06:57:18,1.0,1.9,1.0,N,236,162,1,7.5,3.0,0.5,2.25,0.0,0.3,13.55,2.5,0.0
2,2021-11-01 06:09:45,2021-11-01 06:21:36,1.0,3.39,1.0,N,170,231,1,12.0,0.5,0.5,2.25,0.0,0.3,18.05,2.5,0.0
2,2021-11-01 06:40:00,2021-11-01 06:48:26,1.0,1.49,1.0,N,186,161,1,7.5,0.0,0.5,3.0,0.0,0.3,13.8,2.5,0.0
2,2021-11-01 06:54:04,2021-11-01 07:09:35,1.0,3.71,1.0,N,162,87,1,14.0,0.0,0.5,4.32,0.0,0.3,21.62,2.5,0.0
2,2021-11-01 06:52:28,2021-11-01 07:04:06,2.0,3.02,1.0,N,234,13,1,11.5,0.0,0.5,3.7,0.0,0.3,18.5,2.5,0.0
1,2021-11-01 06:48:15,2021-11-01 06:56:44,0.0,1.5,1.0,N,144,13,1,8.0,2.5,0.5,2.26,0.0,0.3,13.56,2.5,0.0
2,2021-11-01 06:45:51,2021-11-01 06:53:42,1.0,1.33,1.0,N,107,233,2,7.5,0.0,0.5,0.0,0.0,0.3,10.8,2.5,0.0
2,2021-11-01 06:55:50,2021-11-01 07:23:53,1.0,5.0,1.0,N,233,179,1,20.5,0.0,0.5,1.0,0.0,0.3,24.8,2.5,0.0
2,2021-11-01 06:58:21,2021-11-01 07:08:53,1.0,2.29,1.0,N,262,161,1,10.0,0.0,0.5,1.5,0.0,0.3,14.8,2.5,0.0
2,2021-11-01 06:11:08,2021-11-01 06:26:30,1.0,4.06,1.0,N,263,186,1,15.0,0.0,0.5,3.66,0.0,0.3,21.96,2.5,0.0
2,2021-11-01 06:37:07,2021-11-01 06:40:43,1.0,1.09,1.0,N,186,163,1,5.0,0.0,0.5,1.66,0.0,0.3,9.96,2.5,0.0
2,2021-11-01 06:46:04,2021-11-01 07:02:13,1.0,3.31,1.0,N,142,170,1,13.5,0.0,0.5,3.36,0.0,0.3,20.16,2.5,0.0
2,2021-11-01 06:47:51,2021-11-01 07:00:14,1.0,1.58,1.0,N,48,137,1,9.5,0.0,0.5,1.2,0.0,0.3,14.0,2.5,0.0
2,2021-11-01 06:17:53,2021-11-01 07:18:03,1.0,40.73,3.0,N,132,265,1,123.5,0.0,0.0,28.82,20.3,0.3,174.17,0.0,1.25
1,2021-11-01 06:29:46,2021-11-01 06:41:35,1.0,2.9,1.0,N,230,75,1,11.5,2.5,0.5,2.5,0.0,0.3,17.3,2.5,0.0
2,2021-11-01 06:44:21,2021-11-01 06:51:17,1.0,2.79,1.0,N,231,164,1,9.5,0.0,0.5,2.56,0.0,0.3,15.36,2.5,0.0
2,2021-11-01 06:54:56,2021-11-01 07:00:50,1.0,1.37,1.0,N,163,170,1,6.5,0.0,0.5,1.96,0.0,0.3,11.76,2.5,0.0
1,2021-11-01 06:20:05,2021-11-01 06:32:01,1.0,1.8,1.0,N,186,162,1,8.5,2.5,0.5,2.95,0.0,0.3,14.75,2.5,0.0
1,2021-11-01 06:50:54,2021-11-01 06:56:02,1.0,0.7,1.0,N,186,230,1,4.5,2.5,0.5,3.0,0.0,0.3,10.8,2.5,0.0
2,2021-11-01 06:11:06,2021-11-01 06:49:59,2.0,13.51,2.0,N,162,132,1,52.0,0.0,0.5,11.06,0.0,0.3,66.36,2.5,0.0
1,2021-11-01 06:17:34,2021-11-01 07:07:18,1.0,21.9,2.0,N,239,132,1,52.0,2.5,0.5,12.35,6.55,0.3,74.2,2.5,0.0
2,2021-11-01 06:30:41,2021-11-01 06:39:50,5.0,1.47,1.0,N,158,231,1,8.0,0.0,0.5,2.26,0.0,0.3,13.56,2.5,0.0
2,2021-11-01 06:47:39,2021-11-01 06:53:47,5.0,2.03,1.0,N,113,230,1,7.5,0.0,0.5,2.16,0.0,0.3,12.96,2.5,0.0
2,2021-11-01 06:22:07,2021-11-01 06:56:37,1.0,9.38,1.0,N,132,95,2,29.0,0.0,0.5,0.0,0.0,0.3,31.05,0.0,1.25
1,2021-11-01 06:38:29,2021-11-01 06:45:33,1.0,0.9,1.0,N,113,107,2,6.5,2.5,0.5,0.0,0.0,0.3,9.8,2.5,0.0
1,2021-11-01 06:47:28,2021-11-01 08:44:56,1.0,53.6,4.0,N,107,89,1,252.0,2.5,0.5,0.0,0.0,0.3,255.3,2.5,0.0
2,2021-11-01 06:48:00,2021-11-01 06:56:22,1.0,2.0,1.0,N,239,140,2,8.5,0.0,0.5,0.0,0.0,0.3,11.8,2.5,0.0
2,2021-11-01 06:49:51,2021-11-01 07:04:09,1.0,4.16,1.0,N,238,234,1,14.5,0.0,0.5,3.56,0.0,0.3,21.36,2.5,0.0
1,2021-11-01 06:29:57,2021-11-01 06:43:53,1.0,2.9,1.0,N,186,140,1,12.0,2.5,0.5,3.0,0.0,0.3,18.3,2.5,0.0
1,2021-11-01 06:50:40,2021-11-01 07:01:02,1.0,2.2,1.0,N,262,162,1,10.0,2.5,0.5,2.0,0.0,0.3,15.3,2.5,0.0
2,2021-11-01 06:14:48,2021-11-01 06:27:44,1.0,4.27,1.0,N,231,162,1,14.0,0.0,0.5,3.46,0.0,0.3,20.76,2.5,0.0
1,2021-11-01 06:15:01,2021-11-01 06:26:35,1.0,3.2,1.0,N,249,50,2,12.0,2.5,0.5,0.0,0.0,0.3,15.3,2.5,0.0
1,2021-11-01 06:37:28,2021-11-01 06:42:25,1.0,1.1,1.0,N,100,163,2,6.0,2.5,0.5,0.0,0.0,0.3,9.3,2.5,0.0
1,2021-11-01 06:51:27,2021-11-01 06:59:36,1.0,2.1,1.0,N,48,237,1,8.5,2.5,0.5,2.35,0.0,0.3,14.15,2.5,0.0
2,2021-11-01 06:58:57,2021-11-01 07:12:38,6.0,7.16,1.0,N,140,231,1,21.5,0.0,0.5,3.0,0.0,0.3,27.8,2.5,0.0
1,2021-11-01 06:05:20,2021-11-01 06:10:41,1.0,0.7,1.0,N,100,161,2,5.5,2.5,0.5,0.0,0.0,0.3,8.8,2.5,0.0
1,2021-11-01 06:12:19,2021-11-01 06:20:00,1.0,1.4,1.0,N,100,233,2,7.5,2.5,0.5,0.0,0.0,0.3,10.8,2.5,0.0
1,2021-11-01 06:42:32,2021-11-01 06:48:21,1.0,1.0,1.0,N,68,230,1,6.0,2.5,0.5,1.85,0.0,0.3,11.15,2.5,0.0
1,2021-11-01 06:54:14,2021-11-01 07:00:11,1.0,1.1,1.0,N,100,161,1,6.0,2.5,0.5,1.86,0.0,0.3,11.16,2.5,0.0
2,2021-11-01 06:17:07,2021-11-01 06:22:56,1.0,1.71,1.0,N,238,75,2,7.0,0.0,0.5,0.0,0.0,0.3,7.8,0.0,0.0
2,2021-11-01 06:34:17,2021-11-01 06:50:14,1.0,5.43,1.0,N,238,158,1,18.0,0.0,0.5,5.0,0.0,0.3,26.3,2.5,0.0
2,2021-11-01 06:54:46,2021-11-01 07:11:23,1.0,4.01,1.0,N,249,141,1,15.0,0.0,0.5,2.74,0.0,0.3,21.04,2.5,0.0
2,2021-11-01 06:36:49,2021-11-01 07:42:16,2.0,18.49,2.0,N,132,246,1,52.0,0.0,0.5,12.62,6.55,0.3,75.72,2.5,1.25
1,2021-11-01 06:35:53,2021-11-01 06:44:45,1.0,2.2,1.0,N,186,239,1,9.0,2.5,0.5,0.0,0.0,0.3,12.3,2.5,0.0
1,2021-11-01 06:48:16,2021-11-01 07:00:49,1.0,2.8,1.0,N,142,90,1,11.5,2.5,0.5,2.95,0.0,0.3,17.75,2.5,0.0
2,2021-11-01 06:18:27,2021-11-01 07:07:09,2.0,17.2,2.0,N,132,107,1,52.0,0.0,0.5,8.0,6.55,0.3,71.1,2.5,1.25
2,2021-11-01 06:53:13,2021-11-01 07:04:50,1.0,2.52,1.0,N,236,230,1,10.5,0.0,0.5,2.25,0.0,0.3,16.05,2.5,0.0
2,2021-11-01 06:30:59,2021-11-01 06:34:26,1.0,0.82,1.0,N,186,230,1,4.5,0.0,0.5,2.0,0.0,0.3,9.8,2.5,0.0
2,2021-11-01 06:48:21,2021-11-01 06:55:06,1.0,1.64,1.0,N,237,230,1,7.0,0.0,0.5,1.0,0.0,0.3,11.3,2.5,0.0
2,2021-11-01 06:58:20,2021-11-01 07:06:59,1.0,2.18,1.0,N,48,113,1,8.5,0.0,0.5,3.54,0.0,0.3,15.34,2.5,0.0
2,2021-11-01 05:58:58,2021-11-01 06:43:46,2.0,13.03,1.0,N,132,80,1,40.0,0.0,0.5,8.41,0.0,0.3,50.46,0.0,1.25
2,2021-11-01 06:33:11,2021-11-01 07:38:34,1.0,17.82,1.0,N,132,182,2,58.0,0.0,0.5,0.0,6.55,0.3,66.6,0.0,1.25
2,2021-11-01 06:30:36,2021-11-01 06:41:05,1.0,2.98,1.0,N,262,170,1,11.5,0.0,0.5,3.7,0.0,0.3,18.5,2.5,0.0
2,2021-11-01 06:44:03,2021-11-01 06:52:36,1.0,2.54,1.0,N,107,261,2,9.5,0.0,0.5,0.0,0.0,0.3,12.8,2.5,0.0
2,2021-11-01 06:58:49,2021-11-01 07:08:17,1.0,2.62,1.0,N,125,161,1,10.0,0.0,0.5,2.5,0.0,0.3,15.8,2.5,0.0
2,2021-11-01 05:58:49,2021-11-01 06:03:30,5.0,1.32,1.0,N,141,162,1,6.0,0.0,0.5,2.79,0.0,0.3,12.09,2.5,0.0
1,2021-11-01 06:44:03,2021-11-01 06:49:08,1.0,1.4,1.0,N,151,75,1,6.5,0.0,0.5,1.45,0.0,0.3,8.75,0.0,0.0
1,2021-11-01 06:49:43,2021-11-01 06:56:55,1.0,1.3,1.0,N,75,263,1,7.0,2.5,0.5,1.0,0.0,0.3,11.3,2.5,0.0
2,2021-11-01 06:17:13,2021-11-01 06:25:57,1.0,2.54,1.0,N,238,100,1,9.5,0.0,0.5,3.2,0.0,0.3,16.0,2.5,0.0
2,2021-11-01 06:45:47,2021-11-01 06:56:50,1.0,2.7,1.0,N,263,161,1,11.0,0.0,0.5,1.43,0.0,0.3,15.73,2.5,0.0
2,2021-11-01 06:33:51,2021-11-01 06:45:55,1.0,2.54,1.0,N,79,246,1,11.0,0.0,0.5,3.58,0.0,0.3,17.88,2.5,0.0
2,2021-11-01 06:28:59,2021-11-01 06:52:58,3.0,5.69,1.0,N,236,226,1,20.5,0.0,0.5,0.0,0.0,0.3,23.8,2.5,0.0
1,2021-11-01 06:25:25,2021-11-01 06:37:37,1.0,3.1,1.0,N,148,186,2,12.0,2.5,0.5,0.0,0.0,0.3,15.3,2.5,0.0
1,2021-11-01 06:44:10,2021-11-01 06:50:37,1.0,0.9,1.0,N,234,107,1,6.5,2.5,0.5,1.0,0.0,0.3,10.8,2.5,0.0
1,2021-11-01 06:57:48,2021-11-01 07:01:28,1.0,0.9,1.0,N,107,249,1,5.0,2.5,0.5,2.5,0.0,0.3,10.8,2.5,0.0
1,2021-11-01 06:07:24,2021-11-01 06:18:59,1.0,2.7,1.0,N,141,170,1,11.0,2.5,0.5,2.0,0.0,0.3,16.3,2.5,0.0
1,2021-11-01 06:21:31,2021-11-01 06:28:45,1.0,1.6,1.0,N,170,48,1,7.5,2.5,0.5,2.15,0.0,0.3,12.95,2.5,0.0
1,2021-11-01 06:30:10,2021-11-01 06:37:01,1.0,1.5,1.0,N,48,68,1,7.0,2.5,0.5,2.05,0.0,0.3,12.35,2.5,0.0
1,2021-11-01 06:40:07,2021-11-01 06:41:40,1.0,0.6,1.0,N,68,68,1,4.0,2.5,0.5,1.0,0.0,0.3,8.3,2.5,0.0
1,2021-11-01 06:45:51,2021-11-01 06:49:16,1.0,0.9,1.0,N,249,234,1,5.0,2.5,0.5,1.65,0.0,0.3,9.95,2.5,0.0
1,2021-11-01 06:58:24,2021-11-01 07:16:13,1.0,9.0,1.0,N,170,138,1,26.0,2.5,0.5,5.0,6.55,0.3,40.85,2.5,0.0
2,2021-11-01 06:23:46,2021-11-01 07:02:58,1.0,17.23,2.0,N,234,132,1,52.0,0.0,0.5,15.46,6.55,0.3,77.31,2.5,0.0
2,2021-11-01 06:30:04,2021-11-01 07:05:43,1.0,5.74,1.0,N,42,140,1,25.5,0.0,0.5,5.76,0.0,0.3,34.56,2.5,0.0
1,2021-11-01 06:50:36,2021-11-01 07:28:53,1.0,16.7,2.0,N,100,132,2,52.0,2.5,0.5,0.0,6.55,0.3,61.85,2.5,0.0
2,2021-11-01 06:50:08,2021-11-01 07:36:01,1.0,10.51,1.0,N,132,196,4,-36.5,0.0,-0.5,0.0,0.0,-0.3,-38.55,0.0,-1.25
2,2021-11-01 06:50:08,2021-11-01 07:36:01,1.0,10.51,1.0,N,132,196,2,36.5,0.0,0.5,0.0,0.0,0.3,38.55,0.0,1.25
1,2021-11-01 06:48:44,2021-11-01 07:08:52,1.0,10.7,1.0,N,229,138,1,30.5,2.5,0.5,8.05,6.55,0.3,48.4,2.5,0.0
2,2021-11-01 06:41:05,2021-11-01 06:51:02,1.0,2.48,1.0,N,263,41,2,10.0,0.0,0.5,0.0,0.0,0.3,13.3,2.5,0.0
2,2021-11-01 06:55:25,2021-11-01 07:05:18,1.0,1.88,1.0,N,41,75,2,9.5,0.0,0.5,0.0,0.0,0.3,10.3,0.0,0.0
1,2021-11-01 06:17:54,2021-11-01 07:03:32,3.0,17.0,2.0,N,132,164,1,52.0,3.75,0.5,12.62,6.55,0.3,75.72,2.5,1.25
1,2021-11-01 06:56:42,2021-11-01 07:03:42,0.0,1.7,1.0,N,211,234,1,7.5,2.5,0.5,2.7,0.0,0.3,13.5,2.5,0.0
2,2021-11-01 06:31:44,2021-11-01 06:38:59,3.0,1.83,1.0,N,186,142,2,7.5,0.0,0.5,0.0,0.0,0.3,10.8,2.5,0.0
2,2021-11-01 06:46:28,2021-11-01 06:49:12,4.0,0.55,1.0,N,163,50,1,4.0,0.0,0.5,2.19,0.0,0.3,9.49,2.5,0.0
2,2021-11-01 06:52:11,2021-11-01 07:01:25,4.0,2.21,1.0,N,50,170,1,9.0,0.0,0.5,3.69,0.0,0.3,15.99,2.5,0.0
2,2021-11-01 06:07:43,2021-11-01 06:15:04,1.0,1.67,1.0,N,186,161,1,7.5,0.0,0.5,1.0,0.0,0.3,11.8,2.5,0.0
2,2021-11-01 06:35:14,2021-11-01 06:42:18,1.0,1.27,1.0,N,161,90,2,7.0,0.0,0.5,0.0,0.0,0.3,10.3,2.5,0.0
2,2021-11-01 06:45:06,2021-11-01 06:48:26,2.0,0.62,1.0,N,90,68,1,4.5,0.0,0.5,1.95,0.0,0.3,9.75,2.5,0.0
2,2021-11-01 06:49:39,2021-11-01 06:55:49,1.0,1.31,1.0,N,68,161,1,6.5,0.0,0.5,1.96,0.0,0.3,11.76,2.5,0.0
2,2021-11-01 06:19:07,2021-11-01 06:36:32,6.0,3.54,1.0,N,162,125,2,14.5,0.0,0.5,0.0,0.0,0.3,17.8,2.5,0.0
1,2021-11-01 06:18:10,2021-11-01 06:22:32,1.0,1.0,1.0,Y,162,234,1,5.5,2.5,0.5,1.75,0.0,0.3,10.55,2.5,0.0
1,2021-11-01 06:27:29,2021-11-01 06:52:18,2.0,11.8,1.0,Y,164,138,3,33.5,2.5,0.5,0.0,6.55,0.3,43.35,2.5,0.0
2,2021-11-01 06:45:56,2021-11-01 06:59:18,1.0,2.55,1.0,N,74,140,1,11.5,0.0,0.5,3.7,0.0,0.3,18.5,2.5,0.0
2,2021-11-01 06:10:20,2021-11-01 06:10:24,1.0,0.0,5.0,N,138,138,1,45.0,0.0,0.0,9.06,0.0,0.3,54.36,0.0,0.0
2,2021-11-01 06:04:28,2021-11-01 06:36:23,2.0,12.2,1.0,N,48,138,1,37.0,0.5,0.5,14.2,6.55,0.3,61.55,2.5,0.0
1,2021-11-01 06:26:08,2021-11-01 06:35:30,0.0,2.5,1.0,N,158,230,1,9.5,3.0,0.5,1.33,0.0,0.3,14.63,2.5,0.0
1,2021-11-01 06:51:40,2021-11-01 07:01:11,1.0,1.7,1.0,N,186,163,1,8.5,2.5,0.5,1.77,0.0,0.3,13.57,2.5,0.0
2,2021-11-01 06:39:40,2021-11-01 06:52:48,1.0,3.22,1.0,N,151,237,1,12.5,0.0,0.5,3.16,0.0,0.3,18.96,2.5,0.0
2,2021-11-01 06:58:38,2021-11-01 07:07:03,1.0,1.24,1.0,N,161,170,1,7.5,0.0,0.5,2.16,0.0,0.3,12.96,2.5,0.0
2,2021-11-01 06:32:56,2021-11-01 06:42:30,1.0,3.83,1.0,N,151,246,1,12.5,0.0,0.5,4.0,0.0,0.3,19.8,2.5,0.0
2,2021-11-01 06:43:39,2021-11-01 06:46:56,1.0,0.86,1.0,N,246,246,1,5.0,0.0,0.5,1.0,0.0,0.3,9.3,2.5,0.0
2,2021-11-01 06:55:54,2021-11-01 07:49:32,2.0,17.48,2.0,N,246,132,1,52.0,0.0,0.5,15.46,6.55,0.3,77.31,2.5,0.0
1,2021-11-01 06:26:45,2021-11-01 06:50:42,2.0,7.5,1.0,N,152,234,1,25.0,2.5,0.5,6.0,0.0,0.3,34.3,2.5,0.0
1,2021-11-01 06:55:40,2021-11-01 07:03:43,1.0,1.8,1.0,N,107,161,1,8.5,2.5,0.5,2.0,0.0,0.3,13.8,2.5,0.0
2,2021-11-01 06:55:08,2021-11-01 07:16:07,1.0,8.68,1.0,N,236,13,1,27.0,0.0,0.5,4.47,0.0,0.3,34.77,2.5,0.0
1,2021-11-01 06:43:47,2021-11-01 06:47:49,1.0,0.3,1.0,Y,263,262,2,4.5,2.5,0.5,0.0,0.0,0.3,7.8,2.5,0.0
1,2021-11-01 06:53:15,2021-11-01 07:07:03,1.0,2.7,1.0,N,140,238,2,11.5,2.5,0.5,0.0,0.0,0.3,14.8,2.5,0.0
2,2021-11-01 06:36:44,2021-11-01 06:52:35,1.0,8.44,1.0,N,263,138,1,24.0,0.0,0.5,6.77,6.55,0.3,40.62,2.5,0.0
1,2021-11-01 06:02:21,2021-11-01 06:20:04,1.0,5.2,1.0,N,236,125,1,17.5,2.5,0.5,4.15,0.0,0.3,24.95,2.5,0.0
1,2021-11-01 06:20:57,2021-11-01 06:44:07,1.0,9.7,1.0,N,211,244,1,30.0,2.5,0.5,6.65,0.0,0.3,39.95,2.5,0.0
1,2021-11-01 06:49:32,2021-11-01 06:54:27,1.0,0.7,1.0,N,141,237,1,5.0,2.5,0.5,1.25,0.0,0.3,9.55,2.5,0.0
1,2021-11-01 06:29:27,2021-11-01 06:33:34,3.0,1.2,1.0,N,137,229,1,5.5,2.5,0.5,1.0,0.0,0.3,9.8,2.5,0.0
1,2021-11-01 06:37:31,2021-11-01 06:45:07,3.0,2.0,1.0,N,162,113,1,8.5,2.5,0.5,2.2,0.0,0.3,14.0,2.5,0.0
2,2021-11-01 06:46:35,2021-11-01 06:52:59,1.0,1.44,1.0,N,263,141,1,7.0,0.0,0.5,3.09,0.0,0.3,13.39,2.5,0.0
2,2021-11-01 06:43:33,2021-11-01 07:05:27,1.0,3.03,1.0,N,243,136,1,16.0,0.0,0.5,0.0,0.0,0.3,16.8,0.0,0.0
2,2021-11-01 06:17:57,2021-11-01 06:43:23,1.0,10.84,1.0,N,43,138,1,31.0,0.0,0.5,8.17,6.55,0.3,49.02,2.5,0.0
1,2021-11-01 06:11:00,2021-11-01 06:36:21,1.0,10.2,1.0,N,239,138,1,31.5,2.5,0.5,10.3,6.55,0.3,51.65,2.5,0.0
1,2021-11-01 06:45:18,2021-11-01 06:47:42,0.0,0.3,1.0,N,211,125,2,3.5,2.5,0.5,0.0,0.0,0.3,6.8,2.5,0.0
1,2021-11-01 06:53:10,2021-11-01 07:04:46,0.0,2.8,1.0,N,158,161,1,10.5,2.5,0.5,2.75,0.0,0.3,16.55,2.5,0.0
2,2021-11-01 06:59:51,2021-11-01 08:17:08,2.0,16.42,2.0,N,132,87,1,52.0,0.0,0.5,12.37,6.55,0.3,75.47,2.5,1.25
2,2021-11-01 06:35:14,2021-11-01 07:10:07,1.0,7.02,1.0,N,229,95,2,28.5,0.0,0.5,0.0,0.0,0.3,31.8,2.5,0.0
1,2021-11-01 06:30:11,2021-11-01 06:42:28,1.0,2.7,1.0,Y,239,42,1,11.5,2.5,0.5,2.95,0.0,0.3,17.75,2.5,0.0
1,2021-11-01 06:52:48,2021-11-01 07:02:38,1.0,2.3,1.0,Y,238,74,1,9.5,2.5,0.5,3.2,0.0,0.3,16.0,2.5,0.0
2,2021-11-01 06:23:56,2021-11-01 06:30:52,1.0,2.29,1.0,N,239,161,1,8.5,0.0,0.5,2.36,0.0,0.3,14.16,2.5,0.0
2,2021-11-01 06:49:18,2021-11-01 06:57:46,1.0,2.03,1.0,N,142,100,1,8.5,0.0,0.5,2.36,0.0,0.3,14.16,2.5,0.0
2,2021-11-01 06:57:52,2021-11-01 07:15:45,1.0,4.77,1.0,N,236,249,1,16.0,0.0,0.5,3.86,0.0,0.3,23.16,2.5,0.0
1,2021-11-01 06:55:32,2021-11-01 07:03:07,1.0,2.4,1.0,N,107,140,1,9.0,2.5,0.5,1.0,0.0,0.3,13.3,2.5,0.0
2,2021-11-01 06:48:07,2021-11-01 06:50:57,1.0,0.6,1.0,N,263,263,1,4.0,0.0,0.5,1.46,0.0,0.3,8.76,2.5,0.0
2,2021-11-01 06:54:01,2021-11-01 06:57:34,1.0,1.35,1.0,N,263,141,1,5.5,0.0,0.5,1.32,0.0,0.3,10.12,2.5,0.0
2,2021-11-01 06:29:36,2021-11-01 06:43:33,4.0,3.8,1.0,N,229,125,1,13.5,0.0,0.5,3.36,0.0,0.3,20.16,2.5,0.0
2,2021-11-01 06:46:03,2021-11-01 06:57:20,3.0,2.93,1.0,N,158,161,1,11.0,0.0,0.5,2.86,0.0,0.3,17.16,2.5,0.0
2,2021-11-01 06:33:58,2021-11-01 06:39:29,2.0,1.06,1.0,N,107,100,2,6.0,0.0,0.5,0.0,0.0,0.3,9.3,2.5,0.0
2,2021-11-01 06:42:26,2021-11-01 06:54:34,2.0,2.14,1.0,N,186,237,1,10.0,0.0,0.5,3.99,0.0,0.3,17.29,2.5,0.0
2,2021-11-01 06:08:08,2021-11-01 06:21:31,1.0,3.56,1.0,N,179,161,2,12.5,0.0,0.5,0.0,0.0,0.3,15.8,2.5,0.0
2,2021-11-01 06:31:52,2021-11-01 06:35:14,1.0,0.52,1.0,N,237,140,1,4.5,0.0,0.5,1.56,0.0,0.3,9.36,2.5,0.0
2,2021-11-01 06:46:47,2021-11-01 06:49:53,1.0,0.97,1.0,N,263,237,1,5.0,0.0,0.5,0.42,0.0,0.3,8.72,2.5,0.0
2,2021-11-01 06:48:10,2021-11-01 07:31:07,1.0,11.6,1.0,N,132,82,1,37.0,0.0,0.5,7.81,0.0,0.3,46.86,0.0,1.25
2,2021-11-01 06:46:05,2021-11-01 07:53:19,1.0,19.45,1.0,N,132,256,1,59.0,0.0,0.5,12.21,0.0,0.3,73.26,0.0,1.25
2,2021-11-01 06:16:14,2021-11-01 06:26:41,6.0,2.1,1.0,N,100,137,1,9.5,0.0,0.5,1.0,0.0,0.3,13.8,2.5,0.0
2,2021-11-01 06:34:00,2021-11-01 06:40:00,6.0,1.09,1.0,N,162,48,2,6.0,0.0,0.5,0.0,0.0,0.3,9.3,2.5,0.0
2,2021-11-01 06:45:52,2021-11-01 06:53:19,6.0,1.4,1.0,N,48,161,1,7.0,0.0,0.5,1.0,0.0,0.3,11.3,2.5,0.0
1,2021-11-01 06:15:13,2021-11-01 07:11:05,1.0,20.3,2.0,N,132,141,1,52.0,3.75,0.5,12.6,6.55,0.3,75.7,2.5,1.25
1,2021-11-01 06:42:44,2021-11-01 06:57:39,1.0,3.1,1.0,N,186,141,1,13.0,2.5,0.5,2.5,0.0,0.3,18.8,2.5,0.0
2,2021-11-01 06:09:59,2021-11-01 06:34:15,1.0,10.2,1.0,N,90,138,1,30.5,0.0,0.5,8.07,6.55,0.3,48.42,2.5,0.0
2,2021-11-01 06:30:56,2021-11-01 07:07:26,1.0,17.44,2.0,N,263,132,1,52.0,0.0,0.5,11.87,6.55,0.3,71.22,0.0,0.0
2,2021-11-01 06:50:55,2021-11-01 06:51:15,1.0,0.03,1.0,N,242,242,3,-2.5,0.0,-0.5,0.0,0.0,-0.3,-3.3,0.0,0.0
2,2021-11-01 06:50:55,2021-11-01 06:51:15,1.0,0.03,1.0,N,242,242,2,2.5,0.0,0.5,0.0,0.0,0.3,3.3,0.0,0.0
2,2021-11-01 06:30:50,2021-11-01 06:40:22,1.0,2.49,1.0,N,140,75,1,9.5,0.0,0.5,1.92,0.0,0.3,14.72,2.5,0.0
2,2021-11-01 06:45:30,2021-11-01 07:09:49,1.0,6.34,1.0,N,52,107,1,22.0,0.0,0.5,5.06,0.0,0.3,30.36,2.5,0.0
1,2021-11-01 06:00:56,2021-11-01 06:13:18,1.0,6.9,1.0,N,262,88,2,20.5,2.5,0.5,0.0,0.0,0.3,23.8,2.5,0.0
1,2021-11-01 06:39:07,2021-11-01 06:50:42,1.0,2.0,1.0,N,13,114,1,10.0,2.5,0.5,2.65,0.0,0.3,15.95,2.5,0.0
2,2021-11-01 06:59:31,2021-11-01 07:12:15,1.0,1.68,1.0,N,75,166,2,10.0,0.0,0.5,0.0,0.0,0.3,10.8,0.0,0.0
1,2021-11-01 06:39:26,2021-11-01 06:49:47,1.0,2.1,1.0,N,140,161,1,9.5,2.5,0.5,2.55,0.0,0.3,15.35,2.5,0.0
1,2021-11-01 06:59:47,2021-11-01 07:16:46,1.0,3.1,1.0,N,186,140,1,14.0,2.5,0.5,2.0,0.0,0.3,19.3,2.5,0.0
1,2021-11-01 06:04:16,2021-11-01 06:11:04,0.0,2.0,1.0,N,90,233,1,8.0,2.5,0.5,2.25,0.0,0.3,13.55,2.5,0.0
2,2021-11-01 06:28:45,2021-11-01 06:32:45,1.0,0.97,1.0,N,186,170,1,5.0,0.0,0.5,3.0,0.0,0.3,11.3,2.5,0.0
2,2021-11-01 06:04:48,2021-11-01 06:05:23,1.0,0.49,1.0,N,74,74,2,3.5,0.0,0.5,0.0,0.0,0.3,4.3,0.0,0.0
2,2021-11-01 06:46:51,2021-11-01 06:59:47,1.0,3.59,1.0,N,41,162,1,13.0,0.0,0.5,2.0,0.0,0.3,18.3,2.5,0.0
2,2021-11-01 06:53:06,2021-11-01 06:53:10,1.0,0.0,5.0,N,132,132,2,20.0,0.0,0.0,0.0,0.0,0.3,20.3,0.0,0.0
2,2021-11-01 06:59:00,2021-11-01 06:59:05,1.0,0.0,5.0,N,132,132,4,-20.0,0.0,0.0,0.0,0.0,-0.3,-20.3,0.0,0.0
2,2021-11-01 06:59:00,2021-11-01 06:59:05,1.0,0.0,5.0,N,132,132,2,20.0,0.0,0.0,0.0,0.0,0.3,20.3,0.0,0.0
1,2021-11-01 06:22:45,2021-11-01 06:37:31,1.0,3.4,1.0,N,262,100,1,13.5,2.5,0.5,3.35,0.0,0.3,20.15,2.5,0.0
1,2021-11-01 06:38:45,2021-11-01 07:04:39,2.0,12.3,1.0,N,100,138,1,35.5,2.5,0.5,9.05,6.55,0.3,54.4,2.5,0.0
2,2021-11-01 06:00:48,2021-11-01 06:05:41,1.0,1.54,1.0,N,236,162,1,6.5,0.5,0.5,1.0,0.0,0.3,11.3,2.5,0.0
2,2021-11-01 06:34:47,2021-11-01 06:45:09,1.0,2.8,1.0,N,142,75,1,10.5,0.0,0.5,2.76,0.0,0.3,16.56,2.5,0.0
2,2021-11-01 06:54:00,2021-11-01 06:58:28,1.0,1.25,1.0,N,236,262,1,6.0,0.0,0.5,1.86,0.0,0.3,11.16,2.5,0.0
2,2021-11-01 06:49:51,2021-11-01 07:01:19,1.0,2.77,1.0,N,236,230,1,11.0,0.0,0.5,2.86,0.0,0.3,17.16,2.5,0.0
2,2021-11-01 07:02:17,2021-11-01 07:07:22,1.0,0.82,1.0,N,230,162,1,5.5,0.0,0.5,1.2,0.0,0.3,10.0,2.5,0.0
2,2021-11-01 06:13:38,2021-11-01 06:29:20,1.0,4.2,1.0,N,141,112,1,15.5,0.0,0.5,2.0,0.0,0.3,20.8,2.5,0.0
2,2021-11-01 06:50:29,2021-11-01 06:55:28,2.0,2.0,1.0,N,79,162,1,7.5,0.0,0.5,2.16,0.0,0.3,12.96,2.5,0.0
1,2021-11-01 06:21:30,2021-11-01 06:24:55,1.0,0.7,1.0,N,48,68,3,4.5,2.5,0.5,0.0,0.0,0.3,7.8,2.5,0.0
1,2021-11-01 06:31:38,2021-11-01 06:36:04,1.0,1.1,1.0,N,100,163,1,5.5,2.5,0.5,2.2,0.0,0.3,11.0,2.5,0.0
1,2021-11-01 06:51:54,2021-11-01 06:58:15,1.0,1.2,1.0,N,100,163,1,6.5,2.5,0.5,1.95,0.0,0.3,11.75,2.5,0.0
2,2021-11-01 06:16:16,2021-11-01 06:26:53,1.0,3.66,1.0,N,163,41,2,12.0,0.0,0.5,0.0,0.0,0.3,15.3,2.5,0.0
2,2021-11-01 06:42:32,2021-11-01 06:56:18,2.0,2.85,1.0,N,238,141,1,12.5,0.0,0.5,3.16,0.0,0.3,18.96,2.5,0.0
2,2021-11-01 06:38:23,2021-11-01 06:50:38,1.0,2.79,1.0,N,238,230,2,11.5,0.0,0.5,0.0,0.0,0.3,14.8,2.5,0.0
2,2021-11-01 06:57:16,2021-11-01 06:59:58,1.0,0.71,1.0,N,100,186,1,4.0,0.0,0.5,1.0,0.0,0.3,8.3,2.5,0.0
2,2021-11-01 06:34:41,2021-11-01 06:34:48,1.0,0.02,1.0,N,132,132,2,2.5,0.0,0.5,0.0,0.0,0.3,4.55,0.0,1.25
2,2021-11-01 06:35:37,2021-11-01 07:29:17,1.0,17.23,2.0,N,132,234,1,52.0,0.0,0.5,12.37,6.55,0.3,75.47,2.5,1.25
1,2021-11-01 06:14:14,2021-11-01 06:19:02,0.0,1.2,1.0,N,100,142,1,6.0,2.5,0.5,2.0,0.0,0.3,11.3,2.5,0.0
2,2021-11-01 06:28:54,2021-11-01 06:52:18,1.0,8.67,1.0,N,132,191,1,26.0,0.0,0.5,5.36,0.0,0.3,33.41,0.0,1.25
1,2021-11-01 06:17:57,2021-11-01 06:35:28,1.0,6.3,1.0,N,249,75,1,20.5,2.5,0.5,5.0,0.0,0.3,28.8,2.5,0.0
1,2021-11-01 06:56:20,2021-11-01 07:02:44,1.0,1.5,1.0,N,237,170,1,7.0,2.5,0.5,2.55,0.0,0.3,12.85,2.5,0.0
1,2021-11-01 06:06:41,2021-11-01 06:16:03,1.0,2.3,1.0,N,141,50,1,9.5,2.5,0.5,2.55,0.0,0.3,15.35,2.5,0.0
1,2021-11-01 06:23:13,2021-11-01 06:33:01,1.0,1.8,1.0,N,239,161,1,9.5,2.5,0.5,2.56,0.0,0.3,15.36,2.5,0.0
1,2021-11-01 06:42:22,2021-11-01 06:55:07,1.0,5.4,1.0,N,142,244,2,18.0,2.5,0.5,0.0,0.0,0.3,21.3,2.5,0.0
2,2021-11-01 06:24:28,2021-11-01 06:39:28,2.0,3.65,1.0,N,162,231,1,13.5,0.0,0.5,1.5,0.0,0.3,18.3,2.5,0.0
2,2021-11-01 06:07:25,2021-11-01 06:07:25,2.0,0.0,5.0,N,264,264,1,69.0,0.0,0.0,5.0,0.0,0.0,74.0,0.0,0.0
2,2021-11-01 06:43:02,2021-11-01 07:19:19,1.0,9.72,1.0,N,132,196,2,30.5,0.0,0.5,0.0,0.0,0.3,31.3,0.0,0.0
2,2021-11-01 06:51:50,2021-11-01 06:58:36,1.0,1.72,1.0,N,140,233,1,7.5,0.0,0.5,20.0,0.0,0.3,30.8,2.5,0.0
1,2021-11-01 06:06:55,2021-11-01 06:15:46,1.0,2.0,1.0,N,186,113,2,8.5,2.5,0.5,0.0,0.0,0.3,11.8,2.5,0.0
1,2021-11-01 06:27:03,2021-11-01 06:33:25,1.0,1.0,1.0,N,186,170,1,6.0,2.5,0.5,2.75,0.0,0.3,12.05,2.5,0.0
1,2021-11-01 06:41:37,2021-11-01 06:48:24,1.0,1.3,1.0,N,186,170,2,6.5,2.5,0.5,0.0,0.0,0.3,9.8,2.5,0.0
1,2021-11-01 06:51:57,2021-11-01 07:03:23,1.0,5.1,1.0,N,162,88,2,16.5,2.5,0.5,0.0,0.0,0.3,19.8,2.5,0.0
2,2021-11-01 07:58:44,2021-11-01 08:09:22,3.0,2.78,1.0,N,231,164,1,10.5,0.0,0.5,2.76,0.0,0.3,16.56,2.5,0.0
1,2021-11-01 06:48:12,2021-11-01 06:53:15,1.0,0.9,1.0,N,164,246,1,5.5,2.5,0.5,1.75,0.0,0.3,10.55,2.5,0.0
2,2021-11-01 06:36:21,2021-11-01 06:44:42,1.0,1.93,1.0,N,151,166,2,8.5,0.0,0.5,0.0,0.0,0.3,9.3,0.0,0.0
2,2021-11-01 06:17:44,2021-11-01 06:31:31,4.0,7.63,1.0,N,75,138,1,22.0,0.0,0.5,3.52,6.55,0.3,32.87,0.0,0.0
2,2021-11-01 06:22:06,2021-11-01 06:59:20,1.0,16.43,1.0,N,132,85,1,47.5,0.0,0.5,2.0,0.0,0.3,51.55,0.0,1.25
1,2021-11-01 06:04:33,2021-11-01 06:29:37,1.0,5.4,1.0,N,13,181,2,21.5,2.5,0.5,0.0,0.0,0.3,24.8,2.5,0.0
2,2021-11-01 06:29:18,2021-11-01 06:56:22,1.0,9.42,1.0,N,229,138,1,29.5,0.0,0.5,8.2,0.0,0.3,41.0,2.5,0.0
1,2021-11-01 06:12:35,2021-11-01 06:17:36,0.0,1.9,1.0,N,90,163,1,7.5,2.5,0.5,0.0,0.0,0.3,10.8,2.5,0.0
1,2021-11-01 06:22:55,2021-11-01 06:43:09,0.0,4.1,1.0,N,142,42,1,17.0,2.5,0.5,1.0,0.0,0.3,21.3,2.5,0.0
2,2021-11-01 06:43:39,2021-11-01 06:48:41,1.0,1.39,1.0,N,186,161,2,6.0,0.0,0.5,0.0,0.0,0.3,9.3,2.5,0.0
2,2021-11-01 06:55:06,2021-11-01 07:02:40,1.0,0.76,1.0,N,100,170,1,6.5,0.0,0.5,1.96,0.0,0.3,11.76,2.5,0.0
1,2021-11-01 06:09:13,2021-11-01 06:18:31,1.0,1.9,1.0,Y,163,164,1,9.0,2.5,0.5,1.0,0.0,0.3,13.3,2.5,0.0
1,2021-11-01 06:36:49,2021-11-01 06:48:20,1.0,1.8,1.0,N,68,107,1,9.5,2.5,0.5,1.0,0.0,0.3,13.8,2.5,0.0
1,2021-11-01 06:50:06,2021-11-01 06:56:54,1.0,1.0,1.0,N,79,113,1,6.5,2.5,0.5,1.95,0.0,0.3,11.75,2.5,0.0
2,2021-11-01 06:23:47,2021-11-01 06:26:47,1.0,0.87,1.0,N,262,140,1,4.5,0.0,0.5,1.0,0.0,0.3,8.8,2.5,0.0
2,2021-11-01 06:35:13,2021-11-01 06:52:39,1.0,3.77,1.0,N,263,170,2,15.0,0.0,0.5,0.0,0.0,0.3,18.3,2.5,0.0
2,2021-11-01 06:54:56,2021-11-01 06:58:06,1.0,0.57,1.0,N,170,233,1,4.0,0.0,0.5,1.46,0.0,0.3,8.76,2.5,0.0
2,2021-11-01 06:02:33,2021-11-01 06:06:54,1.0,0.84,1.0,N,170,161,1,5.5,0.0,0.5,1.76,0.0,0.3,10.56,2.5,0.0
2,2021-11-01 06:13:08,2021-11-01 06:16:26,1.0,0.91,1.0,N,48,161,1,4.5,0.0,0.5,2.0,0.0,0.3,9.8,2.5,0.0
2,2021-11-01 06:25:39,2021-11-01 06:39:57,1.0,3.3,1.0,N,100,236,2,13.0,0.0,0.5,0.0,0.0,0.3,16.3,2.5,0.0
2,2021-11-01 06:40:18,2021-11-01 06:56:38,1.0,8.67,1.0,N,236,138,1,25.5,0.0,0.5,10.6,6.55,0.3,45.95,2.5,0.0
2,2021-11-01 06:58:51,2021-11-01 07:34:11,3.0,17.23,1.0,N,231,174,1,48.5,0.0,0.5,30.0,0.0,0.3,81.8,2.5,0.0
2,2021-11-01 06:30:44,2021-11-01 06:48:35,1.0,7.55,1.0,N,239,148,1,23.0,0.0,0.5,5.26,0.0,0.3,31.56,2.5,0.0
2,2021-11-01 06:54:39,2021-11-01 07:04:53,1.0,3.06,1.0,N,107,140,1,11.0,0.0,0.5,3.58,0.0,0.3,17.88,2.5,0.0
1,2021-11-01 06:05:47,2021-11-01 06:10:29,1.0,1.9,1.0,N,140,75,1,7.0,2.5,0.5,2.0,0.0,0.3,12.3,2.5,0.0
1,2021-11-01 06:16:53,2021-11-01 06:23:48,1.0,2.4,1.0,N,263,161,2,9.0,2.5,0.5,0.0,0.0,0.3,12.3,2.5,0.0
1,2021-11-01 06:30:53,2021-11-01 06:35:05,1.0,0.7,1.0,N,142,163,1,5.0,2.5,0.5,1.66,0.0,0.3,9.96,2.5,0.0
1,2021-11-01 06:41:45,2021-11-01 06:48:56,1.0,2.3,1.0,N,142,166,1,8.5,2.5,0.5,1.77,0.0,0.3,13.57,2.5,0.0
2,2021-11-01 06:29:23,2021-11-01 07:27:07,1.0,20.79,1.0,N,132,31,1,62.0,0.0,0.5,10.0,6.55,0.3,80.6,0.0,1.25
2,2021-11-01 06:01:06,2021-11-01 06:06:23,3.0,2.21,1.0,N,237,75,2,8.0,0.0,0.5,0.0,0.0,0.3,11.3,2.5,0.0
2,2021-11-01 06:17:24,2021-11-01 06:42:08,1.0,10.49,1.0,N,161,138,1,31.0,0.0,0.5,6.86,0.0,0.3,41.16,2.5,0.0
1,2021-11-01 06:55:56,2021-11-01 08:01:53,2.0,17.5,2.0,N,132,237,2,52.0,3.75,0.5,0.0,6.55,0.3,63.1,2.5,1.25
2,2021-11-01 06:30:32,2021-11-01 06:34:48,1.0,1.0,1.0,N,239,142,1,5.5,0.0,0.5,0.88,0.0,0.3,9.68,2.5,0.0
2,2021-11-01 06:38:33,2021-11-01 06:42:33,1.0,1.21,1.0,N,143,238,1,5.5,0.0,0.5,2.64,0.0,0.3,11.44,2.5,0.0
2,2021-11-01 06:44:14,2021-11-01 06:49:18,1.0,1.26,1.0,N,238,75,1,6.0,0.0,0.5,1.86,0.0,0.3,11.16,2.5,0.0
1,2021-11-01 06:53:30,2021-11-01 07:17:09,1.0,7.0,1.0,N,42,246,1,24.0,2.5,0.5,5.45,0.0,0.3,32.75,2.5,0.0
2,2021-11-01 06:36:25,2021-11-01 06:47:49,1.0,3.85,1.0,N,151,68,1,13.0,0.0,0.5,0.0,0.0,0.3,16.3,2.5,0.0
2,2021-11-01 06:49:14,2021-11-01 06:53:52,1.0,0.99,1.0,N,68,50,2,5.5,0.0,0.5,0.0,0.0,0.3,8.8,2.5,0.0
2,2021-11-01 06:57:01,2021-11-01 07:02:54,1.0,1.11,1.0,N,48,161,1,6.5,0.0,0.5,1.96,0.0,0.3,11.76,2.5,0.0
1,2021-11-01 06:26:00,2021-11-01 07:02:14,2.0,16.8,2.0,N,148,132,1,52.0,2.5,0.5,4.7,0.0,0.3,60.0,2.5,0.0
1,2021-11-01 06:12:20,2021-11-01 06:31:23,1.0,7.1,1.0,N,226,41,1,22.0,2.5,0.5,5.05,0.0,0.3,30.35,2.5,0.0
1,2021-11-01 06:41:22,2021-11-01 06:56:23,1.0,3.7,1.0,N,151,162,2,14.0,2.5,0.5,0.0,0.0,0.3,17.3,2.5,0.0
2,2021-11-01 06:56:31,2021-11-01 07:04:29,5.0,1.48,1.0,N,236,140,1,7.5,0.0,0.5,2.16,0.0,0.3,12.96,2.5,0.0
2,2021-11-01 06:11:21,2021-11-01 06:31:55,1.0,10.0,1.0,N,237,138,1,29.0,0.0,0.5,9.71,6.55,0.3,48.56,2.5,0.0
2,2021-11-01 06:54:08,2021-11-01 06:57:19,1.0,0.63,1.0,N,263,75,2,4.5,0.0,0.5,0.0,0.0,0.3,7.8,2.5,0.0
2,2021-11-01 06:20:16,2021-11-01 06:26:24,6.0,0.92,1.0,N,141,262,2,6.5,0.0,0.5,0.0,0.0,0.3,9.8,2.5,0.0
2,2021-11-01 06:31:20,2021-11-01 06:34:28,6.0,0.65,1.0,N,140,237,1,4.5,0.0,0.5,4.0,0.0,0.3,11.8,2.5,0.0
2,2021-11-01 06:49:10,2021-11-01 07:00:58,6.0,2.09,1.0,N,141,75,1,9.5,0.0,0.5,3.2,0.0,0.3,16.0,2.5,0.0
2,2021-11-01 06:01:53,2021-11-01 06:06:58,1.0,1.28,1.0,N,237,236,1,6.0,0.0,0.5,1.0,0.0,0.3,10.3,2.5,0.0
2,2021-11-01 06:13:31,2021-11-01 06:36:15,1.0,7.45,1.0,N,236,231,1,24.5,0.0,0.5,0.1,0.0,0.3,27.9,2.5,0.0
2,2021-11-01 06:43:22,2021-11-01 06:51:20,1.0,2.47,1.0,N,211,230,1,9.0,0.0,0.5,2.46,0.0,0.3,14.76,2.5,0.0
2,2021-11-01 06:59:32,2021-11-01 07:21:55,1.0,4.79,1.0,N,237,231,1,18.0,0.0,0.5,4.26,0.0,0.3,25.56,2.5,0.0
2,2021-11-01 06:19:05,2021-11-01 06:36:42,1.0,3.91,1.0,N,170,13,1,15.0,0.0,0.5,2.74,0.0,0.3,21.04,2.5,0.0
1,2021-11-01 06:03:10,2021-11-01 06:25:52,1.0,10.4,1.0,N,239,138,1,31.0,2.5,0.5,8.15,6.55,0.3,49.0,2.5,0.0
1,2021-11-01 06:58:50,2021-11-01 07:07:46,0.0,2.2,1.0,N,140,75,1,9.0,2.5,0.5,2.46,0.0,0.3,14.76,2.5,0.0
2,2021-11-01 07:53:11,2021-11-01 08:03:40,3.0,2.95,1.0,N,231,170,1,11.0,0.0,0.5,2.86,0.0,0.3,17.16,2.5,0.0
2,2021-11-01 06:32:00,2021-11-01 06:46:38,1.0,6.1,1.0,N,229,13,1,19.0,0.0,0.5,4.46,0.0,0.3,26.76,2.5,0.0
2,2021-11-01 06:18:27,2021-11-01 06:34:16,1.0,5.46,1.0,N,148,75,2,17.0,0.0,0.5,0.0,0.0,0.3,20.3,2.5,0.0
2,2021-11-01 06:14:00,2021-11-01 06:26:23,1.0,3.0,1.0,N,186,140,1,11.5,0.0,0.5,2.96,0.0,0.3,17.76,2.5,0.0
2,2021-11-01 06:24:49,2021-11-01 06:36:38,1.0,2.13,1.0,N,116,74,1,10.0,0.0,0.5,3.24,0.0,0.3,14.04,0.0,0.0
2,2021-11-01 06:19:39,2021-11-01 06:26:09,1.0,1.83,1.0,N,239,48,1,7.5,0.0,0.5,2.16,0.0,0.3,12.96,2.5,0.0
2,2021-11-01 06:27:55,2021-11-01 06:34:52,1.0,0.93,1.0,N,48,186,1,6.0,0.0,0.5,1.86,0.0,0.3,11.16,2.5,0.0
2,2021-11-01 06:56:16,2021-11-01 07:01:30,1.0,1.33,1.0,N,90,230,1,6.0,0.0,0.5,1.86,0.0,0.3,11.16,2.5,0.0
2,2021-11-01 06:02:54,2021-11-01 06:11:04,1.0,1.53,1.0,N,100,162,2,7.5,0.0,0.5,0.0,0.0,0.3,10.8,2.5,0.0
2,2021-11-01 06:15:28,2021-11-01 06:18:17,1.0,0.57,1.0,N,170,164,1,4.0,0.0,0.5,1.46,0.0,0.3,8.76,2.5,0.0
2,2021-11-01 06:19:59,2021-11-01 06:21:49,1.0,0.44,1.0,N,164,186,1,3.5,0.0,0.5,0.0,0.0,0.3,6.8,2.5,0.0
2,2021-11-01 06:25:21,2021-11-01 06:50:20,1.0,16.4,3.0,N,68,1,1,61.5,0.0,0.0,0.0,16.75,0.3,78.55,0.0,0.0
2,2021-11-01 06:12:39,2021-11-01 06:15:46,1.0,0.71,1.0,N,161,100,1,4.5,0.5,0.5,1.66,0.0,0.3,9.96,2.5,0.0
2,2021-11-01 06:17:55,2021-11-01 06:23:23,1.0,1.15,1.0,N,100,162,1,6.0,0.5,0.5,1.0,0.0,0.3,10.8,2.5,0.0
2,2021-11-01 06:34:31,2021-11-01 06:44:34,1.0,1.73,1.0,N,137,246,2,9.0,0.0,0.5,0.0,0.0,0.3,12.3,2.5,0.0
2,2021-11-01 06:49:51,2021-11-01 06:53:42,1.0,0.98,1.0,N,186,230,1,5.0,0.0,0.5,2.49,0.0,0.3,10.79,2.5,0.0
2,2021-11-01 06:58:50,2021-11-01 07:06:49,1.0,0.78,1.0,N,48,170,2,6.5,0.0,0.5,0.0,0.0,0.3,9.8,2.5,0.0
1,2021-11-01 06:04:35,2021-11-01 06:56:33,1.0,20.5,2.0,N,132,236,1,52.0,3.75,0.5,12.62,6.55,0.3,75.72,2.5,1.25
2,2021-11-01 06:31:15,2021-11-01 06:40:57,1.0,3.27,1.0,N,233,75,1,11.0,0.0,0.5,2.86,0.0,0.3,17.16,2.5,0.0
2,2021-11-01 06:42:52,2021-11-01 06:48:25,1.0,1.32,1.0,N,43,237,1,6.5,0.0,0.5,1.96,0.0,0.3,11.76,2.5,0.0
2,2021-11-01 06:53:25,2021-11-01 07:07:50,1.0,8.54,1.0,N,262,138,1,24.5,0.0,0.5,6.87,6.55,0.3,41.22,2.5,0.0
1,2021-11-01 06:17:10,2021-11-01 06:27:17,0.0,3.1,1.0,N,162,125,1,10.5,2.5,0.5,2.75,0.0,0.3,16.55,2.5,0.0
1,2021-11-01 06:33:31,2021-11-01 07:02:59,0.0,11.5,1.0,N,249,138,1,34.0,2.5,0.5,4.0,6.55,0.3,47.85,2.5,0.0
2,2021-11-01 06:49:20,2021-11-01 07:01:55,2.0,6.93,1.0,N,50,244,2,21.0,0.0,0.5,0.0,0.0,0.3,24.3,2.5,0.0
2,2021-11-01 06:42:27,2021-11-01 06:48:55,3.0,1.43,1.0,N,142,237,1,7.0,0.0,0.5,2.06,0.0,0.3,12.36,2.5,0.0
2,2021-11-01 06:14:37,2021-11-01 06:15:31,1.0,0.03,1.0,N,211,211,1,2.5,0.0,0.5,4.12,0.0,0.3,9.92,2.5,0.0
2,2021-11-01 06:19:58,2021-11-01 06:21:48,1.0,0.34,1.0,N,148,232,2,3.5,0.0,0.5,0.0,0.0,0.3,6.8,2.5,0.0
2,2021-11-01 06:47:06,2021-11-01 06:47:15,1.0,0.03,1.0,N,87,87,2,2.5,0.0,0.5,0.0,0.0,0.3,5.8,2.5,0.0
2,2021-11-01 06:07:16,2021-11-01 06:13:28,1.0,1.84,1.0,N,237,239,2,7.5,0.0,0.5,0.0,0.0,0.3,10.8,2.5,0.0
1,2021-11-01 06:29:16,2021-11-01 06:37:16,1.0,2.1,1.0,N,231,164,2,9.0,2.5,0.5,0.0,0.0,0.3,12.3,2.5,0.0
1,2021-11-01 06:47:10,2021-11-01 06:57:25,1.0,2.2,1.0,N,186,237,1,9.5,2.5,0.5,3.0,0.0,0.3,15.8,2.5,0.0
1,2021-11-01 06:25:58,2021-11-01 06:32:13,1.0,1.6,1.0,N,141,162,1,7.0,2.5,0.5,1.03,0.0,0.3,11.33,2.5,0.0
1,2021-11-01 06:49:46,2021-11-01 06:54:40,1.0,0.9,1.0,N,50,143,1,5.5,2.5,0.5,1.0,0.0,0.3,9.8,2.5,0.0
2,2021-11-01 06:13:48,2021-11-01 06:20:12,1.0,1.8,1.0,N,146,237,2,7.5,0.0,0.5,0.0,0.0,0.3,10.8,2.5,0.0
2,2021-11-01 06:52:27,2021-11-01 06:57:30,1.0,1.3,1.0,N,162,107,1,6.5,0.0,0.5,1.25,0.0,0.3,11.05,2.5,0.0
1,2021-11-01 06:48:55,2021-11-01 07:03:13,2.0,3.5,1.0,N,231,161,1,13.5,2.5,0.5,3.35,0.0,0.3,20.15,2.5,0.0
1,2021-11-01 06:44:56,2021-11-01 06:51:18,1.0,1.4,1.0,N,48,143,1,7.0,2.5,0.5,2.05,0.0,0.3,12.35,2.5,0.0
1,2021-11-01 06:59:07,2021-11-01 07:02:00,1.0,0.5,1.0,N,48,68,1,4.0,2.5,0.5,1.46,0.0,0.3,8.76,2.5,0.0
2,2021-11-01 06:29:20,2021-11-01 06:53:14,1.0,5.69,1.0,N,164,42,2,21.5,0.0,0.5,0.0,0.0,0.3,24.8,2.5,0.0
2,2021-11-01 06:59:47,2021-11-01 07:25:03,2.0,11.94,1.0,N,230,138,1,35.0,0.0,0.5,11.21,6.55,0.3,56.06,2.5,0.0
2,2021-11-01 06:42:54,2021-11-01 07:12:08,1.0,9.81,1.0,N,132,138,1,30.0,0.0,0.5,10.0,0.0,0.3,40.8,0.0,0.0
2,2021-11-01 06:07:27,2021-11-01 06:14:10,1.0,1.88,1.0,N,186,233,1,7.5,0.0,0.5,1.5,0.0,0.3,12.3,2.5,0.0
2,2021-11-01 06:26:49,2021-11-01 06:34:04,1.0,1.69,1.0,N,230,137,2,7.5,0.0,0.5,0.0,0.0,0.3,10.8,2.5,0.0
2,2021-11-01 06:15:39,2021-11-01 06:45:18,1.0,6.2,1.0,N,238,146,1,24.0,0.0,0.5,6.83,0.0,0.3,34.13,2.5,0.0
2,2021-11-01 06:41:45,2021-11-01 06:46:56,1.0,1.27,1.0,N,142,100,1,6.0,0.0,0.5,2.79,0.0,0.3,12.09,2.5,0.0
2,2021-11-01 06:50:33,2021-11-01 06:58:55,1.0,1.27,1.0,N,186,137,1,7.5,0.0,0.5,2.16,0.0,0.3,12.96,2.5,0.0
1,2021-11-01 06:58:56,2021-11-01 07:08:38,1.0,2.7,1.0,N,158,230,1,10.0,2.5,0.5,1.0,0.0,0.3,14.3,2.5,0.0
2,2021-11-01 06:10:14,2021-11-01 06:46:09,1.0,18.4,1.0,N,132,133,1,50.0,0.0,0.5,10.41,0.0,0.3,62.46,0.0,1.25
2,2021-11-01 05:54:58,2021-11-01 06:28:03,1.0,10.72,1.0,N,132,61,2,33.5,0.0,0.5,0.0,0.0,0.3,35.55,0.0,1.25
2,2021-11-01 06:31:11,2021-11-01 06:35:42,1.0,0.55,1.0,N,61,61,2,5.0,0.0,0.5,0.0,0.0,0.3,5.8,0.0,0.0
1,2021-11-01 06:06:21,2021-11-01 06:12:46,1.0,2.0,1.0,N,170,141,2,7.5,2.5,0.5,0.0,0.0,0.3,10.8,2.5,0.0
1,2021-11-01 06:28:10,2021-11-01 06:35:42,1.0,1.7,1.0,N,263,162,1,8.0,2.5,0.5,1.7,0.0,0.3,13.0,2.5,0.0
1,2021-11-01 06:52:48,2021-11-01 07:00:54,2.0,2.4,1.0,N,186,231,1,9.0,2.5,0.5,1.23,0.0,0.3,13.53,2.5,0.0
2,2021-11-01 06:06:13,2021-11-01 06:35:11,1.0,14.26,2.0,N,233,216,1,52.0,0.0,0.5,12.37,6.55,0.3,74.22,2.5,0.0
1,2021-11-01 06:46:20,2021-11-01 08:02:01,1.0,25.3,4.0,N,132,265,2,90.5,1.25,0.5,0.0,6.55,0.3,99.1,0.0,1.25
1,2021-11-01 06:05:12,2021-11-01 06:55:12,1.0,18.8,2.0,N,132,48,1,52.0,3.75,0.5,10.0,6.55,0.3,73.1,2.5,1.25
2,2021-11-01 06:58:43,2021-11-01 06:59:43,1.0,0.44,5.0,N,50,48,1,8.0,0.0,0.5,2.28,0.0,0.3,15.53,2.5,0.0
1,2021-11-01 06:34:57,2021-11-01 06:43:31,1.0,1.6,1.0,N,262,238,1,8.0,2.5,0.5,2.8,0.0,0.3,14.1,2.5,0.0
1,2021-11-01 06:48:37,2021-11-01 06:57:24,1.0,1.7,1.0,N,239,75,1,8.5,2.5,0.5,2.35,0.0,0.3,14.15,2.5,0.0
2,2021-11-01 06:44:52,2021-11-01 07:07:03,1.0,11.5,1.0,N,79,235,1,32.5,0.0,0.5,10.74,0.0,0.3,46.54,2.5,0.0
2,2021-11-01 06:30:09,2021-11-01 06:43:22,1.0,2.49,1.0,N,239,48,2,11.5,0.0,0.5,0.0,0.0,0.3,14.8,2.5,0.0
2,2021-11-01 06:44:21,2021-11-01 06:51:55,1.0,1.24,1.0,N,48,162,1,7.0,0.0,0.5,1.0,0.0,0.3,11.3,2.5,0.0
2,2021-11-01 06:13:53,2021-11-01 06:19:59,1.0,1.65,1.0,N,113,232,1,7.0,0.0,0.5,1.0,0.0,0.3,11.3,2.5,0.0
2,2021-11-01 06:27:46,2021-11-01 06:39:11,1.0,2.16,1.0,N,79,186,1,10.5,0.0,0.5,2.76,0.0,0.3,16.56,2.5,0.0
2,2021-11-01 06:46:05,2021-11-01 06:54:06,1.0,1.67,1.0,N,186,48,1,8.0,0.0,0.5,2.26,0.0,0.3,13.56,2.5,0.0
2,2021-11-01 06:50:12,2021-11-01 07:30:33,1.0,15.51,1.0,N,69,197,1,49.5,0.0,0.5,0.0,6.55,0.3,56.85,0.0,0.0
1,2021-11-01 06:04:34,2021-11-01 06:31:17,1.0,8.0,1.0,N,132,216,4,22.5,1.25,0.5,0.0,0.0,0.3,24.55,0.0,1.25
2,2021-11-01 06:11:02,2021-11-01 06:17:08,1.0,1.14,1.0,N,186,161,1,6.5,0.5,0.5,3.09,0.0,0.3,13.39,2.5,0.0
2,2021-11-01 06:19:34,2021-11-01 06:25:12,1.0,1.63,1.0,N,233,140,1,7.0,0.0,0.5,2.06,0.0,0.3,12.36,2.5,0.0
2,2021-11-01 06:29:10,2021-11-01 06:36:50,1.0,1.33,1.0,N,140,141,1,7.0,0.0,0.5,3.09,0.0,0.3,13.39,2.5,0.0
2,2021-11-01 06:40:26,2021-11-01 06:45:59,1.0,1.31,1.0,N,229,170,1,6.0,0.0,0.5,1.7,0.0,0.3,11.0,2.5,0.0
1,2021-11-01 06:56:25,2021-11-01 07:05:47,1.0,1.2,1.0,N,74,166,2,7.5,0.0,0.5,0.0,0.0,0.3,8.3,0.0,0.0
1,2021-11-01 06:37:55,2021-11-01 06:50:43,0.0,2.4,1.0,N,158,137,1,11.0,2.5,0.5,2.85,0.0,0.3,17.15,2.5,0.0
1,2021-11-01 06:56:14,2021-11-01 07:03:08,1.0,1.4,1.0,N,170,141,1,7.0,2.5,0.5,2.06,0.0,0.3,12.36,2.5,0.0
2,2021-11-01 06:07:37,2021-11-01 06:17:31,1.0,2.03,1.0,N,237,161,1,9.0,0.0,0.5,3.08,0.0,0.3,15.38,2.5,0.0
2,2021-11-01 06:29:14,2021-11-01 06:42:45,1.0,2.72,1.0,N,48,140,2,12.0,0.0,0.5,0.0,0.0,0.3,15.3,2.5,0.0
2,2021-11-01 06:45:58,2021-11-01 06:51:08,1.0,1.31,1.0,N,141,143,1,6.5,0.0,0.5,4.0,0.0,0.3,13.8,2.5,0.0
2,2021-11-01 06:52:36,2021-11-01 07:05:34,2.0,5.7,1.0,N,143,244,1,18.0,0.0,0.5,4.26,0.0,0.3,25.56,2.5,0.0
1,2021-11-01 06:13:06,2021-11-01 06:26:05,1.0,2.3,1.0,N,166,168,1,11.5,0.0,0.5,2.45,0.0,0.3,14.75,0.0,0.0
1,2021-11-01 06:44:01,2021-11-01 06:49:03,1.0,0.7,1.0,N,75,75,2,5.5,0.0,0.5,0.0,0.0,0.3,6.3,0.0,0.0
1,2021-11-01 06:39:20,2021-11-01 07:08:16,1.0,7.0,1.0,N,186,168,1,25.5,2.5,0.5,2.0,0.0,0.3,30.8,2.5,0.0
2,2021-11-01 06:16:42,2021-11-01 06:21:18,5.0,1.33,1.0,N,229,137,1,6.0,0.0,0.5,1.86,0.0,0.3,11.16,2.5,0.0
2,2021-11-01 06:31:19,2021-11-01 06:40:40,5.0,2.12,1.0,N,107,161,1,9.0,0.0,0.5,2.46,0.0,0.3,14.76,2.5,0.0
1,2021-11-01 06:59:46,2021-11-01 07:02:19,1.0,0.8,1.0,N,237,263,1,4.5,2.5,0.5,2.3,0.0,0.3,10.1,2.5,0.0
2,2021-11-01 06:57:18,2021-11-01 07:06:17,2.0,1.76,1.0,N,170,246,1,8.0,0.0,0.5,2.26,0.0,0.3,13.56,2.5,0.0
2,2021-11-01 06:47:32,2021-11-01 06:54:19,2.0,1.56,1.0,N,239,75,1,7.5,0.0,0.5,2.16,0.0,0.3,12.96,2.5,0.0
2,2021-11-01 06:42:26,2021-11-01 07:01:13,1.0,3.65,1.0,N,41,237,1,15.5,0.0,0.5,1.88,0.0,0.3,20.68,2.5,0.0
2,2021-11-01 06:43:23,2021-11-01 07:37:28,6.0,11.45,1.0,N,132,62,1,42.5,0.0,0.5,8.91,0.0,0.3,53.46,0.0,1.25
2,2021-11-01 06:37:41,2021-11-01 06:41:26,1.0,0.94,1.0,N,79,137,2,5.0,0.0,0.5,0.0,0.0,0.3,8.3,2.5,0.0
2,2021-11-01 06:43:38,2021-11-01 06:51:06,1.0,1.53,1.0,N,170,162,2,7.0,0.0,0.5,0.0,0.0,0.3,10.3,2.5,0.0
1,2021-11-01 06:10:00,2021-11-01 06:36:17,2.0,16.5,3.0,N,48,1,1,62.0,0.0,0.0,15.2,13.75,0.3,91.25,0.0,0.0
1,2021-11-01 06:59:49,2021-11-01 07:01:46,1.0,0.6,1.0,N,249,249,1,4.0,2.5,0.5,0.0,0.0,0.3,7.3,2.5,0.0
1,2021-11-01 06:42:03,2021-11-01 06:59:24,1.0,3.9,1.0,N,170,13,1,14.5,2.5,0.5,3.55,0.0,0.3,21.35,2.5,0.0
2,2021-11-01 06:27:17,2021-11-01 06:31:14,1.0,0.94,1.0,N,237,162,1,5.0,0.0,0.5,1.66,0.0,0.3,9.96,2.5,0.0
2,2021-11-01 06:49:47,2021-11-01 07:09:03,1.0,6.24,1.0,N,263,244,1,21.5,0.0,0.5,3.72,0.0,0.3,28.52,2.5,0.0
1,2021-11-01 06:04:59,2021-11-01 06:08:22,1.0,0.7,1.0,Y,233,164,1,5.0,2.5,0.5,1.66,0.0,0.3,9.96,2.5,0.0
1,2021-11-01 06:47:20,2021-11-01 07:24:42,1.0,16.8,2.0,N,161,132,1,52.0,2.5,0.5,12.0,6.55,0.3,73.85,2.5,0.0
1,2021-11-01 06:52:53,2021-11-01 06:57:52,1.0,2.0,1.0,N,229,236,1,7.5,2.5,0.5,2.15,0.0,0.3,12.95,2.5,0.0
2,2021-11-01 06:43:50,2021-11-01 06:58:17,1.0,4.08,1.0,N,132,10,2,15.5,0.0,0.5,0.0,0.0,0.3,17.55,0.0,1.25
2,2021-11-01 06:00:29,2021-11-01 06:09:40,1.0,1.32,1.0,N,237,161,2,8.5,0.0,0.5,0.0,0.0,0.3,11.8,2.5,0.0
2,2021-11-01 06:22:27,2021-11-01 06:27:37,1.0,1.1,1.0,N,186,230,1,6.0,0.0,0.5,1.0,0.0,0.3,10.3,2.5,0.0
2,2021-11-01 06:38:46,2021-11-01 06:53:25,1.0,3.01,1.0,N,186,140,1,12.5,0.0,0.5,2.0,0.0,0.3,17.8,2.5,0.0
2,2021-11-01 06:55:08,2021-11-01 07:04:36,1.0,1.1,1.0,N,41,75,2,7.5,0.0,0.5,0.0,0.0,0.3,8.3,0.0,0.0
2,2021-11-01 06:18:16,2021-11-01 06:49:57,1.0,11.47,1.0,N,132,138,1,33.5,0.0,0.5,7.11,0.0,0.3,42.66,0.0,1.25
2,2021-11-01 06:20:53,2021-11-01 06:32:21,1.0,4.03,1.0,N,233,75,2,13.0,0.0,0.5,0.0,0.0,0.3,16.3,2.5,0.0
2,2021-11-01 06:24:42,2021-11-01 07:01:32,1.0,15.0,3.0,N,125,1,2,62.5,0.0,0.0,0.0,18.35,0.3,81.15,0.0,0.0
1,2021-11-01 06:20:33,2021-11-01 06:24:25,1.0,0.5,1.0,Y,68,246,2,4.5,2.5,0.5,0.0,0.0,0.3,7.8,2.5,0.0
2,2021-11-01 06:13:53,2021-11-01 06:32:53,1.0,10.48,1.0,N,229,138,1,30.5,0.0,0.5,8.07,6.55,0.3,48.42,2.5,0.0
2,2021-11-01 06:09:14,2021-11-01 06:13:01,1.0,1.22,1.0,N,249,90,1,5.5,0.0,0.5,1.76,0.0,0.3,10.56,2.5,0.0
2,2021-11-01 06:27:42,2021-11-01 06:35:02,1.0,2.06,1.0,N,107,237,1,8.0,0.0,0.5,2.26,0.0,0.3,13.56,2.5,0.0
2,2021-11-01 06:11:34,2021-11-01 06:15:50,1.0,0.92,1.0,N,48,162,1,5.0,0.0,0.5,2.08,0.0,0.3,10.38,2.5,0.0
2,2021-11-01 06:22:50,2021-11-01 06:23:57,1.0,0.31,1.0,N,230,100,2,3.0,0.0,0.5,0.0,0.0,0.3,6.3,2.5,0.0
2,2021-11-01 06:29:58,2021-11-01 06:40:06,1.0,2.34,1.0,N,100,249,1,9.5,0.0,0.5,0.5,0.0,0.3,13.3,2.5,0.0
2,2021-11-01 06:45:14,2021-11-01 06:49:59,1.0,1.67,1.0,N,68,230,1,6.5,0.0,0.5,1.96,0.0,0.3,11.76,2.5,0.0
2,2021-11-01 06:54:39,2021-11-01 06:59:10,1.0,1.25,1.0,N,48,230,1,6.0,0.0,0.5,1.86,0.0,0.3,11.16,2.5,0.0
2,2021-11-01 06:05:25,2021-11-01 06:11:16,1.0,1.19,1.0,N,264,264,2,6.0,0.0,0.5,0.0,0.0,0.3,9.3,2.5,0.0
2,2021-11-01 06:01:53,2021-11-01 06:40:56,1.0,17.87,2.0,N,125,132,1,52.0,0.0,0.5,5.0,0.0,0.3,60.3,2.5,0.0
2,2021-11-01 06:53:04,2021-11-01 07:36:17,1.0,9.93,1.0,N,132,173,1,34.5,0.0,0.5,7.31,0.0,0.3,43.86,0.0,1.25
2,2021-11-01 06:37:32,2021-11-01 06:40:41,1.0,0.84,1.0,N,141,233,1,4.5,0.0,0.5,1.56,0.0,0.3,9.36,2.5,0.0
1,2021-11-01 06:06:02,2021-11-01 06:11:37,1.0,1.8,1.0,N,137,148,2,7.0,2.5,0.5,0.0,0.0,0.3,10.3,2.5,0.0
1,2021-11-01 06:21:39,2021-11-01 06:40:48,1.0,7.6,1.0,N,170,138,2,23.5,2.5,0.5,0.0,6.55,0.3,33.35,2.5,0.0
2,2021-11-01 06:09:02,2021-11-01 06:49:25,1.0,19.1,2.0,N,151,132,1,52.0,0.0,0.5,14.84,6.55,0.3,74.19,0.0,0.0
2,2021-11-01 06:31:11,2021-11-01 06:56:11,1.0,11.86,1.0,N,48,138,1,35.0,0.0,0.5,8.97,6.55,0.3,53.82,2.5,0.0
2,2021-11-01 06:33:36,2021-11-01 06:49:47,1.0,3.97,1.0,N,13,100,1,15.0,0.0,0.5,3.66,0.0,0.3,21.96,2.5,0.0
2,2021-11-01 05:59:38,2021-11-01 05:59:48,3.0,0.01,1.0,N,141,141,2,2.5,0.0,0.5,0.0,0.0,0.3,5.8,2.5,0.0
2,2021-11-01 06:24:06,2021-11-01 06:32:04,3.0,2.81,1.0,N,143,68,1,10.0,0.0,0.5,2.66,0.0,0.3,15.96,2.5,0.0
2,2021-11-01 06:45:30,2021-11-01 06:56:00,2.0,1.96,1.0,N,143,237,1,9.5,0.0,0.5,2.0,0.0,0.3,14.8,2.5,0.0
2,2021-11-01 06:20:50,2021-11-01 06:23:51,1.0,1.51,1.0,N,237,161,1,6.0,0.0,0.5,1.86,0.0,0.3,11.16,2.5,0.0
2,2021-11-01 06:28:51,2021-11-01 06:34:46,1.0,1.43,1.0,N,234,161,1,6.5,0.0,0.5,1.96,0.0,0.3,11.76,2.5,0.0
2,2021-11-01 06:11:38,2021-11-01 06:59:32,2.0,17.79,2.0,N,132,140,1,52.0,0.0,0.5,8.0,6.55,0.3,71.1,2.5,1.25
2,2021-11-01 06:09:50,2021-11-01 06:21:48,1.0,2.99,1.0,N,186,140,1,12.0,0.0,0.5,3.06,0.0,0.3,18.36,2.5,0.0
2,2021-11-01 06:34:27,2021-11-01 06:42:29,1.0,1.75,1.0,N,263,239,1,8.5,0.0,0.5,2.36,0.0,0.3,14.16,2.5,0.0
2,2021-11-01 06:45:57,2021-11-01 06:48:58,1.0,1.18,1.0,N,142,230,1,5.5,0.0,0.5,1.2,0.0,0.3,10.0,2.5,0.0
2,2021-11-01 06:52:56,2021-11-01 06:59:11,1.0,1.81,1.0,N,186,113,2,7.5,0.0,0.5,0.0,0.0,0.3,10.8,2.5,0.0
2,2021-11-01 06:22:47,2021-11-01 06:57:53,1.0,10.6,1.0,N,132,225,1,33.5,0.0,0.5,7.11,0.0,0.3,42.66,0.0,1.25
2,2021-11-01 06:37:05,2021-11-01 07:04:40,1.0,12.69,1.0,N,210,197,1,36.5,0.0,0.5,0.0,0.0,0.3,37.3,0.0,0.0
1,2021-11-01 06:37:07,2021-11-01 06:52:06,1.0,6.6,1.0,N,66,141,1,19.5,2.5,0.5,4.56,0.0,0.3,27.36,2.5,0.0
1,2021-11-01 06:55:40,2021-11-01 07:06:56,1.0,1.5,1.0,N,233,164,1,9.0,2.5,0.5,3.65,0.0,0.3,15.95,2.5,0.0
2,2021-11-01 06:19:09,2021-11-01 06:26:39,1.0,2.13,1.0,N,239,263,1,8.5,0.0,0.5,2.36,0.0,0.3,14.16,2.5,0.0
2,2021-11-01 06:31:04,2021-11-01 06:36:51,1.0,1.89,1.0,N,236,237,1,8.0,0.0,0.5,3.39,0.0,0.3,14.69,2.5,0.0
2,2021-11-01 06:47:33,2021-11-01 06:59:38,1.0,4.08,1.0,N,186,75,1,13.0,0.0,0.5,3.26,0.0,0.3,19.56,2.5,0.0
2,2021-11-01 06:05:38,2021-11-01 06:10:37,1.0,1.91,1.0,N,211,107,1,7.0,0.0,0.5,1.54,0.0,0.3,11.84,2.5,0.0
2,2021-11-01 06:24:24,2021-11-01 06:26:13,1.0,0.56,1.0,N,236,236,2,4.0,0.0,0.5,0.0,0.0,0.3,7.3,2.5,0.0
2,2021-11-01 06:31:57,2021-11-01 06:39:52,1.0,2.0,1.0,N,236,74,1,8.5,0.0,0.5,3.54,0.0,0.3,15.34,2.5,0.0
2,2021-11-01 06:47:17,2021-11-01 06:58:39,1.0,0.93,1.0,N,75,75,1,8.5,0.0,0.5,1.86,0.0,0.3,11.16,0.0,0.0
2,2021-11-01 07:02:01,2021-11-01 07:11:44,1.0,2.75,1.0,N,236,142,1,10.5,0.0,0.5,2.76,0.0,0.3,16.56,2.5,0.0
2,2021-11-01 06:13:14,2021-11-01 06:30:59,2.0,3.59,1.0,N,226,162,2,15.0,0.0,0.5,0.0,0.0,0.3,18.3,2.5,0.0
2,2021-11-01 06:41:53,2021-11-01 06:50:04,2.0,2.09,1.0,N,137,148,1,8.5,0.0,0.5,0.0,0.0,0.3,11.8,2.5,0.0
2,2021-11-01 06:54:34,2021-11-01 07:05:12,2.0,2.98,1.0,N,148,186,1,10.5,0.0,0.5,10.0,0.0,0.3,23.8,2.5,0.0
2,2021-11-01 06:02:31,2021-11-01 06:48:56,1.0,16.14,1.0,N,132,80,1,46.5,0.0,0.5,12.14,0.0,0.3,60.69,0.0,1.25
2,2021-11-01 06:09:33,2021-11-01 06:12:37,1.0,0.76,1.0,N,186,164,2,4.5,0.0,0.5,0.0,0.0,0.3,7.8,2.5,0.0
2,2021-11-01 06:46:01,2021-11-01 06:48:38,1.0,0.6,1.0,N,237,43,1,4.0,0.0,0.5,0.36,0.0,0.3,7.66,2.5,0.0
2,2021-11-01 06:53:21,2021-11-01 06:59:27,1.0,1.57,1.0,N,142,161,1,7.0,0.0,0.5,2.06,0.0,0.3,12.36,2.5,0.0
1,2021-11-01 06:37:04,2021-11-01 06:54:13,1.0,4.3,1.0,N,186,75,1,15.0,2.5,0.5,1.0,0.0,0.3,19.3,2.5,0.0
1,2021-11-01 06:58:39,2021-11-01 07:01:44,1.0,0.8,1.0,N,236,75,1,4.5,2.5,0.5,1.2,0.0,0.3,9.0,2.5,0.0
1,2021-11-01 06:11:43,2021-11-01 06:19:46,1.0,2.9,1.0,N,238,161,1,10.0,2.5,0.5,2.65,0.0,0.3,15.95,2.5,0.0
1,2021-11-01 06:29:57,2021-11-01 06:33:28,1.0,0.8,1.0,N,186,234,1,4.5,2.5,0.5,1.95,0.0,0.3,9.75,2.5,0.0
1,2021-11-01 06:35:52,2021-11-01 07:09:48,2.0,16.3,3.0,N,234,1,1,63.5,0.0,0.0,16.4,18.3,0.3,98.5,0.0,0.0
2,2021-11-01 06:14:38,2021-11-01 06:18:46,1.0,0.85,1.0,N,186,162,1,5.5,0.0,0.5,1.76,0.0,0.3,10.56,2.5,0.0
2,2021-11-01 06:37:05,2021-11-01 06:46:17,1.0,1.25,1.0,N,170,48,2,7.5,0.0,0.5,0.0,0.0,0.3,10.8,2.5,0.0
2,2021-11-01 06:47:22,2021-11-01 06:52:48,1.0,1.62,1.0,N,48,237,2,6.5,0.0,0.5,0.0,0.0,0.3,9.8,2.5,0.0
2,2021-11-01 06:11:15,2021-11-01 07:19:27,1.0,21.63,2.0,N,132,87,1,52.0,0.0,0.5,11.31,0.0,0.3,67.86,2.5,1.25
1,2021-11-01 06:12:47,2021-11-01 06:30:28,1.0,5.2,1.0,N,170,151,1,17.5,2.5,0.5,4.15,0.0,0.3,24.95,2.5,0.0
1,2021-11-01 06:33:13,2021-11-01 06:53:45,1.0,5.4,1.0,N,151,233,1,20.0,2.5,0.5,2.0,0.0,0.3,25.3,2.5,0.0
1,2021-11-01 06:13:06,2021-11-01 06:28:25,1.0,4.0,1.0,N,263,107,1,14.0,2.5,0.5,2.6,0.0,0.3,19.9,2.5,0.0
2,2021-11-01 06:57:51,2021-11-01 08:14:50,5.0,28.97,1.0,N,132,66,1,85.0,0.0,0.5,15.0,0.0,0.3,102.05,0.0,1.25
2,2021-11-01 06:05:30,2021-11-01 06:10:29,1.0,0.9,1.0,N,237,140,2,6.0,0.0,0.5,0.0,0.0,0.3,9.3,2.5,0.0
2,2021-11-01 06:18:50,2021-11-01 06:21:39,1.0,0.99,1.0,N,263,140,1,5.0,0.0,0.5,0.83,0.0,0.3,9.13,2.5,0.0
2,2021-11-01 06:27:08,2021-11-01 06:37:16,1.0,2.31,1.0,N,262,229,1,9.5,0.0,0.5,3.2,0.0,0.3,16.0,2.5,0.0
2,2021-11-01 06:41:13,2021-11-01 06:48:05,1.0,1.25,1.0,N,229,163,2,6.5,0.0,0.5,0.0,0.0,0.3,9.8,2.5,0.0
1,2021-11-01 06:51:18,2021-11-01 07:45:56,2.0,17.3,2.0,N,132,233,1,52.0,3.75,0.5,7.57,6.55,0.3,70.67,2.5,1.25
1,2021-11-01 06:15:15,2021-11-01 06:37:51,1.0,5.5,1.0,N,113,181,1,20.5,2.5,0.5,7.1,0.0,0.3,30.9,2.5,0.0
1,2021-11-01 06:24:13,2021-11-01 06:24:27,1.0,0.0,4.0,N,10,10,3,0.0,0.0,0.5,0.0,0.0,0.3,0.8,0.0,0.0
2,2021-11-01 06:47:20,2021-11-01 07:06:04,1.0,2.92,1.0,N,42,43,1,13.5,0.0,0.5,0.0,0.0,0.3,14.3,0.0,0.0
2,2021-11-01 06:47:12,2021-11-01 06:51:23,1.0,0.68,1.0,N,237,140,2,4.5,0.0,0.5,0.0,0.0,0.3,7.8,2.5,0.0
2,2021-11-01 06:06:12,2021-11-01 06:14:19,1.0,1.6,1.0,N,152,74,2,8.0,0.0,0.5,0.0,0.0,0.3,8.8,0.0,0.0
2,2021-11-01 06:19:45,2021-11-01 06:22:22,1.0,0.48,1.0,N,75,75,2,4.0,0.0,0.5,0.0,0.0,0.3,4.8,0.0,0.0
2,2021-11-01 06:23:32,2021-11-01 06:33:17,1.0,2.81,1.0,N,75,161,1,10.5,0.0,0.5,2.76,0.0,0.3,16.56,2.5,0.0
2,2021-11-01 06:36:53,2021-11-01 06:43:09,1.0,1.11,1.0,N,162,230,1,6.5,0.0,0.5,2.45,0.0,0.3,12.25,2.5,0.0
2,2021-11-01 06:12:51,2021-11-01 06:27:57,1.0,4.75,1.0,N,239,231,1,16.0,0.0,0.5,2.0,0.0,0.3,21.3,2.5,0.0
2,2021-11-01 06:33:34,2021-11-01 06:35:35,1.0,0.43,1.0,N,249,249,1,3.5,0.0,0.5,1.36,0.0,0.3,8.16,2.5,0.0
2,2021-11-01 06:40:27,2021-11-01 06:43:58,1.0,0.73,1.0,N,48,230,2,4.5,0.0,0.5,0.0,0.0,0.3,7.8,2.5,0.0
2,2021-11-01 06:51:59,2021-11-01 06:57:05,1.0,0.68,1.0,N,48,100,1,5.0,0.0,0.5,1.0,0.0,0.3,9.3,2.5,0.0
2,2021-11-01 06:47:32,2021-11-01 07:06:30,1.0,4.91,1.0,N,163,88,1,17.0,0.0,0.5,4.0,0.0,0.3,24.3,2.5,0.0
2,2021-11-01 06:49:21,2021-11-01 06:52:13,1.0,0.63,1.0,N,170,164,1,4.0,0.0,0.5,2.19,0.0,0.3,9.49,2.5,0.0
1,2021-11-01 06:23:01,2021-11-01 06:37:37,1.0,2.9,1.0,N,79,68,2,12.5,2.5,0.5,0.0,0.0,0.3,15.8,2.5,0.0
1,2021-11-01 06:41:07,2021-11-01 06:48:07,1.0,1.2,1.0,N,50,161,1,6.5,2.5,0.5,1.95,0.0,0.3,11.75,2.5,0.0
1,2021-11-01 06:57:09,2021-11-01 07:05:18,1.0,1.2,1.0,N,75,263,1,7.5,2.5,0.5,1.7,0.0,0.3,12.5,2.5,0.0
2,2021-11-01 06:39:11,2021-11-01 07:44:57,1.0,15.29,1.0,N,132,226,1,52.0,0.0,0.5,0.0,0.0,0.3,54.05,0.0,1.25
1,2021-11-01 06:18:54,2021-11-01 06:34:01,0.0,3.6,1.0,N,186,140,1,14.0,2.5,0.5,0.0,0.0,0.3,17.3,2.5,0.0
1,2021-11-01 06:45:42,2021-11-01 06:51:51,0.0,1.4,1.0,N,236,239,2,7.0,2.5,0.5,0.0,0.0,0.3,10.3,2.5,0.0
2,2021-11-01 06:20:54,2021-11-01 06:27:35,1.0,1.61,1.0,N,162,140,1,7.0,0.0,0.5,2.58,0.0,0.3,12.88,2.5,0.0
2,2021-11-01 06:30:37,2021-11-01 06:43:43,1.0,2.54,1.0,N,141,230,1,11.5,0.0,0.5,1.0,0.0,0.3,15.8,2.5,0.0
2,2021-11-01 06:52:02,2021-11-01 07:05:58,1.0,6.61,1.0,N,262,87,1,20.0,0.0,0.5,3.0,0.0,0.3,26.3,2.5,0.0
2,2021-11-01 06:21:42,2021-11-01 06:31:42,1.0,3.0,1.0,N,236,113,1,11.0,0.0,0.5,1.0,0.0,0.3,15.3,2.5,0.0
2,2021-11-01 06:35:24,2021-11-01 06:53:24,1.0,5.93,1.0,N,113,228,1,19.0,0.0,0.5,6.69,0.0,0.3,28.99,2.5,0.0
2,2021-11-01 06:10:02,2021-11-01 06:15:27,1.0,1.36,1.0,N,48,68,2,6.5,0.0,0.5,0.0,0.0,0.3,9.8,2.5,0.0
2,2021-11-01 06:24:16,2021-11-01 06:29:31,1.0,1.26,1.0,N,234,137,1,6.0,0.0,0.5,1.0,0.0,0.3,10.3,2.5,0.0
2,2021-11-01 06:47:09,2021-11-01 06:52:36,1.0,1.08,1.0,N,162,137,1,6.0,0.0,0.5,1.86,0.0,0.3,11.16,2.5,0.0
1,2021-11-01 06:00:41,2021-11-01 06:13:39,1.0,1.3,1.0,N,100,170,2,8.5,3.0,0.5,0.0,0.0,0.3,12.3,2.5,0.0
1,2021-11-01 06:24:46,2021-11-01 06:58:11,1.0,9.9,1.0,N,186,147,1,30.5,2.5,0.5,10.15,0.0,0.3,43.95,2.5,0.0
2,2021-11-01 06:30:43,2021-11-01 07:36:47,6.0,21.6,2.0,N,132,231,1,52.0,0.0,0.5,12.62,6.55,0.3,75.72,2.5,1.25
2,2021-11-01 06:25:57,2021-11-01 06:26:36,1.0,0.01,1.0,N,132,132,2,2.5,0.0,0.5,0.0,0.0,0.3,4.55,0.0,1.25
2,2021-11-01 06:28:02,2021-11-01 07:30:24,1.0,30.38,5.0,N,132,265,1,120.0,0.0,0.5,25.47,6.55,0.3,152.82,0.0,0.0
1,2021-11-01 06:08:43,2021-11-01 06:34:07,1.0,10.9,1.0,N,75,189,1,31.5,2.5,0.5,2.0,0.0,0.3,36.8,2.5,0.0
1,2021-11-01 06:24:55,2021-11-01 06:33:29,1.0,2.2,1.0,N,141,230,1,9.0,2.5,0.5,2.45,0.0,0.3,14.75,2.5,0.0
1,2021-11-01 06:44:12,2021-11-01 06:48:52,1.0,1.5,1.0,N,249,186,2,6.5,2.5,0.5,0.0,0.0,0.3,9.8,2.5,0.0
1,2021-11-01 06:45:18,2021-11-01 06:57:22,1.0,2.7,1.0,N,143,90,1,11.0,2.5,0.5,2.85,0.0,0.3,17.15,2.5,0.0
2,2021-11-01 06:04:33,2021-11-01 06:15:17,1.0,2.52,1.0,N,238,41,1,10.5,0.0,0.5,3.45,0.0,0.3,17.25,2.5,0.0
2,2021-11-01 06:18:11,2021-11-01 06:33:21,1.0,4.96,1.0,N,7,186,1,16.0,0.0,0.5,2.7,0.0,0.3,22.0,2.5,0.0
2,2021-11-01 06:37:53,2021-11-01 06:45:48,1.0,2.69,1.0,N,249,230,1,9.5,0.0,0.5,1.0,0.0,0.3,13.8,2.5,0.0
2,2021-11-01 06:03:11,2021-11-01 06:11:27,1.0,2.48,1.0,N,238,162,1,9.5,0.0,0.5,3.2,0.0,0.3,16.0,2.5,0.0
2,2021-11-01 06:18:52,2021-11-01 07:04:30,2.0,17.22,2.0,N,163,132,2,52.0,0.0,0.5,0.0,6.55,0.3,61.85,2.5,0.0
2,2021-11-01 06:05:59,2021-11-01 06:23:41,1.0,8.47,1.0,N,107,69,2,25.0,0.0,0.5,0.0,0.0,0.3,28.3,2.5,0.0
2,2021-11-01 06:34:19,2021-11-01 06:39:16,1.0,1.0,1.0,N,42,41,2,5.5,0.0,0.5,0.0,0.0,0.3,6.3,0.0,0.0
2,2021-11-01 06:45:44,2021-11-01 06:49:43,1.0,1.14,1.0,N,238,236,2,5.5,0.0,0.5,0.0,0.0,0.3,8.8,2.5,0.0
2,2021-11-01 06:43:41,2021-11-01 06:49:57,1.0,1.05,1.0,N,229,161,2,6.0,0.0,0.5,0.0,0.0,0.3,9.3,2.5,0.0
2,2021-11-01 06:31:55,2021-11-01 06:57:13,1.0,6.47,1.0,N,249,151,1,24.0,0.0,0.5,8.19,0.0,0.3,35.49,2.5,0.0
2,2021-11-01 06:39:40,2021-11-01 06:43:37,1.0,1.07,1.0,N,186,234,2,5.5,0.0,0.5,0.0,0.0,0.3,8.8,2.5,0.0
2,2021-11-01 06:50:34,2021-11-01 07:26:27,1.0,7.86,1.0,N,132,121,2,28.0,0.0,0.5,0.0,0.0,0.3,30.05,0.0,1.25
2,2021-11-01 06:18:33,2021-11-01 06:31:33,1.0,8.35,1.0,N,262,138,1,23.5,0.0,0.5,6.67,6.55,0.3,40.02,2.5,0.0
1,2021-11-01 06:30:29,2021-11-01 06:33:29,1.0,0.7,1.0,N,48,68,1,4.5,2.5,0.5,1.95,0.0,0.3,9.75,2.5,0.0
1,2021-11-01 06:36:58,2021-11-01 06:46:37,1.0,1.3,1.0,Y,100,170,1,8.0,2.5,0.5,2.7,0.0,0.3,14.0,2.5,0.0
2,2021-11-01 06:52:04,2021-11-01 07:04:13,1.0,2.32,1.0,N,186,237,2,10.5,0.0,0.5,0.0,0.0,0.3,13.8,2.5,0.0
2,2021-11-01 06:51:50,2021-11-01 06:57:53,1.0,1.26,1.0,N,140,233,1,7.0,0.0,0.5,2.06,0.0,0.3,12.36,2.5,0.0
2,2021-11-01 07:02:03,2021-11-01 07:23:09,1.0,10.38,1.0,N,229,138,1,30.5,0.0,0.5,8.07,6.55,0.3,48.42,2.5,0.0
1,2021-11-01 06:25:44,2021-11-01 06:31:03,2.0,0.8,1.0,N,90,107,2,6.0,2.5,0.5,0.0,0.0,0.3,9.3,2.5,0.0
1,2021-11-01 06:34:46,2021-11-01 06:38:55,1.0,1.6,1.0,N,107,233,1,6.5,2.5,0.5,1.0,0.0,0.3,10.8,2.5,0.0
1,2021-11-01 06:41:38,2021-11-01 06:50:38,1.0,1.6,1.0,N,233,186,1,8.5,2.5,0.5,2.35,0.0,0.3,14.15,2.5,0.0
1,2021-11-01 06:53:21,2021-11-01 06:55:41,1.0,0.5,1.0,N,68,186,1,4.0,2.5,0.5,1.45,0.0,0.3,8.75,2.5,0.0
1,2021-11-01 06:36:34,2021-11-01 06:39:16,0.0,0.5,1.0,N,100,230,2,4.0,2.5,0.5,0.0,0.0,0.3,7.3,2.5,0.0
1,2021-11-01 06:42:49,2021-11-01 06:48:35,1.0,1.3,1.0,N,100,43,2,6.5,2.5,0.5,0.0,0.0,0.3,9.8,2.5,0.0
1,2021-11-01 06:56:27,2021-11-01 06:59:42,1.0,0.7,1.0,N,163,230,2,4.5,2.5,0.5,0.0,0.0,0.3,7.8,2.5,0.0
1,2021-11-01 06:15:06,2021-11-01 06:29:39,1.0,3.7,1.0,N,263,234,1,13.5,2.5,0.5,3.02,0.0,0.3,19.82,2.5,0.0
1,2021-11-01 06:44:51,2021-11-01 06:50:36,1.0,1.0,1.0,N,163,162,2,6.0,2.5,0.5,0.0,0.0,0.3,9.3,2.5,0.0
1,2021-11-01 06:07:29,2021-11-01 06:14:59,1.0,1.2,1.0,N,100,161,1,7.0,2.5,0.5,1.7,0.0,0.3,12.0,2.5,0.0
1,2021-11-01 06:17:34,2021-11-01 06:21:06,1.0,1.3,1.0,N,163,236,2,5.5,2.5,0.5,0.0,0.0,0.3,8.8,2.5,0.0
1,2021-11-01 06:24:59,2021-11-01 06:36:06,0.0,2.8,1.0,N,238,100,1,11.0,2.5,0.5,2.85,0.0,0.3,17.15,2.5,0.0
1,2021-11-01 06:52:22,2021-11-01 07:32:44,1.0,17.3,2.0,N,48,132,2,52.0,2.5,0.5,0.0,6.55,0.3,61.85,2.5,0.0
1,2021-11-01 06:26:22,2021-11-01 06:52:26,2.0,12.0,1.0,N,164,138,2,34.5,2.5,0.5,0.0,6.55,0.3,44.35,2.5,0.0
2,2021-11-01 06:23:04,2021-11-01 06:36:47,1.0,3.36,1.0,N,263,234,1,12.5,0.0,0.5,1.0,0.0,0.3,16.8,2.5,0.0
2,2021-11-01 06:38:18,2021-11-01 06:42:25,1.0,0.87,1.0,N,107,170,1,5.0,0.0,0.5,1.66,0.0,0.3,9.96,2.5,0.0
2,2021-11-01 06:45:12,2021-11-01 06:50:34,1.0,0.83,1.0,N,170,161,1,5.5,0.0,0.5,2.2,0.0,0.3,11.0,2.5,0.0
2,2021-11-01 06:52:03,2021-11-01 07:02:24,1.0,1.9,1.0,N,161,107,1,9.0,0.0,0.5,2.46,0.0,0.3,14.76,2.5,0.0
2,2021-11-01 06:08:26,2021-11-01 06:11:01,1.0,0.91,1.0,N,186,230,1,4.5,0.0,0.5,0.0,0.0,0.3,7.8,2.5,0.0
2,2021-11-01 06:16:08,2021-11-01 06:20:48,1.0,1.1,1.0,N,186,170,1,6.0,0.0,0.5,1.86,0.0,0.3,11.16,2.5,0.0
2,2021-11-01 06:27:35,2021-11-01 06:41:49,1.0,4.06,1.0,N,186,75,2,14.5,0.0,0.5,0.0,0.0,0.3,17.8,2.5,0.0
2,2021-11-01 07:02:45,2021-11-01 07:18:13,1.0,4.2,1.0,N,186,151,1,14.5,0.0,0.5,3.56,0.0,0.3,21.36,2.5,0.0
1,2021-11-01 06:36:26,2021-11-01 06:53:40,0.0,4.2,1.0,N,116,236,1,15.5,2.5,0.5,2.0,0.0,0.3,20.8,2.5,0.0
2,2021-11-01 06:39:26,2021-11-01 06:43:51,1.0,1.11,1.0,N,263,141,1,5.5,0.0,0.5,1.32,0.0,0.3,10.12,2.5,0.0
2,2021-11-01 06:47:00,2021-11-01 06:56:51,1.0,2.7,1.0,N,141,107,1,10.0,0.0,0.5,3.99,0.0,0.3,17.29,2.5,0.0
2,2021-11-01 06:12:56,2021-11-01 07:41:56,1.0,51.16,1.0,N,101,44,1,137.0,0.0,0.5,0.0,6.55,0.3,144.35,0.0,0.0
2,2021-11-01 06:13:53,2021-11-01 06:43:06,1.0,12.12,1.0,N,132,138,2,35.0,0.0,0.5,0.0,0.0,0.3,37.05,0.0,1.25
2,2021-11-01 06:24:52,2021-11-01 06:32:35,1.0,1.47,1.0,N,186,107,1,7.5,0.0,0.5,2.16,0.0,0.3,12.96,2.5,0.0
2,2021-11-01 06:02:58,2021-11-01 06:28:51,1.0,8.52,1.0,N,114,116,1,28.5,0.0,0.5,6.36,0.0,0.3,38.16,2.5,0.0
2,2021-11-01 06:40:10,2021-11-01 06:47:09,1.0,2.21,1.0,N,24,142,1,9.0,0.0,0.5,2.46,0.0,0.3,14.76,2.5,0.0
2,2021-11-01 06:50:53,2021-11-01 06:58:09,1.0,1.98,1.0,N,142,236,2,8.0,0.0,0.5,0.0,0.0,0.3,11.3,2.5,0.0
2,2021-11-01 06:07:03,2021-11-01 06:07:11,2.0,0.0,5.0,N,186,186,1,15.0,0.0,0.0,0.0,0.0,0.3,17.8,2.5,0.0
2,2021-11-01 05:59:33,2021-11-01 06:28:10,1.0,11.45,1.0,N,186,138,1,34.5,0.0,0.5,1.0,6.55,0.3,45.35,2.5,0.0
2,2021-11-01 06:41:21,2021-11-01 07:16:20,1.0,9.58,1.0,N,70,97,1,30.0,0.0,0.5,9.24,0.0,0.3,40.04,0.0,0.0
2,2021-11-01 06:56:18,2021-11-01 07:03:21,1.0,1.23,1.0,N,151,75,1,7.0,0.0,0.5,1.0,0.0,0.3,8.8,0.0,0.0
1,2021-11-01 06:37:50,2021-11-01 06:45:34,1.0,1.1,1.0,N,236,236,1,7.0,2.5,0.5,2.55,0.0,0.3,12.85,2.5,0.0
1,2021-11-01 06:51:43,2021-11-01 07:05:48,1.0,2.8,1.0,N,236,100,2,12.0,2.5,0.5,0.0,0.0,0.3,15.3,2.5,0.0
1,2021-11-01 06:50:57,2021-11-01 08:03:20,1.0,21.4,2.0,N,132,244,1,52.0,1.25,0.5,0.0,6.55,0.3,60.6,0.0,1.25
2,2021-11-01 06:24:27,2021-11-01 06:35:24,1.0,1.86,1.0,N,262,75,1,9.0,0.0,0.5,1.0,0.0,0.3,13.3,2.5,0.0
2,2021-11-01 06:37:54,2021-11-01 06:41:42,1.0,0.95,1.0,N,43,236,1,5.0,0.0,0.5,1.66,0.0,0.3,9.96,2.5,0.0
2,2021-11-01 06:42:39,2021-11-01 06:48:25,1.0,1.4,1.0,N,236,161,1,6.5,0.0,0.5,1.5,0.0,0.3,11.3,2.5,0.0
1,2021-11-01 06:05:59,2021-11-01 06:15:48,1.0,2.5,1.0,N,234,209,2,10.0,2.5,0.5,0.0,0.0,0.3,13.3,2.5,0.0
1,2021-11-01 06:24:20,2021-11-01 06:39:15,2.0,2.8,1.0,N,249,88,1,12.5,2.5,0.5,3.15,0.0,0.3,18.95,2.5,0.0
2,2021-11-01 06:10:38,2021-11-01 06:18:04,1.0,1.7,1.0,N,237,161,1,7.5,0.0,0.5,1.7,0.0,0.3,12.5,2.5,0.0
2,2021-11-01 06:23:49,2021-11-01 06:27:30,2.0,0.75,1.0,N,48,161,1,4.5,0.0,0.5,1.95,0.0,0.3,9.75,2.5,0.0
2,2021-11-01 06:49:02,2021-11-01 06:55:26,1.0,1.41,1.0,N,170,107,1,7.0,0.0,0.5,1.25,0.0,0.3,11.55,2.5,0.0
2,2021-11-01 06:59:25,2021-11-01 07:06:29,1.0,2.0,1.0,N,107,162,2,8.0,0.0,0.5,0.0,0.0,0.3,11.3,2.5,0.0
2,2021-11-01 06:25:59,2021-11-01 06:46:04,1.0,8.71,1.0,N,236,13,1,27.0,0.0,0.5,5.0,0.0,0.3,35.3,2.5,0.0
2,2021-11-01 06:53:41,2021-11-01 07:15:41,1.0,5.87,1.0,N,231,140,1,20.0,0.0,0.5,4.66,0.0,0.3,27.96,2.5,0.0
2,2021-11-01 06:09:25,2021-11-01 06:21:23,1.0,5.7,1.0,N,233,13,1,18.0,0.5,0.5,1.0,0.0,0.3,22.8,2.5,0.0
2,2021-11-01 06:28:54,2021-11-01 06:38:26,1.0,3.15,1.0,N,231,161,1,11.0,0.0,0.5,1.7,0.0,0.3,16.0,2.5,0.0
2,2021-11-01 06:48:56,2021-11-01 07:03:26,1.0,3.17,1.0,N,162,75,1,12.5,0.0,0.5,3.16,0.0,0.3,18.96,2.5,0.0
2,2021-11-01 06:49:05,2021-11-01 06:55:17,1.0,1.41,1.0,N,142,238,1,7.0,0.0,0.5,2.0,0.0,0.3,12.3,2.5,0.0
2,2021-11-01 06:30:11,2021-11-01 06:37:02,1.0,1.42,1.0,N,186,113,1,7.0,0.0,0.5,2.0,0.0,0.3,12.3,2.5,0.0
2,2021-11-01 06:41:12,2021-11-01 06:57:28,1.0,4.25,1.0,N,113,236,1,15.0,0.0,0.5,5.49,0.0,0.3,23.79,2.5,0.0
2,2021-11-01 06:59:09,2021-11-01 07:23:07,1.0,9.13,1.0,N,236,138,1,28.5,0.0,0.5,7.67,6.55,0.3,46.02,2.5,0.0
2,2021-11-01 06:31:12,2021-11-01 06:35:28,1.0,0.95,1.0,N,233,161,2,5.5,0.0,0.5,0.0,0.0,0.3,8.8,2.5,0.0
2,2021-11-01 06:49:43,2021-11-01 06:56:21,1.0,1.05,1.0,N,186,137,2,6.5,0.0,0.5,0.0,0.0,0.3,9.8,2.5,0.0
2,2021-11-01 06:11:37,2021-11-01 06:21:46,5.0,1.65,1.0,N,132,132,1,8.0,0.0,0.5,5.0,0.0,0.3,15.05,0.0,1.25
2,2021-11-01 06:57:14,2021-11-01 08:07:11,5.0,15.64,1.0,N,132,255,2,52.5,0.0,0.5,0.0,0.0,0.3,54.55,0.0,1.25
2,2021-11-01 06:28:00,2021-11-01 06:30:15,1.0,0.84,1.0,N,262,75,1,4.5,0.0,0.5,1.56,0.0,0.3,9.36,2.5,0.0
2,2021-11-01 06:31:37,2021-11-01 06:44:26,1.0,3.49,1.0,N,263,233,1,13.0,0.0,0.5,3.26,0.0,0.3,19.56,2.5,0.0
2,2021-11-01 06:45:30,2021-11-01 06:50:52,1.0,1.69,1.0,N,233,140,1,6.5,0.0,0.5,1.96,0.0,0.3,11.76,2.5,0.0
2,2021-11-01 06:55:07,2021-11-01 07:09:58,1.0,2.92,1.0,N,263,162,1,13.0,0.0,0.5,1.5,0.0,0.3,17.8,2.5,0.0
2,2021-11-01 06:15:18,2021-11-01 06:59:02,1.0,17.23,2.0,N,132,137,1,52.0,0.0,0.5,5.0,6.55,0.3,68.1,2.5,1.25
1,2021-11-01 06:18:26,2021-11-01 06:55:18,1.0,0.0,1.0,Y,151,37,1,29.2,0.0,0.5,0.0,0.0,0.3,30.0,0.0,0.0
2,2021-11-01 06:38:40,2021-11-01 06:54:20,1.0,8.59,1.0,N,236,138,1,25.0,0.0,0.5,6.47,6.55,0.3,38.82,0.0,0.0
1,2021-11-01 06:34:54,2021-11-01 06:54:34,1.0,3.9,1.0,N,74,126,2,15.5,0.0,0.5,0.0,0.0,0.3,16.3,0.0,0.0
2,2021-11-01 06:07:17,2021-11-01 06:16:43,1.0,3.82,1.0,N,132,218,1,13.0,0.0,0.5,0.0,0.0,0.3,15.05,0.0,1.25
2,2021-11-01 06:45:22,2021-11-01 07:31:20,1.0,9.77,1.0,N,132,37,2,37.0,0.0,0.5,0.0,0.0,0.3,39.05,0.0,1.25
2,2021-11-01 06:43:26,2021-11-01 06:43:47,1.0,0.01,1.0,N,68,68,2,2.5,0.0,0.5,0.0,0.0,0.3,5.8,2.5,0.0
2,2021-11-01 06:22:46,2021-11-01 07:03:39,1.0,14.28,1.0,N,132,7,1,41.5,0.0,0.5,8.71,0.0,0.3,52.26,0.0,1.25
1,2021-11-01 06:27:10,2021-11-01 06:31:09,1.0,0.7,1.0,N,68,246,2,5.0,2.5,0.5,0.0,0.0,0.3,8.3,2.5,0.0
1,2021-11-01 06:36:29,2021-11-01 06:39:45,1.0,1.1,1.0,N,186,230,1,5.0,2.5,0.5,0.0,0.0,0.3,8.3,2.5,0.0
1,2021-11-01 06:44:09,2021-11-01 06:50:18,1.0,0.8,1.0,N,186,137,1,6.0,2.5,0.5,1.85,0.0,0.3,11.15,2.5,0.0
1,2021-11-01 06:51:48,2021-11-01 06:53:41,1.0,0.5,1.0,N,137,162,1,3.5,2.5,0.5,2.0,0.0,0.3,8.8,2.5,0.0
2,2021-11-01 06:06:39,2021-11-01 06:45:59,1.0,9.8,1.0,N,132,61,1,33.0,0.0,0.5,4.0,0.0,0.3,39.05,0.0,1.25
2,2021-11-01 06:39:39,2021-11-01 06:48:40,1.0,3.39,1.0,N,132,216,2,11.0,0.0,0.5,0.0,0.0,0.3,13.05,0.0,1.25
1,2021-11-01 06:31:00,2021-11-01 06:35:36,1.0,0.8,1.0,N,170,230,1,5.0,2.5,0.5,2.45,0.0,0.3,10.75,2.5,0.0
1,2021-11-01 06:48:27,2021-11-01 07:06:21,2.0,6.7,1.0,N,162,13,1,21.5,2.5,0.5,2.0,0.0,0.3,26.8,2.5,0.0
1,2021-11-01 06:07:12,2021-11-01 06:28:41,1.0,5.0,1.0,N,140,157,2,19.0,2.5,0.5,0.0,0.0,0.3,22.3,2.5,0.0
2,2021-11-01 06:10:45,2021-11-01 06:24:11,1.0,5.86,1.0,N,132,203,1,18.0,0.5,0.5,3.86,0.0,0.3,24.41,0.0,1.25
1,2021-11-01 06:43:58,2021-11-01 06:55:08,1.0,2.9,1.0,N,249,142,2,11.0,2.5,0.5,0.0,0.0,0.3,14.3,2.5,0.0
2,2021-11-01 06:35:05,2021-11-01 07:23:38,1.0,14.63,1.0,N,132,145,1,45.0,0.0,0.5,9.16,0.0,0.3,56.21,0.0,1.25
2,2021-11-01 06:38:30,2021-11-01 07:04:02,1.0,9.91,1.0,N,249,134,1,31.0,0.0,0.5,3.0,0.0,0.3,37.3,2.5,0.0
2,2021-11-01 06:13:19,2021-11-01 06:20:40,1.0,1.6,1.0,N,186,107,1,7.5,0.0,0.5,1.5,0.0,0.3,12.3,2.5,0.0
2,2021-11-01 06:26:22,2021-11-01 07:07:17,1.0,17.39,1.0,N,107,214,2,51.0,0.0,0.5,0.0,6.55,0.3,60.85,2.5,0.0
2,2021-11-01 06:28:05,2021-11-01 06:47:41,2.0,12.44,3.0,N,125,1,2,52.0,0.0,0.0,0.0,13.75,0.3,66.05,0.0,0.0
2,2021-11-01 06:05:13,2021-11-01 07:06:04,1.0,16.32,1.0,N,132,256,1,51.0,0.0,0.5,15.92,0.0,0.3,68.97,0.0,1.25
2,2021-11-01 06:29:17,2021-11-01 07:08:11,1.0,16.75,2.0,N,100,132,1,52.0,0.0,0.5,0.0,6.55,0.3,61.85,2.5,0.0
2,2021-11-01 06:53:06,2021-11-01 07:00:08,1.0,1.05,1.0,N,186,107,1,6.5,0.0,0.5,1.96,0.0,0.3,11.76,2.5,0.0
2,2021-11-01 06:41:22,2021-11-01 06:51:18,1.0,2.59,1.0,N,75,229,2,10.0,0.0,0.5,0.0,0.0,0.3,13.3,2.5,0.0
2,2021-11-01 06:53:00,2021-11-01 06:59:51,1.0,2.04,1.0,N,229,236,1,8.0,0.0,0.5,2.26,0.0,0.3,13.56,2.5,0.0
1,2021-11-01 06:31:55,2021-11-01 07:14:53,1.0,18.4,2.0,N,142,132,2,52.0,2.5,0.5,0.0,6.55,0.3,61.85,2.5,0.0
2,2021-11-01 06:12:00,2021-11-01 06:17:19,1.0,1.55,1.0,N,79,170,1,7.0,0.0,0.5,2.06,0.0,0.3,12.36,2.5,0.0
2,2021-11-01 06:40:37,2021-11-01 06:55:03,1.0,2.86,1.0,N,262,229,2,12.0,0.0,0.5,0.0,0.0,0.3,15.3,2.5,0.0
2,2021-11-01 06:58:02,2021-11-01 07:53:36,1.0,18.49,2.0,N,132,163,1,52.0,0.0,0.5,12.62,6.55,0.3,75.72,2.5,1.25
2,2021-11-01 06:33:00,2021-11-01 06:56:00,1.0,10.95,1.0,N,263,174,1,32.5,0.0,0.5,8.95,0.0,0.3,44.75,2.5,0.0
2,2021-11-01 06:58:56,2021-11-01 07:07:15,2.0,1.87,1.0,N,174,94,2,8.5,0.0,0.5,0.0,0.0,0.3,9.3,0.0,0.0
1,2021-11-01 06:54:16,2021-11-01 06:58:27,1.0,0.5,1.0,N,48,68,1,4.5,2.5,0.5,1.55,0.0,0.3,9.35,2.5,0.0
2,2021-11-01 06:32:22,2021-11-01 07:49:01,1.0,21.9,1.0,N,132,235,1,69.0,0.0,0.5,3.0,6.55,0.3,80.6,0.0,1.25
2,2021-11-01 06:32:34,2021-11-01 06:40:46,1.0,2.68,1.0,N,79,100,2,9.5,0.0,0.5,0.0,0.0,0.3,12.8,2.5,0.0
2,2021-11-01 06:45:06,2021-11-01 06:47:50,1.0,0.56,1.0,N,90,186,1,4.0,0.0,0.5,1.46,0.0,0.3,8.76,2.5,0.0
2,2021-11-01 06:49:43,2021-11-01 06:54:42,1.0,1.35,1.0,N,186,230,1,6.0,0.0,0.5,1.86,0.0,0.3,11.16,2.5,0.0
2,2021-11-01 06:39:22,2021-11-01 07:56:11,1.0,19.55,2.0,N,132,238,2,52.0,0.0,0.5,0.0,6.55,0.3,60.6,0.0,1.25
2,2021-11-01 06:33:45,2021-11-01 07:42:35,1.0,22.94,2.0,N,132,239,2,52.0,0.0,0.5,0.0,6.55,0.3,63.1,2.5,1.25
2,2021-11-01 06:18:51,2021-11-01 06:26:08,1.0,1.58,1.0,N,186,161,2,7.5,0.0,0.5,0.0,0.0,0.3,10.8,2.5,0.0
2,2021-11-01 06:36:49,2021-11-01 06:44:19,1.0,1.57,1.0,N,186,163,2,7.5,0.0,0.5,0.0,0.0,0.3,10.8,2.5,0.0
2,2021-11-01 06:54:35,2021-11-01 07:01:56,1.0,1.74,1.0,N,186,158,1,7.5,0.0,0.5,2.7,0.0,0.3,13.5,2.5,0.0
1,2021-11-01 06:27:53,2021-11-01 06:34:31,1.0,2.5,1.0,N,224,141,1,9.0,2.5,0.5,3.0,0.0,0.3,15.3,2.5,0.0
1,2021-11-01 06:44:21,2021-11-01 06:54:25,1.0,2.1,1.0,N,141,161,1,9.5,2.5,0.5,3.2,0.0,0.3,16.0,2.5,0.0
1,2021-11-01 06:59:22,2021-11-01 07:05:40,1.0,1.0,1.0,N,234,68,1,6.0,2.5,0.5,1.85,0.0,0.3,11.15,2.5,0.0
1,2021-11-01 06:40:30,2021-11-01 06:54:45,1.0,3.1,1.0,N,262,233,1,13.0,2.5,0.5,2.5,0.0,0.3,18.8,2.5,0.0
2,2021-11-01 06:47:37,2021-11-01 06:57:41,1.0,2.2,1.0,N,162,140,1,9.5,0.0,0.5,2.56,0.0,0.3,15.36,2.5,0.0
2,2021-11-01 06:01:48,2021-11-01 06:09:43,1.0,2.22,1.0,N,148,233,2,9.0,0.0,0.5,0.0,0.0,0.3,12.3,2.5,0.0
2,2021-11-01 06:16:35,2021-11-01 06:18:28,1.0,0.75,1.0,N,161,237,1,4.0,0.0,0.5,1.46,0.0,0.3,8.76,2.5,0.0
2,2021-11-01 06:41:08,2021-11-01 06:46:08,1.0,1.28,1.0,N,48,68,1,6.0,0.0,0.5,1.5,0.0,0.3,10.8,2.5,0.0
2,2021-11-01 06:53:20,2021-11-01 06:58:12,1.0,0.79,1.0,N,229,161,1,5.0,0.0,0.5,1.66,0.0,0.3,9.96,2.5,0.0
1,2021-11-01 06:33:27,2021-11-01 06:46:15,1.0,2.9,1.0,N,263,230,1,11.5,2.5,0.5,1.0,0.0,0.3,15.8,2.5,0.0
1,2021-11-01 06:12:47,2021-11-01 06:17:56,2.0,0.9,1.0,Y,230,142,2,5.5,2.5,0.5,0.0,0.0,0.3,8.8,2.5,0.0
1,2021-11-01 06:41:05,2021-11-01 06:50:13,1.0,1.7,1.0,N,237,239,1,8.5,2.5,0.5,2.35,0.0,0.3,14.15,2.5,0.0
2,2021-11-01 06:05:28,2021-11-01 06:10:12,1.0,0.69,1.0,N,186,100,1,5.0,0.0,0.5,2.49,0.0,0.3,10.79,2.5,0.0
2,2021-11-01 06:13:47,2021-11-01 06:19:02,2.0,0.89,1.0,N,186,164,1,5.5,0.0,0.5,1.0,0.0,0.3,9.8,2.5,0.0
2,2021-11-01 06:33:01,2021-11-01 06:48:15,2.0,3.65,1.0,N,186,13,2,14.0,0.0,0.5,0.0,0.0,0.3,17.3,2.5,0.0
2,2021-11-01 06:04:01,2021-11-01 06:10:57,1.0,1.65,1.0,N,162,234,1,7.5,0.5,0.5,1.5,0.0,0.3,12.8,2.5,0.0
1,2021-11-01 06:20:43,2021-11-01 07:26:29,1.0,18.4,2.0,N,132,113,1,52.0,3.75,0.5,10.0,6.55,0.3,73.1,2.5,1.25
1,2021-11-01 06:10:28,2021-11-01 06:24:52,1.0,3.6,1.0,N,48,75,1,13.5,2.5,0.5,1.0,0.0,0.3,17.8,2.5,0.0
1,2021-11-01 06:29:24,2021-11-01 06:34:48,1.0,1.0,1.0,N,75,236,1,5.5,2.5,0.5,1.75,0.0,0.3,10.55,2.5,0.0
1,2021-11-01 06:51:43,2021-11-01 06:55:30,0.0,0.8,1.0,N,142,143,1,5.0,2.5,0.5,1.0,0.0,0.3,9.3,2.5,0.0
2,2021-11-01 06:41:00,2021-11-01 07:05:38,1.0,8.63,1.0,N,264,122,1,27.0,0.0,0.5,6.0,0.0,0.3,33.8,0.0,0.0
2,2021-11-01 06:28:53,2021-11-01 07:31:59,1.0,19.49,2.0,N,132,144,1,52.0,0.0,0.5,12.62,6.55,0.3,75.72,2.5,1.25
2,2021-11-01 06:20:39,2021-11-01 07:08:15,1.0,18.33,2.0,N,100,132,1,52.0,0.0,0.5,15.46,6.55,0.3,77.31,2.5,0.0
2,2021-11-01 06:54:06,2021-11-01 07:00:17,1.0,0.95,1.0,N,41,166,1,6.0,0.0,0.5,1.36,0.0,0.3,8.16,0.0,0.0
2,2021-11-01 06:51:56,2021-11-01 07:04:40,1.0,3.55,1.0,N,236,234,1,13.0,0.0,0.5,1.7,0.0,0.3,18.0,2.5,0.0
2,2021-11-01 06:08:56,2021-11-01 06:22:56,2.0,1.76,1.0,N,100,264,1,8.0,0.0,0.5,2.26,0.0,0.3,13.56,2.5,0.0
2,2021-11-01 06:49:07,2021-11-01 06:55:49,2.0,1.76,1.0,N,48,162,1,7.5,0.0,0.5,2.16,0.0,0.3,12.96,2.5,0.0
2,2021-11-01 06:57:44,2021-11-01 06:59:29,2.0,0.62,1.0,N,237,237,2,4.0,0.0,0.5,0.0,0.0,0.3,7.3,2.5,0.0
2,2021-11-01 06:18:36,2021-11-01 06:23:02,1.0,1.3,1.0,N,143,238,1,6.0,0.0,0.5,1.0,0.0,0.3,10.3,2.5,0.0
2,2021-11-01 06:30:42,2021-11-01 06:43:07,1.0,2.63,1.0,N,239,186,1,11.0,0.0,0.5,2.86,0.0,0.3,17.16,2.5,0.0
2,2021-11-01 06:47:16,2021-11-01 06:51:58,1.0,0.94,1.0,N,186,230,1,5.5,0.0,0.5,1.76,0.0,0.3,10.56,2.5,0.0
2,2021-11-01 06:55:05,2021-11-01 07:04:32,1.0,1.79,1.0,N,100,237,1,8.5,0.0,0.5,2.36,0.0,0.3,14.16,2.5,0.0
2,2021-11-01 06:03:59,2021-11-01 06:09:13,1.0,1.64,1.0,N,236,140,1,6.5,0.0,0.5,0.0,0.0,0.3,9.8,2.5,0.0
2,2021-11-01 06:29:47,2021-11-01 06:32:33,1.0,0.83,1.0,N,236,75,1,4.5,0.0,0.5,1.01,0.0,0.3,8.81,2.5,0.0
2,2021-11-01 06:33:19,2021-11-01 06:43:53,1.0,2.65,1.0,N,75,42,1,10.0,0.0,0.5,2.66,0.0,0.3,15.96,2.5,0.0
2,2021-11-01 06:52:23,2021-11-01 07:18:41,3.0,7.32,1.0,N,132,197,2,24.5,0.0,0.5,0.0,0.0,0.3,26.55,0.0,1.25
1,2021-11-01 06:16:21,2021-11-01 06:19:40,1.0,0.8,1.0,N,48,230,1,5.0,2.5,0.5,1.0,0.0,0.3,9.3,2.5,0.0
1,2021-11-01 06:27:58,2021-11-01 06:51:54,1.0,9.9,1.0,Y,186,138,1,29.5,2.5,0.5,7.85,6.55,0.3,47.2,2.5,0.0
2,2021-11-01 06:55:42,2021-11-01 07:06:10,1.0,2.39,1.0,N,140,161,1,10.5,0.0,0.5,2.76,0.0,0.3,16.56,2.5,0.0
2,2021-11-01 06:33:28,2021-11-01 06:58:50,1.0,6.6,1.0,N,132,122,2,23.0,0.0,0.5,0.0,0.0,0.3,25.05,0.0,1.25
1,2021-11-01 06:23:51,2021-11-01 06:33:55,0.0,3.4,1.0,N,141,74,2,11.5,2.5,0.5,0.0,0.0,0.3,14.8,2.5,0.0
1,2021-11-01 06:47:20,2021-11-01 06:51:43,0.0,0.8,1.0,Y,264,74,2,5.0,0.0,0.5,0.0,0.0,0.3,5.8,0.0,0.0
2,2021-11-01 06:38:29,2021-11-01 06:44:43,1.0,2.47,1.0,N,107,140,1,8.5,0.0,0.5,2.36,0.0,0.3,14.16,2.5,0.0
2,2021-11-01 06:50:00,2021-11-01 07:06:08,1.0,9.22,1.0,N,141,138,1,26.0,0.0,0.5,7.15,6.55,0.3,43.0,2.5,0.0
1,2021-11-01 06:25:20,2021-11-01 06:32:56,1.0,1.6,1.0,Y,141,75,1,8.0,2.5,0.5,2.0,0.0,0.3,13.3,2.5,0.0
1,2021-11-01 06:38:57,2021-11-01 06:48:45,1.0,2.6,1.0,N,263,137,1,10.0,2.5,0.5,1.1,0.0,0.3,14.4,2.5,0.0
1,2021-11-01 06:52:50,2021-11-01 07:04:08,1.0,3.5,1.0,N,233,74,1,12.0,2.5,0.5,3.05,0.0,0.3,18.35,2.5,0.0
2,2021-11-01 06:14:32,2021-11-01 06:58:56,3.0,16.12,2.0,N,10,236,1,52.0,0.0,0.5,15.46,6.55,0.3,77.31,2.5,0.0
2,2021-11-01 07:02:56,2021-11-01 07:17:21,3.0,2.89,1.0,N,236,42,1,12.0,0.0,0.5,1.5,0.0,0.3,16.8,2.5,0.0
2,2021-11-01 06:35:22,2021-11-01 06:49:14,1.0,4.06,1.0,N,148,140,2,14.0,0.0,0.5,0.0,0.0,0.3,17.3,2.5,0.0
2,2021-11-01 06:51:48,2021-11-01 07:01:04,1.0,1.81,1.0,N,141,230,1,8.5,0.0,0.5,2.95,0.0,0.3,14.75,2.5,0.0
2,2021-11-01 06:15:00,2021-11-01 06:21:12,1.0,2.4,1.0,N,186,231,1,8.5,0.0,0.5,2.36,0.0,0.3,14.16,2.5,0.0
2,2021-11-01 06:26:41,2021-11-01 07:09:08,1.0,18.83,2.0,N,249,132,1,52.0,0.0,0.5,11.06,0.0,0.3,66.36,2.5,0.0
1,2021-11-01 06:47:58,2021-11-01 07:18:00,1.0,6.6,1.0,N,152,126,1,24.5,0.0,0.5,7.55,0.0,0.3,32.85,0.0,0.0
1,2021-11-01 06:28:27,2021-11-01 06:54:02,1.0,5.4,1.0,N,132,130,2,20.0,1.25,0.5,0.0,0.0,0.3,22.05,0.0,1.25
2,2021-11-01 06:10:55,2021-11-01 06:22:05,1.0,2.16,1.0,N,107,246,1,10.5,0.5,0.5,1.0,0.0,0.3,15.3,2.5,0.0
2,2021-11-01 06:36:18,2021-11-01 06:39:40,1.0,0.71,1.0,N,186,161,1,4.5,0.0,0.5,0.5,0.0,0.3,8.3,2.5,0.0
2,2021-11-01 06:48:59,2021-11-01 06:52:03,1.0,0.83,1.0,N,186,234,1,4.5,0.0,0.5,1.56,0.0,0.3,9.36,2.5,0.0
2,2021-11-01 06:54:35,2021-11-01 07:02:53,1.0,2.19,1.0,N,234,161,1,9.0,0.0,0.5,1.23,0.0,0.3,13.53,2.5,0.0
2,2021-11-01 06:42:16,2021-11-01 06:45:38,1.0,0.35,1.0,N,236,236,2,4.0,0.0,0.5,0.0,0.0,0.3,7.3,2.5,0.0
2,2021-11-01 06:47:14,2021-11-01 06:49:27,1.0,0.92,1.0,N,236,237,2,4.5,0.0,0.5,0.0,0.0,0.3,7.8,2.5,0.0
2,2021-11-01 06:54:53,2021-11-01 06:57:50,1.0,0.71,1.0,N,141,140,1,4.0,0.0,0.5,1.0,0.0,0.3,8.3,2.5,0.0
2,2021-11-01 06:15:24,2021-11-01 06:58:10,1.0,16.71,2.0,N,137,132,1,52.0,0.0,0.5,10.0,6.55,0.3,71.85,2.5,0.0
1,2021-11-01 06:38:01,2021-11-01 06:45:10,1.0,1.3,1.0,N,125,231,2,7.0,2.5,0.5,0.0,0.0,0.3,10.3,2.5,0.0
1,2021-11-01 06:58:49,2021-11-01 07:10:53,1.0,3.2,1.0,N,158,161,1,12.0,2.5,0.5,3.05,0.0,0.3,18.35,2.5,0.0
1,2021-11-01 06:07:19,2021-11-01 06:12:53,1.0,1.1,1.0,N,186,161,1,6.5,2.5,0.5,1.95,0.0,0.3,11.75,2.5,0.0
1,2021-11-01 06:56:04,2021-11-01 07:11:57,1.0,3.8,1.0,N,79,50,1,14.5,2.5,0.5,1.0,0.0,0.3,18.8,2.5,0.0
2,2021-11-01 06:30:43,2021-11-01 06:33:26,1.0,0.67,1.0,N,75,41,2,4.5,0.0,0.5,0.0,0.0,0.3,5.3,0.0,0.0
2,2021-11-01 06:48:36,2021-11-01 06:59:02,1.0,1.44,1.0,N,74,43,1,8.5,0.0,0.5,0.93,0.0,0.3,10.23,0.0,0.0
2,2021-11-01 06:18:17,2021-11-01 06:34:18,1.0,4.06,1.0,N,24,233,1,15.0,0.0,0.5,5.49,0.0,0.3,23.79,2.5,0.0
2,2021-11-01 06:38:32,2021-11-01 06:41:26,1.0,0.9,1.0,N,162,107,1,5.0,0.0,0.5,1.66,0.0,0.3,9.96,2.5,0.0
2,2021-11-01 07:01:50,2021-11-01 07:17:12,1.0,5.17,1.0,N,87,137,1,16.0,0.0,0.5,3.86,0.0,0.3,23.16,2.5,0.0
2,2021-11-01 06:42:05,2021-11-01 07:08:13,1.0,13.24,1.0,N,107,240,2,38.0,0.0,0.5,0.0,0.0,0.3,41.3,2.5,0.0
2,2021-11-01 06:53:07,2021-11-01 07:06:21,1.0,2.64,1.0,N,140,238,1,11.5,0.0,0.5,1.5,0.0,0.3,16.3,2.5,0.0
2,2021-11-01 06:58:04,2021-11-01 07:29:37,1.0,7.89,1.0,N,132,63,1,28.0,0.0,0.5,5.76,0.0,0.3,35.81,0.0,1.25
2,2021-11-01 06:51:20,2021-11-01 07:33:33,1.0,18.11,2.0,N,161,132,1,52.0,0.0,0.5,12.37,6.55,0.3,74.22,2.5,0.0
2,2021-11-01 06:19:56,2021-11-01 06:28:24,3.0,1.74,1.0,N,137,161,1,8.5,0.0,0.5,2.36,0.0,0.3,14.16,2.5,0.0
2,2021-11-01 06:32:40,2021-11-01 06:41:58,4.0,2.35,1.0,N,163,137,1,9.5,0.0,0.5,1.0,0.0,0.3,13.8,2.5,0.0
2,2021-11-01 06:44:39,2021-11-01 06:53:54,2.0,2.7,1.0,N,137,236,1,10.0,0.0,0.5,1.6,0.0,0.3,14.9,2.5,0.0
1,2021-11-01 06:43:36,2021-11-01 06:50:46,1.0,1.7,1.0,N,68,161,2,7.5,2.5,0.5,0.0,0.0,0.3,10.8,2.5,0.0
1,2021-11-01 06:59:39,2021-11-01 07:15:14,1.0,3.0,1.0,N,186,140,1,13.0,2.5,0.5,0.0,0.0,0.3,16.3,2.5,0.0
2,2021-11-01 06:18:51,2021-11-01 06:34:58,3.0,8.01,1.0,N,87,74,1,23.5,0.0,0.5,5.36,0.0,0.3,32.16,2.5,0.0
2,2021-11-01 06:37:16,2021-11-01 06:49:54,3.0,2.55,1.0,N,74,141,1,11.0,0.0,0.5,0.0,0.0,0.3,14.3,2.5,0.0
2,2021-11-01 06:59:37,2021-11-01 07:11:02,3.0,1.81,1.0,N,161,90,2,8.0,0.0,0.5,0.0,0.0,0.3,11.3,2.5,0.0
1,2021-11-01 06:44:25,2021-11-01 06:52:52,1.0,3.0,1.0,N,125,48,1,10.5,2.5,0.5,2.75,0.0,0.3,16.55,2.5,0.0
1,2021-11-01 06:55:37,2021-11-01 06:58:03,1.0,0.4,1.0,N,48,48,2,4.0,2.5,0.5,0.0,0.0,0.3,7.3,2.5,0.0
1,2021-11-01 06:54:58,2021-11-01 07:06:16,1.0,2.2,1.0,N,246,113,1,10.0,2.5,0.5,3.95,0.0,0.3,17.25,2.5,0.0
2,2021-11-01 06:14:51,2021-11-01 06:24:13,2.0,1.94,1.0,N,229,48,1,9.0,0.0,0.5,3.08,0.0,0.3,15.38,2.5,0.0
2,2021-11-01 06:25:18,2021-11-01 06:38:33,2.0,3.38,1.0,N,48,236,1,13.0,0.0,0.5,1.63,0.0,0.3,17.93,2.5,0.0
2,2021-11-01 06:45:17,2021-11-01 07:07:58,1.0,9.38,1.0,N,238,138,1,29.0,0.0,0.5,7.27,6.55,0.3,43.62,0.0,0.0
2,2021-11-01 06:23:05,2021-11-01 06:27:21,1.0,1.55,1.0,N,237,162,1,6.0,0.0,0.5,1.0,0.0,0.3,10.3,2.5,0.0
2,2021-11-01 06:39:16,2021-11-01 06:43:16,1.0,0.92,1.0,N,186,50,1,5.0,0.0,0.5,0.0,0.0,0.3,8.3,2.5,0.0
2,2021-11-01 06:46:47,2021-11-01 06:55:31,1.0,1.32,1.0,N,48,170,1,8.0,0.0,0.5,2.26,0.0,0.3,13.56,2.5,0.0
2,2021-11-01 06:57:47,2021-11-01 07:10:27,1.0,2.51,1.0,N,170,141,1,11.5,0.0,0.5,2.96,0.0,0.3,17.76,2.5,0.0
2,2021-11-01 05:35:17,2021-11-01 05:51:05,2.0,5.97,1.0,N,48,116,2,19.5,0.0,0.5,0.0,0.0,0.3,22.8,2.5,0.0
2,2021-11-01 06:26:37,2021-11-01 06:36:28,1.0,2.58,1.0,N,239,186,1,10.0,0.0,0.5,2.0,0.0,0.3,15.3,2.5,0.0
2,2021-11-01 06:46:24,2021-11-01 07:18:24,2.0,8.98,1.0,N,132,102,2,30.0,0.0,0.5,0.0,0.0,0.3,32.05,0.0,1.25
1,2021-11-01 06:36:53,2021-11-01 06:48:20,1.0,3.1,1.0,N,263,233,1,12.0,2.5,0.5,3.05,0.0,0.3,18.35,2.5,0.0
1,2021-11-01 06:53:57,2021-11-01 07:02:33,1.0,2.8,1.0,N,233,236,1,10.0,2.5,0.5,1.2,0.0,0.3,14.5,2.5,0.0
2,2021-11-01 06:37:50,2021-11-01 06:42:55,2.0,0.9,1.0,N,186,230,1,5.5,0.0,0.5,1.76,0.0,0.3,10.56,2.5,0.0
2,2021-11-01 06:47:01,2021-11-01 06:54:38,2.0,1.31,1.0,N,100,163,1,7.0,0.0,0.5,3.09,0.0,0.3,13.39,2.5,0.0
2,2021-11-01 06:46:53,2021-11-01 07:09:33,1.0,5.32,1.0,N,141,112,1,18.5,0.0,0.5,2.8,6.55,0.3,31.15,2.5,0.0
2,2021-11-01 06:34:28,2021-11-01 06:41:51,1.0,2.16,1.0,N,238,230,1,8.5,0.0,0.5,2.95,0.0,0.3,14.75,2.5,0.0
2,2021-11-01 06:44:19,2021-11-01 06:50:36,1.0,0.83,1.0,N,100,50,1,6.0,0.0,0.5,1.86,0.0,0.3,11.16,2.5,0.0
2,2021-11-01 06:51:40,2021-11-01 07:12:22,1.0,4.91,1.0,N,50,74,1,17.5,0.0,0.5,4.16,0.0,0.3,24.96,2.5,0.0
1,2021-11-01 06:45:04,2021-11-01 06:57:34,1.0,3.6,1.0,N,125,50,1,13.0,2.5,0.5,3.25,0.0,0.3,19.55,2.5,0.0
1,2021-11-01 06:59:24,2021-11-01 07:19:24,2.0,3.9,1.0,N,143,74,1,16.0,2.5,0.5,3.0,0.0,0.3,22.3,2.5,0.0
2,2021-11-01 07:00:00,2021-11-01 07:05:24,1.0,2.0,1.0,N,41,239,2,7.5,0.0,0.5,0.0,0.0,0.3,10.8,2.5,0.0
2,2021-11-01 06:15:55,2021-11-01 06:30:46,1.0,4.33,1.0,N,238,137,1,15.0,0.0,0.5,1.83,0.0,0.3,20.13,2.5,0.0
2,2021-11-01 06:43:59,2021-11-01 06:51:44,1.0,1.7,1.0,N,48,237,1,8.0,0.0,0.5,2.26,0.0,0.3,13.56,2.5,0.0
2,2021-11-01 06:53:13,2021-11-01 07:44:19,1.0,16.85,2.0,N,132,170,1,52.0,0.0,0.5,12.37,6.55,0.3,75.47,2.5,1.25
2,2021-11-01 06:00:57,2021-11-01 06:18:24,2.0,4.99,1.0,N,260,262,2,17.0,0.0,0.5,0.0,0.0,0.3,20.3,2.5,0.0
2,2021-11-01 06:33:09,2021-11-01 06:33:09,2.0,0.0,1.0,N,264,264,2,2.5,0.0,0.5,0.0,0.0,0.3,3.3,0.0,0.0
2,2021-11-01 06:58:15,2021-11-01 06:58:15,2.0,0.0,1.0,N,264,264,2,2.5,0.0,0.5,0.0,0.0,0.3,3.3,0.0,0.0
2,2021-11-01 06:28:21,2021-11-01 07:12:41,1.0,12.02,1.0,N,132,129,2,39.0,0.0,0.5,0.0,0.0,0.3,41.05,0.0,1.25
2,2021-11-01 06:57:12,2021-11-01 07:05:04,1.0,2.28,1.0,N,107,141,1,8.5,0.0,0.5,2.36,0.0,0.3,14.16,2.5,0.0
1,2021-11-01 06:51:10,2021-11-01 07:30:13,1.0,17.9,2.0,N,90,132,1,52.0,2.5,0.5,12.35,6.55,0.3,74.2,2.5,0.0
2,2021-11-01 06:15:10,2021-11-01 07:08:20,1.0,20.8,2.0,N,132,238,1,52.0,0.0,0.5,15.15,6.55,0.3,75.75,0.0,1.25
2,2021-11-01 06:47:42,2021-11-01 07:04:19,1.0,2.7,1.0,N,48,140,2,13.0,0.0,0.5,0.0,0.0,0.3,16.3,2.5,0.0
1,2021-11-01 06:06:10,2021-11-01 06:06:26,2.0,1.5,1.0,N,163,163,2,2.5,2.5,0.5,0.0,10.0,0.3,15.8,2.5,0.0
1,2021-11-01 06:21:08,2021-11-01 06:24:32,1.0,1.0,1.0,N,186,234,1,5.0,2.5,0.5,1.0,0.0,0.3,9.3,2.5,0.0
2,2021-11-01 06:45:20,2021-11-01 07:34:08,1.0,20.98,3.0,N,125,265,1,78.0,0.0,0.0,0.0,13.75,0.3,92.05,0.0,0.0
2,2021-11-01 06:17:54,2021-11-01 06:23:42,1.0,2.88,1.0,N,140,137,1,9.5,0.0,0.5,2.56,0.0,0.3,15.36,2.5,0.0
2,2021-11-01 06:32:55,2021-11-01 06:35:09,1.0,0.4,1.0,N,140,141,1,3.5,0.0,0.5,1.36,0.0,0.3,8.16,2.5,0.0
2,2021-11-01 06:45:15,2021-11-01 07:00:02,1.0,2.91,1.0,N,263,142,1,13.0,0.0,0.5,1.96,0.0,0.3,18.26,2.5,0.0
2,2021-11-01 06:25:30,2021-11-01 06:27:45,1.0,0.4,1.0,N,140,140,1,3.5,0.0,0.5,1.36,0.0,0.3,8.16,2.5,0.0
2,2021-11-01 06:31:51,2021-11-01 06:38:14,1.0,1.98,1.0,N,140,233,1,8.5,0.0,0.5,1.65,0.0,0.3,13.45,2.5,0.0
2,2021-11-01 06:39:36,2021-11-01 06:46:42,1.0,2.48,1.0,N,170,262,1,8.5,0.0,0.5,2.36,0.0,0.3,14.16,2.5,0.0
2,2021-11-01 06:44:32,2021-11-01 06:59:12,5.0,6.41,1.0,N,151,231,1,19.5,0.0,0.5,4.56,0.0,0.3,27.36,2.5,0.0
2,2021-11-01 05:56:35,2021-11-01 06:12:46,1.0,7.74,1.0,N,163,244,2,23.5,0.0,0.5,0.0,0.0,0.3,26.8,2.5,0.0
2,2021-11-01 06:28:59,2021-11-01 06:45:46,1.0,4.42,1.0,N,238,234,1,16.5,0.0,0.5,2.0,0.0,0.3,21.8,2.5,0.0
2,2021-11-01 06:42:38,2021-11-01 07:48:52,2.0,14.93,1.0,N,132,80,1,49.5,0.0,0.5,5.0,0.0,0.3,56.55,0.0,1.25
2,2021-11-01 06:18:50,2021-11-01 06:21:14,1.0,0.62,1.0,N,263,236,1,4.0,0.0,0.5,1.46,0.0,0.3,8.76,2.5,0.0
2,2021-11-01 06:54:53,2021-11-01 07:05:00,1.0,1.81,1.0,N,186,237,1,9.0,0.0,0.5,2.46,0.0,0.3,14.76,2.5,0.0
1,2021-11-01 06:22:34,2021-11-01 07:14:22,2.0,18.3,2.0,N,132,140,1,52.0,3.75,0.5,5.0,6.55,0.3,68.1,2.5,1.25
2,2021-11-01 06:35:43,2021-11-01 06:42:19,1.0,1.19,1.0,N,100,161,1,6.5,0.0,0.5,1.0,0.0,0.3,10.8,2.5,0.0
2,2021-11-01 06:54:00,2021-11-01 06:58:13,1.0,0.98,1.0,N,186,230,2,5.5,0.0,0.5,0.0,0.0,0.3,8.8,2.5,0.0
1,2021-11-01 06:34:43,2021-11-01 06:39:24,1.0,1.0,1.0,N,48,161,1,5.5,2.5,0.5,2.2,0.0,0.3,11.0,2.5,0.0
1,2021-11-01 06:46:33,2021-11-01 07:00:18,1.0,3.1,1.0,N,13,234,1,13.0,2.5,0.5,1.0,0.0,0.3,17.3,2.5,0.0
2,2021-11-01 06:43:32,2021-11-01 07:01:58,1.0,4.99,1.0,N,87,246,1,18.5,0.0,0.5,4.36,0.0,0.3,26.16,2.5,0.0
2,2021-11-01 06:52:00,2021-11-01 08:00:32,2.0,16.03,1.0,N,132,146,1,52.5,0.0,0.5,4.0,0.0,0.3,58.55,0.0,1.25
2,2021-11-01 06:50:37,2021-11-01 06:54:03,1.0,0.64,1.0,N,162,170,1,4.5,0.0,0.5,1.17,0.0,0.3,8.97,2.5,0.0
2,2021-11-01 06:55:03,2021-11-01 07:05:45,1.0,2.4,1.0,N,233,237,2,10.0,0.0,0.5,0.0,0.0,0.3,13.3,2.5,0.0
2,2021-11-01 06:26:24,2021-11-01 07:13:49,2.0,9.49,1.0,N,68,138,1,36.5,0.0,0.5,7.96,0.0,0.3,47.76,2.5,0.0
2,2021-11-01 06:47:02,2021-11-01 06:52:53,1.0,0.97,1.0,N,48,246,2,6.0,0.0,0.5,0.0,0.0,0.3,9.3,2.5,0.0
2,2021-11-01 06:58:18,2021-11-01 07:06:01,1.0,0.78,1.0,N,48,100,2,6.5,0.0,0.5,0.0,0.0,0.3,9.8,2.5,0.0
2,2021-11-01 06:03:41,2021-11-01 06:11:20,1.0,0.82,1.0,N,230,162,2,6.5,0.0,0.5,0.0,0.0,0.3,9.8,2.5,0.0
2,2021-11-01 06:37:46,2021-11-01 06:48:20,1.0,1.7,1.0,N,48,107,1,9.0,0.0,0.5,2.0,0.0,0.3,14.3,2.5,0.0
2,2021-11-01 06:48:41,2021-11-01 07:16:11,1.0,10.32,1.0,N,239,147,1,31.5,0.0,0.5,6.96,0.0,0.3,41.76,2.5,0.0
2,2021-11-01 06:01:54,2021-11-01 06:22:36,3.0,12.0,1.0,N,140,254,1,33.5,0.0,0.5,5.0,0.0,0.3,41.8,2.5,0.0
1,2021-11-01 06:13:09,2021-11-01 06:16:28,1.0,0.5,1.0,N,186,48,1,3.5,2.5,0.5,1.35,0.0,0.3,8.15,2.5,0.0
1,2021-11-01 06:24:47,2021-11-01 06:37:40,1.0,1.1,1.0,N,230,229,1,9.0,2.5,0.5,2.45,0.0,0.3,14.75,2.5,0.0
2,2021-11-01 05:56:52,2021-11-01 06:22:42,6.0,12.23,1.0,N,68,138,1,35.5,0.0,0.5,7.76,0.0,0.3,46.56,2.5,0.0
2,2021-11-01 06:12:35,2021-11-01 06:51:40,1.0,16.02,2.0,N,132,229,1,52.0,0.0,0.5,12.37,6.55,0.3,75.47,2.5,1.25
2,2021-11-01 06:54:16,2021-11-01 07:00:45,1.0,1.23,1.0,N,229,237,1,6.5,0.0,0.5,1.96,0.0,0.3,11.76,2.5,0.0
2,2021-11-01 06:47:06,2021-11-01 06:51:47,1.0,1.94,1.0,N,137,140,1,7.0,0.0,0.5,2.06,0.0,0.3,12.36,2.5,0.0
2,2021-11-01 06:56:34,2021-11-01 07:29:04,1.0,19.29,2.0,N,263,132,1,52.0,0.0,0.5,15.46,6.55,0.3,77.31,2.5,0.0
1,2021-11-01 06:25:48,2021-11-01 07:12:59,1.0,27.7,2.0,N,132,261,1,52.0,3.75,0.5,12.6,6.55,0.3,75.7,2.5,1.25
2,2021-11-01 06:26:26,2021-11-01 06:32:56,1.0,1.6,1.0,N,48,162,1,7.0,0.0,0.5,2.06,0.0,0.3,12.36,2.5,0.0
2,2021-11-01 06:40:20,2021-11-01 06:49:00,1.0,1.66,1.0,N,162,140,1,8.0,0.0,0.5,2.26,0.0,0.3,13.56,2.5,0.0
2,2021-11-01 06:01:15,2021-11-01 06:16:43,1.0,4.94,1.0,N,132,205,2,17.0,0.0,0.5,0.0,0.0,0.3,19.05,0.0,1.25
2,2021-11-01 06:49:42,2021-11-01 07:41:06,1.0,26.26,1.0,N,132,23,1,72.0,0.0,0.5,16.12,6.55,0.3,96.72,0.0,1.25
2,2021-11-01 06:30:49,2021-11-01 06:47:45,1.0,2.7,1.0,N,239,140,1,13.0,0.0,0.5,1.63,0.0,0.3,17.93,2.5,0.0
2,2021-11-01 06:29:27,2021-11-01 06:44:18,1.0,3.69,2.0,N,145,246,1,52.0,0.0,0.5,12.37,6.55,0.3,75.47,2.5,1.25
1,2021-11-01 06:45:44,2021-11-01 06:58:22,1.0,5.0,1.0,N,239,244,1,16.0,2.5,0.5,2.5,0.0,0.3,21.8,2.5,0.0
2,2021-11-01 06:40:13,2021-11-01 06:45:12,1.0,1.05,1.0,N,100,164,1,6.0,0.0,0.5,1.0,0.0,0.3,10.3,2.5,0.0
2,2021-11-01 06:48:26,2021-11-01 06:50:28,1.0,0.6,1.0,N,164,170,2,4.0,0.0,0.5,0.0,0.0,0.3,7.3,2.5,0.0
1,2021-11-01 06:28:16,2021-11-01 06:44:47,1.0,6.3,1.0,N,132,258,2,20.0,1.25,0.5,0.0,0.0,0.3,22.05,0.0,1.25
2,2021-11-01 06:26:06,2021-11-01 06:31:11,2.0,1.24,1.0,N,230,186,1,6.0,0.0,0.5,1.86,0.0,0.3,11.16,2.5,0.0
2,2021-11-01 06:33:32,2021-11-01 06:41:44,1.0,2.19,1.0,N,186,237,1,9.0,0.0,0.5,2.46,0.0,0.3,14.76,2.5,0.0
2,2021-11-01 06:53:49,2021-11-01 07:01:10,1.0,1.7,1.0,N,100,163,1,7.5,0.0,0.5,2.16,0.0,0.3,12.96,2.5,0.0
2,2021-11-01 06:08:12,2021-11-01 06:11:53,6.0,1.06,1.0,N,237,162,1,5.0,0.0,0.5,0.83,0.0,0.3,9.13,2.5,0.0
2,2021-11-01 06:24:38,2021-11-01 06:31:16,6.0,1.23,1.0,N,170,50,2,6.5,0.0,0.5,0.0,0.0,0.3,9.8,2.5,0.0
2,2021-11-01 06:40:12,2021-11-01 06:46:02,6.0,1.09,1.0,N,48,246,1,6.0,0.0,0.5,1.86,0.0,0.3,11.16,2.5,0.0
2,2021-11-01 06:51:31,2021-11-01 07:02:04,6.0,1.6,1.0,N,186,107,1,9.0,0.0,0.5,2.46,0.0,0.3,14.76,2.5,0.0
1,2021-11-01 06:42:27,2021-11-01 06:57:23,1.0,2.7,1.0,N,48,249,2,12.0,2.5,0.5,0.0,0.0,0.3,15.3,2.5,0.0
2,2021-11-01 06:22:43,2021-11-01 06:30:03,1.0,1.65,1.0,N,186,113,1,7.5,0.0,0.5,3.24,0.0,0.3,14.04,2.5,0.0
2,2021-11-01 06:38:57,2021-11-01 06:45:57,1.0,1.73,1.0,N,186,161,1,7.5,0.0,0.5,1.8,0.0,0.3,12.6,2.5,0.0
2,2021-11-01 06:32:37,2021-11-01 07:13:16,1.0,18.04,2.0,N,166,132,1,52.0,0.0,0.5,14.84,6.55,0.3,74.19,0.0,0.0
2,2021-11-01 06:27:17,2021-11-01 06:31:25,1.0,0.9,1.0,N,90,164,1,5.5,0.0,0.5,1.76,0.0,0.3,10.56,2.5,0.0
2,2021-11-01 06:35:46,2021-11-01 06:48:56,1.0,3.47,1.0,N,48,75,2,12.5,0.0,0.5,0.0,0.0,0.3,15.8,2.5,0.0
2,2021-11-01 06:16:33,2021-11-01 06:50:41,1.0,10.51,1.0,N,79,223,1,36.0,0.0,0.5,4.0,6.55,0.3,49.85,2.5,0.0
2,2021-11-01 06:28:44,2021-11-01 06:33:19,1.0,0.97,1.0,N,140,262,2,5.5,0.0,0.5,0.0,0.0,0.3,8.8,2.5,0.0
2,2021-11-01 06:36:33,2021-11-02 06:33:19,1.0,1.5,1.0,N,262,237,1,7.0,0.0,0.5,1.54,0.0,0.3,11.84,2.5,0.0
2,2021-11-01 06:18:45,2021-11-01 06:30:38,1.0,3.47,1.0,N,231,246,2,12.5,0.0,0.5,0.0,0.0,0.3,15.8,2.5,0.0
2,2021-11-01 06:33:54,2021-11-01 06:42:33,1.0,1.77,1.0,N,246,234,1,8.5,0.0,0.5,1.18,0.0,0.3,12.98,2.5,0.0
2,2021-11-01 06:45:01,2021-11-01 06:51:33,1.0,1.87,1.0,N,249,230,1,7.5,0.0,0.5,1.62,0.0,0.3,12.42,2.5,0.0
2,2021-11-01 06:05:18,2021-11-01 06:16:30,1.0,3.85,1.0,N,186,75,1,12.5,0.0,0.5,3.16,0.0,0.3,18.96,2.5,0.0
2,2021-11-01 06:22:43,2021-11-01 06:34:08,1.0,3.44,1.0,N,236,186,1,12.0,0.0,0.5,3.06,0.0,0.3,18.36,2.5,0.0
1,2021-11-01 06:56:26,2021-11-01 06:58:35,1.0,0.5,1.0,N,141,141,2,4.0,2.5,0.5,0.0,0.0,0.3,7.3,2.5,0.0
2,2021-11-01 06:30:52,2021-11-01 06:43:19,1.0,3.21,1.0,N,249,237,1,12.5,0.0,0.5,4.74,0.0,0.3,20.54,2.5,0.0
1,2021-11-01 06:14:28,2021-11-01 06:39:21,2.0,10.9,1.0,N,132,19,1,31.0,1.25,0.5,2.0,0.0,0.3,35.05,0.0,1.25
1,2021-11-01 06:25:50,2021-11-01 07:09:12,2.0,13.9,2.0,N,10,170,2,52.0,2.5,0.5,0.0,6.55,0.3,61.85,2.5,0.0
2,2021-11-01 06:28:41,2021-11-01 06:37:00,1.0,1.13,1.0,N,186,230,1,7.5,0.0,0.5,2.16,0.0,0.3,12.96,2.5,0.0
2,2021-11-01 06:43:15,2021-11-01 06:49:18,1.0,1.32,1.0,N,186,163,1,6.5,0.0,0.5,1.96,0.0,0.3,11.76,2.5,0.0
2,2021-11-01 06:52:18,2021-11-01 07:12:33,2.0,3.9,1.0,N,163,75,1,17.5,0.0,0.5,2.2,0.0,0.3,23.0,2.5,0.0
1,2021-11-01 06:04:41,2021-11-01 06:36:37,0.0,16.9,2.0,N,236,132,1,52.0,0.0,0.5,11.85,6.55,0.3,71.2,0.0,0.0
2,2021-11-01 06:57:45,2021-11-01 07:02:31,1.0,1.52,1.0,N,233,79,1,6.5,0.0,0.5,1.0,0.0,0.3,10.8,2.5,0.0
2,2021-11-01 06:51:03,2021-11-01 06:57:20,2.0,1.11,1.0,N,229,141,1,6.0,0.0,0.5,1.5,0.0,0.3,10.8,2.5,0.0
2,2021-11-01 06:11:10,2021-11-01 06:46:23,1.0,15.95,2.0,N,137,132,1,52.0,0.0,0.5,10.0,6.55,0.3,71.85,2.5,0.0
1,2021-11-01 06:24:13,2021-11-01 07:05:41,1.0,16.6,2.0,N,233,132,1,52.0,2.5,0.5,8.0,6.55,0.3,69.85,2.5,0.0
2,2021-11-01 06:38:44,2021-11-01 07:29:36,1.0,13.94,1.0,N,132,157,2,45.0,0.0,0.5,0.0,0.0,0.3,47.05,0.0,1.25
2,2021-11-01 06:55:06,2021-11-01 06:57:42,1.0,0.4,1.0,N,137,137,1,4.0,0.0,0.5,1.82,0.0,0.3,9.12,2.5,0.0
2,2021-11-01 06:18:35,2021-11-01 06:32:13,1.0,2.37,1.0,N,146,161,2,11.0,0.0,0.5,0.0,0.0,0.3,14.3,2.5,0.0
2,2021-11-01 06:14:35,2021-11-01 06:18:54,1.0,1.38,1.0,N,170,68,1,6.0,0.0,0.5,0.01,0.0,0.3,9.31,2.5,0.0
2,2021-11-01 06:36:07,2021-11-01 06:44:23,1.0,1.96,1.0,N,68,142,1,8.5,0.0,0.5,3.54,0.0,0.3,15.34,2.5,0.0
2,2021-11-01 06:50:44,2021-11-01 06:55:48,1.0,1.26,1.0,N,238,43,1,6.0,0.0,0.5,1.86,0.0,0.3,11.16,2.5,0.0
2,2021-11-01 06:58:41,2021-11-01 07:01:18,1.0,0.87,1.0,N,236,75,1,4.5,0.0,0.5,1.56,0.0,0.3,9.36,2.5,0.0
1,2021-11-01 06:38:42,2021-11-01 06:43:47,1.0,1.5,1.0,N,239,230,1,7.0,2.5,0.5,1.55,0.0,0.3,11.85,2.5,0.0
2,2021-11-01 06:26:49,2021-11-01 06:58:34,1.0,14.37,1.0,N,132,155,2,41.0,0.0,0.5,0.0,0.0,0.3,43.05,0.0,1.25
2,2021-11-01 06:22:33,2021-11-01 06:27:00,1.0,1.48,1.0,N,236,237,1,6.5,0.0,0.5,1.96,0.0,0.3,11.76,2.5,0.0
2,2021-11-01 06:39:31,2021-11-01 06:50:19,1.0,1.74,1.0,N,162,186,1,9.0,0.0,0.5,2.46,0.0,0.3,14.76,2.5,0.0
2,2021-11-01 06:04:14,2021-11-01 06:20:07,1.0,7.47,1.0,N,263,127,1,22.5,0.0,0.5,3.87,0.0,0.3,29.67,2.5,0.0
2,2021-11-01 06:56:05,2021-11-01 07:11:58,1.0,3.39,1.0,N,151,161,1,14.0,0.0,0.5,2.2,0.0,0.3,19.5,2.5,0.0
1,2021-11-01 06:25:30,2021-11-01 06:46:48,1.0,12.2,1.0,N,48,138,2,34.0,2.5,0.5,0.0,6.55,0.3,43.85,2.5,0.0
2,2021-11-01 06:59:05,2021-11-01 07:02:18,1.0,1.36,1.0,N,237,75,2,5.5,0.0,0.5,0.0,0.0,0.3,8.8,2.5,0.0
2,2021-11-01 06:15:16,2021-11-01 06:29:24,1.0,2.81,1.0,N,141,100,1,12.0,0.0,0.5,3.06,0.0,0.3,18.36,2.5,0.0
2,2021-11-01 06:30:50,2021-11-01 06:42:28,1.0,2.18,1.0,N,68,162,1,9.5,0.0,0.5,3.2,0.0,0.3,16.0,2.5,0.0
2,2021-11-01 06:34:27,2021-11-01 06:38:55,1.0,0.63,1.0,N,236,236,1,5.0,0.0,0.5,1.24,0.0,0.3,9.54,2.5,0.0
2,2021-11-01 06:56:15,2021-11-01 06:58:24,1.0,0.35,1.0,N,236,75,1,3.5,0.0,0.5,1.0,0.0,0.3,7.8,2.5,0.0
2,2021-11-01 06:57:25,2021-11-01 07:18:50,1.0,6.26,1.0,N,132,134,2,21.0,0.0,0.5,0.0,0.0,0.3,23.05,0.0,1.25
1,2021-11-01 06:13:36,2021-11-01 06:22:18,1.0,2.6,1.0,N,48,237,2,9.5,2.5,0.5,0.0,0.0,0.3,12.8,2.5,0.0
1,2021-11-01 06:45:20,2021-11-01 06:54:26,1.0,1.3,1.0,Y,100,170,1,7.5,2.5,0.5,1.0,0.0,0.3,11.8,2.5,0.0
1,2021-11-01 06:59:26,2021-11-01 07:16:28,1.0,3.8,1.0,N,186,145,1,15.0,2.5,0.5,4.55,0.0,0.3,22.85,2.5,0.0
2,2021-11-01 06:51:06,2021-11-01 06:55:41,1.0,1.11,1.0,N,162,237,1,5.5,0.0,0.5,1.76,0.0,0.3,10.56,2.5,0.0
1,2021-11-01 06:08:45,2021-11-01 06:14:46,1.0,1.3,1.0,N,100,246,1,6.5,2.5,0.5,2.0,0.0,0.3,11.8,2.5,0.0
1,2021-11-01 06:39:57,2021-11-01 06:45:48,1.0,1.1,1.0,N,186,170,1,6.0,2.5,0.5,2.3,0.0,0.3,11.6,2.5,0.0
1,2021-11-01 06:55:15,2021-11-01 06:59:07,1.0,0.9,1.0,N,186,234,1,5.0,2.5,0.5,2.05,0.0,0.3,10.35,2.5,0.0
1,2021-11-01 06:16:59,2021-11-01 06:54:55,2.0,16.9,2.0,N,162,132,1,52.0,2.5,0.5,0.0,6.55,0.3,61.85,2.5,0.0
1,2021-11-01 06:16:34,2021-11-01 07:19:45,1.0,19.0,2.0,N,132,48,1,52.0,3.75,0.5,12.62,6.55,0.3,75.72,2.5,1.25
1,2021-11-01 06:16:15,2021-11-01 06:56:55,1.0,7.2,1.0,Y,100,225,2,30.5,2.5,0.5,0.0,0.0,0.3,33.8,2.5,0.0
2,2021-11-01 06:18:20,2021-11-01 06:54:36,1.0,13.23,3.0,N,231,1,1,59.5,0.0,0.0,5.0,13.75,0.3,78.55,0.0,0.0
2,2021-11-01 06:13:39,2021-11-01 06:33:36,1.0,4.41,1.0,N,141,179,1,17.0,0.0,0.5,4.06,0.0,0.3,24.36,2.5,0.0
2,2021-11-01 06:48:25,2021-11-01 07:14:02,1.0,8.42,1.0,N,132,39,2,27.0,0.0,0.5,0.0,0.0,0.3,29.05,0.0,1.25
2,2021-11-01 06:05:37,2021-11-01 06:37:11,1.0,10.69,1.0,N,50,138,1,34.0,0.0,0.5,8.77,6.55,0.3,52.62,2.5,0.0
1,2021-11-01 06:44:03,2021-11-01 07:22:15,0.0,16.2,5.0,N,162,132,1,65.0,0.0,0.0,10.0,0.0,0.3,75.3,0.0,0.0
2,2021-11-01 05:59:48,2021-11-01 06:36:01,1.0,21.25,5.0,N,132,265,1,100.0,0.0,0.0,10.08,0.0,0.3,111.63,0.0,1.25
2,2021-11-01 06:37:16,2021-11-01 06:47:46,1.0,2.86,1.0,N,68,231,2,10.0,0.0,0.5,0.0,0.0,0.3,13.3,2.5,0.0
2,2021-11-01 06:55:11,2021-11-01 07:00:21,1.0,1.41,1.0,N,234,161,1,6.5,0.0,0.5,1.96,0.0,0.3,11.76,2.5,0.0
2,2021-11-01 06:39:10,2021-11-01 06:47:47,1.0,2.75,1.0,N,186,125,1,9.5,0.0,0.5,2.5,0.0,0.3,15.3,2.5,0.0
2,2021-11-01 06:39:03,2021-11-02 00:00:00,1.0,1.82,1.0,N,237,75,1,8.0,0.0,0.5,1.13,0.0,0.3,12.43,2.5,0.0
1,2021-11-01 06:51:05,2021-11-01 07:27:30,1.0,18.5,2.0,N,237,132,1,52.0,2.5,0.5,12.35,6.55,0.3,74.2,2.5,0.0
2,2021-11-01 06:54:32,2021-11-01 06:58:21,1.0,1.19,1.0,N,125,68,1,5.5,0.0,0.5,1.76,0.0,0.3,10.56,2.5,0.0
2,2021-11-01 06:15:56,2021-11-01 06:24:31,5.0,2.54,1.0,N,249,170,1,9.5,0.0,0.5,1.0,0.0,0.3,13.8,2.5,0.0
2,2021-11-01 06:27:56,2021-11-01 06:36:33,5.0,1.78,1.0,N,170,48,1,8.5,0.0,0.5,1.77,0.0,0.3,13.57,2.5,0.0
2,2021-11-01 06:42:00,2021-11-01 06:47:12,5.0,1.14,1.0,N,186,230,2,5.5,0.0,0.5,0.0,0.0,0.3,8.8,2.5,0.0
2,2021-11-01 06:56:31,2021-11-01 06:59:43,4.0,0.87,1.0,N,170,107,1,5.0,0.0,0.5,1.66,0.0,0.3,9.96,2.5,0.0
2,2021-11-01 07:00:20,2021-11-01 07:04:01,5.0,1.04,1.0,N,234,144,1,5.5,0.0,0.5,0.88,0.0,0.3,9.68,2.5,0.0
2,2021-11-01 06:34:41,2021-11-01 06:40:08,1.0,1.37,1.0,N,161,237,1,6.5,0.0,0.5,1.96,0.0,0.3,11.76,2.5,0.0
2,2021-11-01 06:34:42,2021-11-01 06:57:32,1.0,10.2,1.0,N,132,19,2,29.0,0.0,0.5,0.0,0.0,0.3,31.05,0.0,1.25
2,2021-11-01 06:10:49,2021-11-01 06:22:05,2.0,3.02,1.0,N,48,238,2,11.5,0.0,0.5,0.0,0.0,0.3,14.8,2.5,0.0
2,2021-11-01 06:24:10,2021-11-01 06:35:35,2.0,2.92,1.0,N,238,141,1,11.5,0.0,0.5,2.96,0.0,0.3,17.76,2.5,0.0
2,2021-11-01 06:40:45,2021-11-01 06:47:54,2.0,2.03,1.0,N,236,161,1,8.0,0.0,0.5,2.0,0.0,0.3,13.3,2.5,0.0
2,2021-11-01 06:52:59,2021-11-01 07:00:06,2.0,1.31,1.0,N,107,186,1,6.5,0.0,0.5,1.47,0.0,0.3,11.27,2.5,0.0
1,2021-11-01 06:00:07,2021-11-01 07:04:00,1.0,0.0,99.0,N,203,75,1,44.2,0.0,0.5,0.0,6.55,0.3,51.55,0.0,0.0
2,2021-11-01 06:50:48,2021-11-01 08:07:15,2.0,20.88,2.0,N,132,244,2,52.0,0.0,0.5,0.0,6.55,0.3,60.6,0.0,1.25
2,2021-11-01 06:03:14,2021-11-01 06:30:11,1.0,12.07,1.0,N,132,252,2,35.0,0.0,0.5,0.0,0.0,0.3,37.05,0.0,1.25
2,2021-11-01 06:19:42,2021-11-01 06:32:41,1.0,2.6,1.0,N,237,68,1,11.0,0.0,0.5,2.5,0.0,0.3,16.8,2.5,0.0
2,2021-11-01 06:02:32,2021-11-01 06:07:32,1.0,1.5,1.0,N,263,140,1,6.5,0.0,0.5,1.96,0.0,0.3,11.76,2.5,0.0
2,2021-11-01 06:31:51,2021-11-01 06:43:10,1.0,2.56,1.0,N,262,162,1,10.5,0.0,0.5,2.0,0.0,0.3,15.8,2.5,0.0
2,2021-11-01 06:49:11,2021-11-01 06:55:53,1.0,2.27,1.0,N,237,75,2,8.5,0.0,0.5,0.0,0.0,0.3,11.8,2.5,0.0
2,2021-11-01 06:07:59,2021-11-01 06:12:46,1.0,0.77,1.0,N,170,100,1,5.5,0.0,0.5,2.64,0.0,0.3,11.44,2.5,0.0
2,2021-11-01 06:27:44,2021-11-01 06:33:25,1.0,1.32,1.0,N,170,162,1,6.5,0.0,0.5,1.96,0.0,0.3,11.76,2.5,0.0
2,2021-11-01 06:57:33,2021-11-01 07:03:23,1.0,1.18,1.0,N,262,237,1,6.5,0.0,0.5,1.96,0.0,0.3,11.76,2.5,0.0
2,2021-11-01 06:39:38,2021-11-01 07:56:31,1.0,20.01,2.0,N,132,263,2,52.0,0.0,0.5,0.0,6.55,0.3,63.1,2.5,1.25
2,2021-11-01 06:32:57,2021-11-01 06:36:57,1.0,1.15,1.0,N,186,230,2,5.5,0.0,0.5,0.0,0.0,0.3,8.8,2.5,0.0
2,2021-11-01 06:43:53,2021-11-01 06:51:26,1.0,1.41,1.0,N,163,239,1,7.5,0.0,0.5,3.24,0.0,0.3,14.04,2.5,0.0
2,2021-11-01 06:53:21,2021-11-01 06:56:58,1.0,0.89,1.0,N,143,163,1,5.0,0.0,0.5,1.66,0.0,0.3,9.96,2.5,0.0
2,2021-11-01 06:58:00,2021-11-01 07:02:27,1.0,1.14,1.0,N,163,161,1,5.5,0.0,0.5,2.0,0.0,0.3,10.8,2.5,0.0
1,2021-11-01 06:16:23,2021-11-01 06:55:27,1.0,11.2,99.0,N,216,7,1,32.2,0.0,0.5,0.0,0.0,0.3,33.0,0.0,0.0
1,2021-11-01 06:19:15,2021-11-01 06:23:12,1.0,0.8,1.0,N,48,161,1,5.0,2.5,0.5,1.65,0.0,0.3,9.95,2.5,0.0
1,2021-11-01 06:24:32,2021-11-01 06:30:28,1.0,1.2,1.0,N,161,186,2,6.5,2.5,0.5,0.0,0.0,0.3,9.8,2.5,0.0
1,2021-11-01 06:31:28,2021-11-01 06:38:49,1.0,1.4,1.0,N,186,107,2,7.0,2.5,0.5,0.0,0.0,0.3,10.3,2.5,0.0
1,2021-11-01 06:57:52,2021-11-01 07:12:41,1.0,2.1,1.0,N,162,249,1,11.0,2.5,0.5,4.25,0.0,0.3,18.55,2.5,0.0
2,2021-11-01 06:21:32,2021-11-01 06:21:42,1.0,0.0,1.0,N,239,239,2,2.5,0.0,0.5,0.0,0.0,0.3,5.8,2.5,0.0
2,2021-11-01 06:22:14,2021-11-01 07:06:52,1.0,21.01,2.0,N,239,132,1,52.0,0.0,0.5,12.37,6.55,0.3,74.22,2.5,0.0
1,2021-11-01 06:00:44,2021-11-01 06:29:52,1.0,9.1,99.0,N,197,164,1,28.2,0.0,0.5,0.0,6.55,0.3,35.55,0.0,0.0
1,2021-11-01 06:45:22,2021-11-01 07:18:48,1.0,13.4,99.0,N,232,15,1,38.2,0.0,0.5,0.0,0.0,0.3,39.0,0.0,0.0
2,2021-11-01 06:42:43,2021-11-01 06:54:12,2.0,3.72,1.0,N,226,141,2,13.0,0.0,0.5,0.0,0.0,0.3,16.3,2.5,0.0
2,2021-11-01 06:56:43,2021-11-01 07:09:46,2.0,4.16,1.0,N,263,107,1,14.5,0.0,0.5,4.45,0.0,0.3,22.25,2.5,0.0
2,2021-11-01 06:06:02,2021-11-01 06:53:42,1.0,17.64,2.0,N,90,132,1,52.0,0.0,0.5,12.37,6.55,0.3,74.22,2.5,0.0
2,2021-11-01 06:13:06,2021-11-01 07:10:03,1.0,20.86,1.0,N,22,258,1,63.5,0.5,0.5,0.0,0.0,0.3,64.8,0.0,0.0
2,2021-11-01 06:05:15,2021-11-01 06:16:33,1.0,1.56,1.0,N,249,224,1,9.0,0.0,0.5,2.46,0.0,0.3,14.76,2.5,0.0
2,2021-11-01 06:41:56,2021-11-01 06:49:13,1.0,1.03,1.0,N,48,186,1,6.5,0.0,0.5,1.96,0.0,0.3,11.76,2.5,0.0
2,2021-11-01 06:55:19,2021-11-01 07:31:54,2.0,16.7,2.0,N,100,132,1,52.0,0.0,0.5,8.0,6.55,0.3,69.85,2.5,0.0
1,2021-11-01 06:34:05,2021-11-01 06:46:57,1.0,1.2,1.0,N,230,164,1,9.5,2.5,0.5,2.55,0.0,0.3,15.35,2.5,0.0
1,2021-11-01 06:26:02,2021-11-01 06:30:41,1.0,0.8,1.0,N,186,107,1,5.5,2.5,0.5,1.75,0.0,0.3,10.55,2.5,0.0
1,2021-11-01 06:43:46,2021-11-01 06:47:27,1.0,1.2,1.0,N,186,163,2,5.5,2.5,0.5,0.0,0.0,0.3,8.8,2.5,0.0
1,2021-11-01 06:59:03,2021-11-01 07:06:40,1.0,1.9,1.0,N,186,161,1,8.0,2.5,0.5,0.01,0.0,0.3,11.31,2.5,0.0
2,2021-11-01 06:08:01,2021-11-01 06:14:12,1.0,2.66,1.0,N,132,10,2,9.0,0.0,0.5,0.0,0.0,0.3,11.05,0.0,1.25
2,2021-11-01 06:24:13,2021-11-01 06:24:19,1.0,0.15,5.0,N,216,216,1,20.0,0.0,0.5,0.01,0.0,0.3,20.81,0.0,0.0
2,2021-11-01 06:23:10,2021-11-01 06:31:04,1.0,1.76,1.0,N,186,113,1,7.5,0.0,0.5,1.7,0.0,0.3,12.5,2.5,0.0
2,2021-11-01 06:25:00,2021-11-01 06:48:47,1.0,7.39,1.0,N,13,163,1,24.5,0.0,0.5,3.0,0.0,0.3,30.8,2.5,0.0
2,2021-11-01 06:09:10,2021-11-01 06:15:46,1.0,1.79,1.0,N,68,161,1,7.5,0.5,0.5,1.0,0.0,0.3,12.3,2.5,0.0
2,2021-11-01 06:20:35,2021-11-01 06:32:59,1.0,3.59,1.0,N,48,263,4,-12.5,0.0,-0.5,0.0,0.0,-0.3,-15.8,-2.5,0.0
2,2021-11-01 06:20:35,2021-11-01 06:32:59,1.0,3.59,1.0,N,48,236,2,12.5,0.0,0.5,0.0,0.0,0.3,15.8,2.5,0.0
2,2021-11-01 06:34:18,2021-11-01 06:48:23,1.0,8.65,1.0,N,236,138,1,24.5,0.0,0.5,6.87,6.55,0.3,41.22,2.5,0.0
2,2021-11-01 06:20:29,2021-11-01 06:49:52,1.0,8.19,1.0,N,239,97,1,27.5,0.0,0.5,1.0,0.0,0.3,31.8,2.5,0.0
2,2021-11-01 06:30:18,2021-11-01 07:13:44,5.0,16.95,2.0,N,170,132,1,52.0,0.0,0.5,70.0,6.55,0.3,131.85,2.5,0.0
2,2021-11-01 06:26:59,2021-11-01 06:36:43,1.0,1.18,1.0,N,48,164,2,8.0,0.0,0.5,0.0,0.0,0.3,11.3,2.5,0.0
1,2021-11-01 06:04:55,2021-11-01 06:12:57,1.0,1.6,1.0,N,68,107,1,8.0,3.0,0.5,2.35,0.0,0.3,14.15,2.5,0.0
1,2021-11-01 06:26:34,2021-11-01 06:30:32,1.0,1.0,1.0,N,186,234,2,5.0,2.5,0.5,0.0,0.0,0.3,8.3,2.5,0.0
1,2021-11-01 06:35:05,2021-11-01 06:42:27,1.0,1.1,1.0,N,90,246,1,7.0,2.5,0.5,2.05,0.0,0.3,12.35,2.5,0.0
1,2021-11-01 06:51:51,2021-11-01 06:59:14,1.0,1.3,1.0,N,186,230,1,7.0,2.5,0.5,1.5,0.0,0.3,11.8,2.5,0.0
2,2021-11-01 06:10:35,2021-11-01 06:12:05,1.0,0.36,1.0,N,262,263,1,3.5,0.0,0.5,1.0,0.0,0.3,7.8,2.5,0.0
2,2021-11-01 06:27:57,2021-11-01 06:49:05,1.0,9.98,1.0,N,238,138,2,29.5,0.0,0.5,0.0,6.55,0.3,39.35,2.5,0.0
2,2021-11-01 06:41:17,2021-11-01 07:23:21,1.0,6.93,1.0,N,132,130,2,30.5,0.0,0.5,0.0,0.0,0.3,32.55,0.0,1.25
1,2021-11-01 06:18:34,2021-11-01 06:28:25,0.0,2.9,1.0,N,162,75,2,10.5,2.5,0.5,0.0,0.0,0.3,13.8,2.5,0.0
1,2021-11-01 06:47:48,2021-11-01 07:12:42,2.0,4.8,1.0,N,170,7,1,20.0,2.5,0.5,5.0,0.0,0.3,28.3,2.5,0.0
1,2021-11-01 06:18:11,2021-11-01 06:24:57,1.0,1.2,1.0,N,48,161,1,6.5,2.5,0.5,1.47,0.0,0.3,11.27,2.5,0.0
1,2021-11-01 06:33:11,2021-11-01 06:40:14,1.0,1.7,1.0,N,100,162,1,7.5,2.5,0.5,1.0,0.0,0.3,11.8,2.5,0.0
1,2021-11-01 06:21:13,2021-11-01 06:32:48,1.0,1.8,1.0,N,79,87,1,9.5,2.5,0.5,3.8,0.0,0.3,16.6,2.5,0.0
1,2021-11-01 06:39:06,2021-11-01 06:50:05,1.0,3.4,1.0,N,231,230,1,12.0,2.5,0.5,2.0,0.0,0.3,17.3,2.5,0.0
1,2021-11-01 06:57:30,2021-11-01 07:06:43,1.0,1.7,1.0,N,186,163,1,8.5,2.5,0.5,2.35,0.0,0.3,14.15,2.5,0.0
2,2021-11-01 06:01:57,2021-11-01 06:15:14,1.0,3.44,1.0,N,238,186,2,13.0,0.0,0.5,0.0,0.0,0.3,16.3,2.5,0.0
2,2021-11-01 06:34:04,2021-11-01 06:48:42,1.0,3.01,1.0,N,142,137,1,13.0,0.0,0.5,1.63,0.0,0.3,17.93,2.5,0.0
2,2021-11-01 06:49:19,2021-11-01 06:54:57,1.0,0.7,1.0,N,137,170,1,5.5,0.0,0.5,1.76,0.0,0.3,10.56,2.5,0.0
2,2021-11-01 06:36:22,2021-11-01 06:48:20,3.0,2.89,1.0,N,236,100,1,11.0,0.0,0.5,2.86,0.0,0.3,17.16,2.5,0.0
2,2021-11-01 06:29:42,2021-11-01 06:31:42,2.0,0.47,5.0,N,132,132,1,61.55,0.0,0.0,6.31,0.0,0.3,69.41,0.0,1.25
2,2021-11-01 06:19:02,2021-11-01 07:21:20,2.0,18.76,5.0,N,132,236,1,65.0,0.0,0.5,10.0,0.0,0.3,78.3,2.5,0.0
2,2021-11-01 05:58:41,2021-11-01 06:06:17,1.0,1.32,1.0,N,48,170,1,7.0,0.0,0.5,2.06,0.0,0.3,12.36,2.5,0.0
2,2021-11-01 06:16:20,2021-11-01 06:24:01,1.0,1.71,1.0,N,48,162,1,8.0,0.0,0.5,1.0,0.0,0.3,12.3,2.5,0.0
2,2021-11-01 06:41:56,2021-11-01 06:50:56,1.0,1.48,1.0,N,161,50,1,8.0,0.0,0.5,2.26,0.0,0.3,13.56,2.5,0.0
1,2021-11-01 06:14:22,2021-11-01 06:27:55,1.0,3.3,1.0,N,186,140,1,13.0,2.5,0.5,0.0,0.0,0.3,16.3,2.5,0.0
1,2021-11-01 06:51:22,2021-11-01 06:59:42,1.0,1.8,1.0,N,186,162,1,8.0,2.5,0.5,2.25,0.0,0.3,13.55,2.5,0.0
2,2021-11-01 06:57:04,2021-11-01 08:02:48,1.0,16.52,1.0,N,132,217,1,52.0,0.0,0.5,0.0,0.0,0.3,54.05,0.0,1.25
2,2021-11-01 06:34:30,2021-11-01 06:46:25,1.0,3.47,1.0,N,48,263,1,12.0,0.0,0.5,3.06,0.0,0.3,18.36,2.5,0.0
2,2021-11-01 06:53:40,2021-11-01 07:07:21,1.0,7.91,1.0,N,132,38,1,22.5,0.0,0.5,4.91,0.0,0.3,29.46,0.0,1.25
2,2021-11-01 06:36:26,2021-11-01 07:15:40,1.0,17.98,1.0,N,132,178,2,51.0,0.0,0.5,0.0,0.0,0.3,53.05,0.0,1.25
1,2021-11-01 06:20:21,2021-11-01 06:25:05,1.0,1.2,1.0,N,186,230,1,6.0,2.5,0.5,1.0,0.0,0.3,10.3,2.5,0.0
2,2021-11-01 06:19:41,2021-11-01 07:06:37,1.0,12.18,1.0,N,132,17,2,41.0,0.0,0.5,0.0,0.0,0.3,43.05,0.0,1.25
1,2021-11-01 06:07:30,2021-11-01 06:13:50,1.0,1.0,1.0,N,100,161,1,6.0,2.5,0.5,1.0,0.0,0.3,10.3,2.5,0.0
1,2021-11-01 06:21:54,2021-11-01 06:54:50,1.0,8.7,1.0,N,48,126,1,30.0,2.5,0.5,5.0,0.0,0.3,38.3,2.5,0.0
1,2021-11-01 06:36:52,2021-11-01 06:57:50,1.0,7.0,1.0,N,193,45,1,23.5,2.5,0.5,1.2,0.0,0.3,28.0,2.5,0.0
1,2021-11-01 06:07:57,2021-11-01 06:11:56,1.0,0.9,1.0,N,100,161,1,5.0,2.5,0.5,1.0,0.0,0.3,9.3,2.5,0.0
1,2021-11-01 06:18:03,2021-11-01 06:18:08,1.0,0.9,1.0,N,170,170,2,2.5,2.5,0.5,0.0,0.0,0.3,5.8,2.5,0.0
1,2021-11-01 06:18:47,2021-11-01 07:04:22,1.0,17.9,2.0,N,164,132,1,52.0,2.5,0.5,11.05,0.0,0.3,66.35,2.5,0.0
2,2021-11-01 06:00:07,2021-11-01 06:06:57,1.0,2.14,1.0,N,238,50,1,8.0,0.0,0.5,2.26,0.0,0.3,13.56,2.5,0.0
2,2021-11-01 06:17:18,2021-11-01 06:29:27,1.0,2.32,1.0,N,239,140,1,10.5,0.0,0.5,2.76,0.0,0.3,16.56,2.5,0.0
2,2021-11-01 06:55:15,2021-11-01 06:59:36,2.0,0.92,1.0,N,238,75,1,5.5,0.0,0.5,1.26,0.0,0.3,7.56,0.0,0.0
1,2021-11-01 06:33:27,2021-11-01 06:40:25,1.0,1.4,1.0,N,42,166,1,7.5,0.0,0.5,1.7,0.0,0.3,10.0,0.0,0.0
1,2021-11-01 06:48:23,2021-11-01 06:56:11,1.0,2.3,1.0,N,238,230,1,9.5,2.5,0.5,3.0,0.0,0.3,15.8,2.5,0.0
2,2021-11-01 06:41:35,2021-11-01 06:41:40,1.0,0.0,1.0,N,132,132,2,2.5,0.0,0.5,0.0,0.0,0.3,3.3,0.0,0.0
2,2021-11-01 06:41:49,2021-11-01 07:31:01,1.0,13.28,2.0,N,132,129,1,52.0,0.0,0.5,5.0,0.0,0.3,59.05,0.0,1.25
1,2021-11-01 06:47:08,2021-11-01 07:02:01,0.0,5.9,1.0,N,132,265,1,18.5,1.25,0.5,0.0,0.0,0.3,20.55,0.0,1.25
1,2021-11-01 06:24:22,2021-11-01 06:40:13,1.0,4.1,1.0,N,107,146,2,15.0,2.5,0.5,0.0,0.0,0.3,18.3,2.5,0.0
2,2021-11-01 06:40:39,2021-11-01 06:56:59,1.0,6.4,1.0,N,233,231,1,20.0,0.0,0.5,4.66,0.0,0.3,27.96,2.5,0.0
1,2021-11-01 06:28:43,2021-11-01 07:41:56,1.0,21.9,1.0,N,132,169,2,67.5,1.25,0.5,0.0,6.55,0.3,76.1,0.0,1.25
2,2021-11-01 06:59:00,2021-11-01 07:02:17,1.0,0.99,1.0,N,142,238,2,5.0,0.0,0.5,0.0,0.0,0.3,8.3,2.5,0.0
2,2021-11-01 06:28:19,2021-11-01 06:42:32,4.0,3.17,1.0,N,238,100,1,12.5,0.0,0.5,1.0,0.0,0.3,16.8,2.5,0.0
2,2021-11-01 06:47:57,2021-11-01 06:53:30,4.0,1.4,1.0,N,90,161,1,6.5,0.0,0.5,2.0,0.0,0.3,11.8,2.5,0.0
2,2021-11-01 07:00:17,2021-11-01 07:07:15,4.0,1.05,1.0,N,162,140,1,6.5,0.0,0.5,2.94,0.0,0.3,12.74,2.5,0.0
2,2021-11-01 06:38:54,2021-11-01 07:26:26,1.0,12.29,1.0,N,249,91,2,42.0,0.0,0.5,0.0,0.0,0.3,45.3,2.5,0.0
2,2021-11-01 06:40:06,2021-11-01 07:47:12,1.0,16.01,1.0,N,132,80,1,54.0,0.0,0.5,11.21,0.0,0.3,67.26,0.0,1.25
2,2021-11-01 06:19:23,2021-11-01 07:19:48,2.0,17.36,2.0,N,132,74,1,52.0,0.0,0.5,0.0,6.55,0.3,60.6,0.0,1.25
2,2021-11-01 06:48:50,2021-11-01 06:54:17,1.0,1.13,1.0,N,141,237,1,6.0,0.0,0.5,1.86,0.0,0.3,11.16,2.5,0.0
2,2021-11-01 06:35:57,2021-11-01 07:48:22,2.0,19.56,2.0,N,132,75,1,52.0,0.0,0.5,12.12,6.55,0.3,72.72,0.0,1.25
2,2021-11-01 06:15:18,2021-11-01 06:18:54,1.0,0.84,1.0,N,162,164,1,5.0,0.0,0.5,2.49,0.0,0.3,10.79,2.5,0.0
2,2021-11-01 06:23:23,2021-11-01 06:25:03,1.0,0.6,1.0,N,170,233,2,4.0,0.0,0.5,0.0,0.0,0.3,7.3,2.5,0.0
2,2021-11-01 06:42:29,2021-11-01 06:45:37,1.0,0.38,1.0,N,170,137,1,4.0,0.0,0.5,1.82,0.0,0.3,9.12,2.5,0.0
2,2021-11-01 06:52:02,2021-11-01 07:00:18,1.0,3.0,1.0,N,107,236,1,10.0,0.0,0.5,2.66,0.0,0.3,15.96,2.5,0.0
2,2021-11-01 06:57:07,2021-11-01 07:37:23,1.0,10.83,1.0,N,132,138,1,35.0,0.0,0.5,7.16,0.0,0.3,44.21,0.0,1.25
2,2021-11-01 06:20:48,2021-11-01 07:31:14,1.0,18.16,2.0,N,132,148,1,52.0,0.0,0.5,11.06,0.0,0.3,67.61,2.5,1.25
2,2021-11-01 06:50:57,2021-11-01 06:54:05,1.0,1.47,1.0,N,236,237,1,6.0,0.0,0.5,1.67,0.0,0.3,10.97,2.5,0.0
2,2021-11-01 06:17:02,2021-11-01 06:20:44,1.0,0.75,1.0,N,137,170,1,5.0,0.0,0.5,1.66,0.0,0.3,9.96,2.5,0.0
2,2021-11-01 06:34:39,2021-11-01 07:03:46,1.0,6.74,1.0,N,114,188,1,24.5,0.0,0.5,5.56,0.0,0.3,33.36,2.5,0.0
2,2021-11-01 06:28:16,2021-11-01 06:43:44,1.0,4.23,1.0,N,24,186,1,15.5,0.0,0.5,2.0,0.0,0.3,20.8,2.5,0.0
2,2021-11-01 06:50:59,2021-11-01 07:31:11,1.0,17.12,2.0,N,234,132,1,52.0,0.0,0.5,22.0,0.0,0.3,77.3,2.5,0.0
2,2021-11-01 06:24:43,2021-11-01 06:34:59,1.0,2.91,1.0,N,262,164,1,11.0,0.0,0.5,2.86,0.0,0.3,17.16,2.5,0.0
2,2021-11-01 06:40:54,2021-11-01 06:45:33,1.0,0.96,1.0,N,234,100,1,5.5,0.0,0.5,0.88,0.0,0.3,9.68,2.5,0.0
2,2021-11-01 06:51:08,2021-11-01 07:30:19,1.0,17.46,2.0,N,186,132,1,52.0,0.0,0.5,12.37,6.55,0.3,74.22,2.5,0.0
1,2021-11-01 06:13:10,2021-11-01 06:36:27,1.0,4.0,1.0,N,48,226,2,19.0,2.5,0.5,0.0,0.0,0.3,22.3,2.5,0.0
2,2021-11-01 06:32:39,2021-11-01 06:38:09,2.0,0.63,1.0,N,186,107,1,5.5,0.0,0.5,1.76,0.0,0.3,10.56,2.5,0.0
2,2021-11-01 06:50:58,2021-11-01 07:03:53,3.0,2.62,1.0,N,238,140,2,11.5,0.0,0.5,0.0,0.0,0.3,14.8,2.5,0.0
1,2021-11-01 06:13:29,2021-11-01 06:30:31,1.0,6.7,4.0,N,132,265,4,25.0,1.75,0.5,0.0,0.0,0.3,27.55,0.0,1.25
2,2021-11-01 06:43:28,2021-11-01 06:53:35,1.0,4.59,1.0,N,166,246,1,14.5,0.0,0.5,3.56,0.0,0.3,21.36,2.5,0.0
1,2021-11-01 06:21:21,2021-11-01 06:33:45,1.0,4.3,99.0,N,11,228,1,21.2,0.0,0.5,0.0,0.0,0.3,22.0,0.0,0.0
2,2021-11-01 06:35:01,2021-11-01 06:43:19,2.0,2.6,1.0,N,164,237,1,9.0,0.0,0.5,2.46,0.0,0.3,14.76,2.5,0.0
2,2021-11-01 06:45:28,2021-11-01 06:52:47,2.0,1.22,1.0,N,237,163,1,7.0,0.0,0.5,2.06,0.0,0.3,12.36,2.5,0.0
2,2021-11-01 06:19:26,2021-11-01 06:24:45,1.0,1.19,1.0,N,233,164,1,6.0,0.0,0.5,2.32,0.0,0.3,11.62,2.5,0.0
2,2021-11-01 06:41:21,2021-11-01 06:45:35,1.0,0.84,1.0,N,100,161,1,5.0,0.0,0.5,2.08,0.0,0.3,10.38,2.5,0.0
2,2021-11-01 06:55:51,2021-11-01 07:06:59,1.0,3.21,1.0,N,48,75,1,11.5,0.0,0.5,3.7,0.0,0.3,18.5,2.5,0.0
2,2021-11-01 06:02:53,2021-11-01 06:09:32,2.0,2.12,1.0,N,141,137,1,8.0,0.0,0.5,2.26,0.0,0.3,13.56,2.5,0.0
2,2021-11-01 06:33:24,2021-11-01 06:38:19,2.0,1.07,1.0,N,141,237,2,6.0,0.0,0.5,0.0,0.0,0.3,9.3,2.5,0.0
2,2021-11-01 06:40:31,2021-11-01 06:44:20,2.0,1.09,1.0,N,162,170,2,5.5,0.0,0.5,0.0,0.0,0.3,8.8,2.5,0.0
2,2021-11-01 06:48:34,2021-11-01 06:57:05,2.0,1.22,1.0,N,164,170,1,7.5,0.0,0.5,1.0,0.0,0.3,11.8,2.5,0.0
2,2021-11-01 06:38:02,2021-11-01 06:59:39,5.0,4.0,1.0,N,151,229,2,17.0,0.0,0.5,0.0,0.0,0.3,20.3,2.5,0.0
2,2021-11-01 06:35:15,2021-11-01 06:45:54,1.0,1.54,1.0,N,48,137,1,8.5,0.0,0.5,1.5,0.0,0.3,13.3,2.5,0.0
2,2021-11-01 06:57:47,2021-11-01 06:57:57,1.0,0.02,1.0,N,48,48,2,2.5,0.0,0.5,0.0,0.0,0.3,5.8,2.5,0.0
2,2021-11-01 06:00:06,2021-11-01 06:39:00,1.0,15.59,1.0,N,132,145,1,45.0,0.0,0.5,7.06,0.0,0.3,54.11,0.0,1.25
2,2021-11-01 06:26:30,2021-11-01 07:02:15,1.0,19.64,1.0,N,132,22,1,54.0,0.0,0.5,10.96,0.0,0.3,67.01,0.0,1.25
2,2021-11-01 06:25:34,2021-11-01 06:41:40,1.0,3.3,1.0,N,48,144,1,13.5,0.0,0.5,3.36,0.0,0.3,20.16,2.5,0.0
2,2021-11-01 05:57:20,2021-11-01 05:58:02,2.0,0.0,1.0,N,230,230,2,2.5,0.0,0.5,0.0,0.0,0.3,5.8,2.5,0.0
2,2021-11-01 06:29:09,2021-11-01 07:16:52,1.0,10.73,1.0,N,132,82,1,38.0,0.0,0.5,8.01,0.0,0.3,48.06,0.0,1.25
2,2021-11-01 06:46:17,2021-11-01 07:08:56,1.0,10.73,1.0,N,114,138,1,31.5,0.0,0.5,6.96,0.0,0.3,41.76,2.5,0.0
1,2021-11-01 06:29:20,2021-11-01 07:55:22,1.0,8.7,99.0,N,39,7,1,38.2,0.0,0.5,0.0,0.0,0.3,39.0,0.0,0.0
2,2021-11-01 06:11:46,2021-11-01 07:01:52,1.0,29.29,2.0,N,132,231,1,52.0,0.0,0.5,12.62,6.55,0.3,75.72,2.5,1.25
1,2021-11-01 06:41:20,2021-11-01 07:02:47,1.0,7.8,1.0,N,151,47,1,24.5,0.0,0.5,6.3,0.0,0.3,31.6,0.0,0.0
2,2021-11-01 06:31:01,2021-11-01 07:16:27,3.0,15.86,1.0,N,132,29,2,48.0,0.0,0.5,0.0,0.0,0.3,52.55,2.5,1.25
1,2021-11-01 06:31:32,2021-11-01 06:43:29,2.0,3.4,1.0,N,148,230,1,12.0,2.5,0.5,0.0,0.0,0.3,15.3,2.5,0.0
1,2021-11-01 06:49:10,2021-11-01 06:53:43,2.0,1.0,1.0,N,50,142,1,5.5,2.5,0.5,1.75,0.0,0.3,10.55,2.5,0.0
1,2021-11-01 06:54:48,2021-11-01 06:57:06,2.0,0.6,1.0,N,142,230,1,4.0,2.5,0.5,1.1,0.0,0.3,8.4,2.5,0.0
2,2021-11-01 06:48:13,2021-11-01 06:55:09,1.0,2.31,1.0,N,236,162,2,8.5,0.0,0.5,0.0,0.0,0.3,11.8,2.5,0.0
1,2021-11-01 06:26:24,2021-11-01 07:30:23,1.0,19.4,1.0,N,132,256,1,57.0,1.25,0.5,11.8,0.0,0.3,70.85,0.0,1.25
2,2021-11-01 06:01:27,2021-11-01 06:22:30,1.0,4.65,1.0,N,100,74,2,17.5,0.0,0.5,0.0,0.0,0.3,20.8,2.5,0.0
2,2021-11-01 06:31:03,2021-11-01 06:33:54,1.0,0.58,1.0,N,75,236,1,4.0,0.0,0.5,1.46,0.0,0.3,8.76,2.5,0.0
2,2021-11-01 06:34:32,2021-11-01 06:40:22,1.0,1.1,1.0,N,236,239,1,6.0,0.0,0.5,1.86,0.0,0.3,11.16,2.5,0.0
2,2021-11-01 06:32:35,2021-11-01 06:43:02,1.0,2.71,1.0,N,238,140,1,10.5,0.0,0.5,2.07,0.0,0.3,15.87,2.5,0.0
2,2021-11-01 06:47:04,2021-11-01 06:54:28,1.0,3.21,1.0,N,140,137,1,10.5,0.0,0.5,1.0,0.0,0.3,14.8,2.5,0.0
2,2021-11-01 06:57:38,2021-11-01 07:24:16,1.0,7.7,1.0,N,137,36,2,26.0,0.0,0.5,0.0,0.0,0.3,29.3,2.5,0.0
2,2021-11-01 06:42:22,2021-11-01 06:53:31,1.0,2.93,1.0,N,24,230,1,11.5,0.0,0.5,2.96,0.0,0.3,17.76,2.5,0.0
2,2021-11-01 06:55:53,2021-11-01 07:10:53,1.0,6.3,1.0,N,132,265,2,19.5,0.0,0.5,0.0,0.0,0.3,21.55,0.0,1.25
2,2021-11-01 06:08:41,2021-11-01 06:30:03,1.0,6.04,1.0,N,230,244,1,20.0,0.0,0.5,4.66,0.0,0.3,27.96,2.5,0.0
2,2021-11-01 06:40:17,2021-11-01 06:47:28,1.0,1.51,1.0,N,166,151,2,6.5,0.0,0.5,0.0,0.0,0.3,7.3,0.0,0.0
2,2021-11-01 06:30:14,2021-11-01 06:38:23,1.0,1.3,1.0,N,186,233,2,7.0,0.0,0.5,0.0,0.0,0.3,10.3,2.5,0.0
2,2021-11-01 06:43:26,2021-11-01 06:46:09,1.0,0.95,1.0,N,162,234,2,4.5,0.0,0.5,0.0,0.0,0.3,7.8,2.5,0.0
2,2021-11-01 06:50:43,2021-11-01 06:58:36,1.0,1.4,1.0,N,234,246,1,7.5,0.0,0.5,1.08,0.0,0.3,11.88,2.5,0.0
2,2021-11-01 06:50:33,2021-11-01 07:04:47,1.0,2.85,1.0,N,238,163,1,12.5,0.0,0.5,1.5,0.0,0.3,17.3,2.5,0.0
1,2021-11-01 06:08:29,2021-11-01 06:16:43,1.0,1.3,1.0,N,48,162,2,7.5,2.5,0.5,0.0,0.0,0.3,10.8,2.5,0.0
1,2021-11-01 06:32:06,2021-11-01 06:34:24,1.0,0.3,1.0,N,164,170,2,3.5,2.5,0.5,0.0,0.0,0.3,6.8,2.5,0.0
1,2021-11-01 06:44:00,2021-11-01 07:27:10,1.0,17.0,2.0,N,230,132,2,52.0,2.5,0.5,0.0,6.55,0.3,61.85,2.5,0.0
2,2021-11-01 06:14:59,2021-11-01 06:31:37,1.0,9.02,1.0,N,238,138,1,26.0,0.0,0.5,6.67,6.55,0.3,40.02,0.0,0.0
2,2021-11-01 07:01:21,2021-11-01 07:15:48,1.0,7.39,1.0,N,141,88,1,21.5,0.0,0.5,6.2,0.0,0.3,31.0,2.5,0.0
1,2021-11-01 06:22:19,2021-11-01 06:26:00,1.0,0.7,1.0,N,233,170,1,5.0,2.5,0.5,1.65,0.0,0.3,9.95,2.5,0.0
1,2021-11-01 06:37:35,2021-11-01 06:47:28,1.0,1.6,1.0,N,246,161,1,9.0,2.5,0.5,2.45,0.0,0.3,14.75,2.5,0.0
1,2021-11-01 06:54:15,2021-11-01 06:59:17,1.0,1.7,1.0,N,186,114,1,7.0,2.5,0.5,1.0,0.0,0.3,11.3,2.5,0.0
2,2021-11-01 06:10:54,2021-11-01 06:31:24,1.0,4.88,1.0,N,186,226,2,18.0,0.5,0.5,0.0,0.0,0.3,21.8,2.5,0.0
2,2021-11-01 05:50:52,2021-11-01 06:00:55,1.0,1.24,1.0,N,262,75,2,8.0,0.0,0.5,0.0,0.0,0.3,11.3,2.5,0.0
2,2021-11-01 06:08:50,2021-11-01 06:20:34,1.0,2.77,1.0,N,239,162,1,11.0,0.0,0.5,2.86,0.0,0.3,17.16,2.5,0.0
2,2021-11-01 06:35:13,2021-11-01 06:44:45,1.0,2.42,1.0,N,186,148,1,9.5,0.0,0.5,1.0,0.0,0.3,13.8,2.5,0.0
1,2021-11-01 07:37:18,2021-11-01 07:37:50,1.0,0.0,1.0,N,145,145,2,2.5,0.0,0.5,0.0,0.0,0.3,3.3,0.0,0.0
1,2021-11-01 07:45:35,2021-11-01 07:46:40,1.0,0.0,5.0,N,145,145,2,20.0,0.0,0.0,0.0,0.0,0.3,20.3,0.0,0.0
1,2021-11-01 07:47:07,2021-11-01 07:47:51,1.0,0.0,1.0,N,145,145,2,2.5,0.0,0.5,0.0,0.0,0.3,3.3,0.0,0.0
2,2021-11-01 07:48:41,2021-11-01 07:50:25,1.0,0.2,2.0,N,132,132,2,52.0,0.0,0.5,0.0,0.0,0.3,54.05,0.0,1.25
2,2021-11-01 07:53:44,2021-11-01 08:05:27,1.0,4.71,1.0,N,132,10,3,-15.5,0.0,-0.5,0.0,0.0,-0.3,-17.55,0.0,-1.25
2,2021-11-01 07:53:44,2021-11-01 08:05:27,1.0,4.71,1.0,N,132,132,2,15.5,0.0,0.5,0.0,0.0,0.3,17.55,0.0,1.25
2,2021-11-01 07:29:42,2021-11-01 07:47:06,5.0,3.02,1.0,N,238,141,1,14.0,0.0,0.5,3.46,0.0,0.3,20.76,2.5,0.0
1,2021-11-01 07:06:46,2021-11-01 07:25:31,1.0,4.2,1.0,N,234,75,1,15.5,2.5,0.5,2.0,0.0,0.3,20.8,2.5,0.0
1,2021-11-01 07:32:36,2021-11-01 07:44:51,1.0,2.2,1.0,N,236,143,1,10.5,2.5,0.5,1.38,0.0,0.3,15.18,2.5,0.0
1,2021-11-01 07:45:53,2021-11-01 07:54:41,1.0,1.4,1.0,N,143,238,1,8.0,2.5,0.5,2.25,0.0,0.3,13.55,2.5,0.0
1,2021-11-01 07:56:57,2021-11-01 08:23:55,1.0,5.1,1.0,N,238,113,1,20.5,2.5,0.5,4.28,0.0,0.3,28.08,2.5,0.0
1,2021-11-01 07:17:37,2021-11-01 08:40:00,0.0,14.0,1.0,N,132,66,2,57.5,1.25,0.5,0.0,0.0,0.3,59.55,0.0,1.25
2,2021-11-01 07:03:44,2021-11-01 07:07:53,1.0,1.06,1.0,N,164,161,1,5.5,0.0,0.5,1.76,0.0,0.3,10.56,2.5,0.0
2,2021-11-01 07:13:52,2021-11-01 07:22:52,1.0,1.55,1.0,N,186,163,1,8.0,0.0,0.5,2.0,0.0,0.3,13.3,2.5,0.0
2,2021-11-01 07:41:33,2021-11-01 07:49:59,1.0,1.67,1.0,N,229,164,1,8.0,0.0,0.5,1.0,0.0,0.3,12.3,2.5,0.0
2,2021-11-01 07:15:52,2021-11-01 07:24:04,1.0,1.69,1.0,N,263,142,1,8.0,0.0,0.5,2.26,0.0,0.3,13.56,2.5,0.0
2,2021-11-01 07:29:27,2021-11-01 07:41:43,1.0,1.55,1.0,N,142,140,1,9.5,0.0,0.5,3.2,0.0,0.3,16.0,2.5,0.0
2,2021-11-01 07:48:21,2021-11-01 07:58:13,1.0,1.61,1.0,N,237,75,1,8.0,0.0,0.5,1.0,0.0,0.3,12.3,2.5,0.0
2,2021-11-01 08:03:55,2021-11-01 08:19:50,1.0,2.65,1.0,N,236,164,1,12.5,0.0,0.5,1.25,0.0,0.3,17.05,2.5,0.0
1,2021-11-01 07:14:47,2021-11-01 07:47:18,1.0,18.6,4.0,N,132,265,1,79.5,1.25,0.5,16.3,0.0,0.3,97.85,0.0,1.25
1,2021-11-01 07:01:47,2021-11-01 07:27:26,2.0,5.9,1.0,N,132,130,1,22.5,1.25,0.5,4.9,0.0,0.3,29.45,0.0,1.25
2,2021-11-01 07:11:11,2021-11-01 07:17:33,1.0,1.45,1.0,N,164,163,1,7.0,0.0,0.5,2.06,0.0,0.3,12.36,2.5,0.0
2,2021-11-01 07:31:04,2021-11-01 07:46:04,1.0,2.79,1.0,N,186,148,1,12.0,0.0,0.5,3.06,0.0,0.3,18.36,2.5,0.0
2,2021-11-01 07:52:50,2021-11-01 08:30:12,2.0,17.83,3.0,N,162,1,1,68.0,0.0,0.0,5.0,13.75,0.3,87.05,0.0,0.0
2,2021-11-01 07:29:09,2021-11-01 07:39:48,1.0,2.06,1.0,N,239,161,1,10.0,0.0,0.5,2.0,0.0,0.3,15.3,2.5,0.0
2,2021-11-01 07:44:01,2021-11-01 07:56:02,1.0,1.65,1.0,N,229,237,2,9.5,0.0,0.5,0.0,0.0,0.3,12.8,2.5,0.0
1,2021-11-01 07:46:22,2021-11-01 07:55:32,0.0,1.3,1.0,N,170,161,1,8.0,2.5,0.5,1.0,0.0,0.3,12.3,2.5,0.0
1,2021-11-01 07:14:18,2021-11-01 08:18:45,2.0,16.3,1.0,Y,132,123,2,56.0,1.25,0.5,0.0,0.0,0.3,58.05,0.0,1.25
2,2021-11-01 06:57:23,2021-11-01 07:02:05,6.0,0.86,1.0,N,230,50,1,5.5,0.0,0.5,1.76,0.0,0.3,10.56,2.5,0.0
2,2021-11-01 07:12:53,2021-11-01 07:49:12,6.0,10.28,1.0,N,48,138,1,35.0,0.0,0.5,8.97,6.55,0.3,53.82,2.5,0.0
2,2021-11-01 07:09:52,2021-11-01 08:36:59,3.0,16.51,2.0,N,132,162,1,52.0,0.0,0.5,15.78,6.55,0.3,78.88,2.5,1.25
1,2021-11-01 07:34:27,2021-11-01 08:50:52,1.0,17.9,2.0,N,132,246,1,52.0,3.75,0.5,12.62,6.55,0.3,75.72,2.5,1.25
2,2021-11-01 07:55:44,2021-11-01 08:08:03,1.0,4.49,1.0,N,151,116,1,15.5,0.0,0.5,3.26,0.0,0.3,19.56,0.0,0.0
1,2021-11-01 07:16:46,2021-11-01 07:29:13,1.0,1.9,1.0,N,141,161,1,10.0,2.5,0.5,2.65,0.0,0.3,15.95,2.5,0.0
1,2021-11-01 07:31:10,2021-11-01 07:39:47,1.0,1.0,1.0,N,163,170,1,7.0,2.5,0.5,2.05,0.0,0.3,12.35,2.5,0.0
1,2021-11-01 07:59:39,2021-11-01 08:08:31,1.0,1.5,1.0,N,263,162,1,7.5,2.5,0.5,1.0,0.0,0.3,11.8,2.5,0.0
1,2021-11-01 07:52:31,2021-11-01 08:11:45,1.0,0.9,99.0,N,241,153,1,38.2,0.0,0.5,0.0,0.0,0.3,39.0,0.0,0.0
1,2021-11-01 07:33:22,2021-11-01 08:47:00,0.0,16.5,1.0,Y,132,146,1,57.5,1.25,0.5,11.9,0.0,0.3,71.45,0.0,1.25
1,2021-11-01 07:16:23,2021-11-01 07:33:53,1.0,5.0,1.0,N,151,246,1,17.5,2.5,0.5,4.15,0.0,0.3,24.95,2.5,0.0
2,2021-11-01 07:40:42,2021-11-01 07:55:19,1.0,2.12,1.0,N,141,230,1,11.0,0.0,0.5,2.86,0.0,0.3,17.16,2.5,0.0
1,2021-11-01 07:23:23,2021-11-01 07:34:25,1.0,1.0,1.0,N,166,43,1,8.0,0.0,0.5,2.2,0.0,0.3,11.0,0.0,0.0
1,2021-11-01 07:48:00,2021-11-01 08:05:49,1.0,3.2,1.0,N,166,244,1,14.5,0.0,0.5,5.0,0.0,0.3,20.3,0.0,0.0
1,2021-11-01 07:16:20,2021-11-01 07:46:48,1.0,5.0,1.0,N,238,145,1,22.0,2.5,0.5,5.05,0.0,0.3,30.35,2.5,0.0
1,2021-11-01 07:09:47,2021-11-01 07:24:40,1.0,3.9,1.0,N,231,163,2,14.5,2.5,0.5,0.0,0.0,0.3,17.8,2.5,0.0
1,2021-11-01 07:39:08,2021-11-01 07:49:28,1.0,1.8,1.0,N,161,142,1,9.0,2.5,0.5,2.45,0.0,0.3,14.75,2.5,0.0
1,2021-11-01 07:55:04,2021-11-01 08:01:03,1.0,1.3,1.0,N,230,186,1,6.5,2.5,0.5,1.95,0.0,0.3,11.75,2.5,0.0
1,2021-11-01 07:01:20,2021-11-01 07:01:28,1.0,0.0,3.0,N,143,143,2,20.0,0.0,0.0,0.0,0.0,0.3,20.3,0.0,0.0
1,2021-11-01 07:02:14,2021-11-01 07:17:30,1.0,2.5,1.0,N,143,161,1,12.5,2.5,0.5,3.15,0.0,0.3,18.95,2.5,0.0
1,2021-11-01 07:36:30,2021-11-01 07:40:06,2.0,0.9,1.0,N,143,50,2,5.0,2.5,0.5,0.0,0.0,0.3,8.3,2.5,0.0
1,2021-11-01 07:42:18,2021-11-01 07:43:36,1.0,0.2,1.0,N,48,50,1,3.0,2.5,0.5,1.0,0.0,0.3,7.3,2.5,0.0
1,2021-11-01 07:55:01,2021-11-01 08:00:06,1.0,0.5,1.0,Y,48,230,2,5.0,2.5,0.5,0.0,0.0,0.3,8.3,2.5,0.0
1,2021-11-01 07:24:37,2021-11-01 07:35:46,2.0,2.0,1.0,Y,50,162,1,10.0,2.5,0.5,2.66,0.0,0.3,15.96,2.5,0.0
1,2021-11-01 07:39:57,2021-11-01 07:47:52,2.0,1.6,1.0,Y,162,90,1,8.0,2.5,0.5,2.0,0.0,0.3,13.3,2.5,0.0
1,2021-11-01 07:49:26,2021-11-01 07:52:57,2.0,1.1,1.0,N,90,249,1,5.0,2.5,0.5,1.65,0.0,0.3,9.95,2.5,0.0
1,2021-11-01 07:54:40,2021-11-01 07:59:07,1.0,0.7,1.0,N,114,113,2,5.0,2.5,0.5,0.0,0.0,0.3,8.3,2.5,0.0
2,2021-11-01 07:17:15,2021-11-01 07:28:17,1.0,2.35,1.0,N,42,151,2,10.0,0.0,0.5,0.0,0.0,0.3,10.8,0.0,0.0
2,2021-11-01 07:36:26,2021-11-01 07:45:55,1.0,1.72,1.0,N,238,236,1,8.5,0.0,0.5,3.54,0.0,0.3,15.34,2.5,0.0
2,2021-11-01 07:47:55,2021-11-01 07:52:42,1.0,0.97,1.0,N,236,236,1,5.5,0.0,0.5,1.76,0.0,0.3,10.56,2.5,0.0
2,2021-11-01 07:24:41,2021-11-01 07:48:02,1.0,12.51,1.0,N,138,132,1,34.5,0.0,0.5,7.31,0.0,0.3,43.86,0.0,1.25
1,2021-11-01 07:34:55,2021-11-01 07:42:22,1.0,1.2,1.0,N,100,161,1,6.5,2.5,0.5,1.5,0.0,0.3,11.3,2.5,0.0
1,2021-11-01 07:53:56,2021-11-01 08:07:48,1.0,1.7,1.0,N,161,50,1,10.0,2.5,0.5,2.65,0.0,0.3,15.95,2.5,0.0
1,2021-11-01 07:47:13,2021-11-01 07:52:00,1.0,0.7,1.0,N,107,233,1,5.0,2.5,0.5,1.0,0.0,0.3,9.3,2.5,0.0
1,2021-11-01 07:23:49,2021-11-01 07:29:48,1.0,0.9,1.0,N,263,140,1,6.0,2.5,0.5,2.0,0.0,0.3,11.3,2.5,0.0
1,2021-11-01 07:33:15,2021-11-01 07:44:25,2.0,1.9,1.0,N,140,236,1,9.5,2.5,0.5,2.55,0.0,0.3,15.35,2.5,0.0
1,2021-11-01 07:50:34,2021-11-01 08:30:21,2.0,19.1,3.0,N,236,1,1,71.0,0.0,0.0,10.0,19.5,0.3,100.8,0.0,0.0
2,2021-11-01 07:26:34,2021-11-01 07:45:21,1.0,3.36,1.0,N,233,43,1,15.0,0.0,0.5,3.66,0.0,0.3,21.96,2.5,0.0
2,2021-11-01 07:46:56,2021-11-01 07:59:28,1.0,2.88,1.0,N,238,48,1,11.0,0.0,0.5,2.86,0.0,0.3,17.16,2.5,0.0
2,2021-11-01 07:07:12,2021-11-01 07:39:22,1.0,10.25,1.0,N,234,138,1,32.0,0.0,0.5,2.0,6.55,0.3,43.85,2.5,0.0
1,2021-11-01 07:24:15,2021-11-01 07:27:23,1.0,1.1,1.0,N,237,161,1,5.0,2.5,0.5,2.05,0.0,0.3,10.35,2.5,0.0
1,2021-11-01 07:41:35,2021-11-01 07:50:52,1.0,2.2,1.0,N,236,161,1,9.0,2.5,0.5,2.45,0.0,0.3,14.75,2.5,0.0
1,2021-11-01 07:55:55,2021-11-01 08:00:41,1.0,0.4,1.0,N,161,161,1,5.0,2.5,0.5,1.65,0.0,0.3,9.95,2.5,0.0
2,2021-11-01 07:08:09,2021-11-01 07:26:00,6.0,3.82,1.0,N,138,7,1,14.5,0.0,0.5,3.31,0.0,0.3,19.86,0.0,1.25
2,2021-11-01 07:19:37,2021-11-01 08:19:51,3.0,12.4,1.0,N,132,132,1,47.0,0.0,0.5,0.0,0.0,0.3,49.05,0.0,1.25
1,2021-11-01 07:31:44,2021-11-01 08:19:27,1.0,15.1,1.0,N,138,231,1,47.0,3.75,0.5,8.0,6.55,0.3,66.1,2.5,1.25
2,2021-11-01 07:23:28,2021-11-01 07:29:43,4.0,1.07,1.0,N,229,170,1,6.0,0.0,0.5,1.86,0.0,0.3,11.16,2.5,0.0
2,2021-11-01 07:37:43,2021-11-01 07:51:23,3.0,1.48,1.0,N,186,233,1,10.0,0.0,0.5,2.66,0.0,0.3,15.96,2.5,0.0
2,2021-11-01 07:53:57,2021-11-01 08:10:27,2.0,2.51,1.0,N,233,236,1,12.0,0.0,0.5,3.06,0.0,0.3,18.36,2.5,0.0
1,2021-11-01 07:04:58,2021-11-01 07:13:29,1.0,2.6,1.0,N,107,140,1,9.5,2.5,0.5,1.0,0.0,0.3,13.8,2.5,0.0
1,2021-11-01 07:34:02,2021-11-01 07:38:30,1.0,0.8,1.0,N,186,161,1,5.0,2.5,0.5,1.65,0.0,0.3,9.95,2.5,0.0
1,2021-11-01 07:45:37,2021-11-01 07:52:29,1.0,0.7,1.0,Y,186,164,1,6.0,2.5,0.5,2.3,0.0,0.3,11.6,2.5,0.0
1,2021-11-01 07:58:06,2021-11-01 08:09:13,1.0,1.7,1.0,N,164,162,1,9.0,2.5,0.5,2.45,0.0,0.3,14.75,2.5,0.0
2,2021-11-01 07:17:40,2021-11-01 07:24:08,1.0,1.37,1.0,N,107,114,1,6.5,0.0,0.5,1.96,0.0,0.3,11.76,2.5,0.0
2,2021-11-01 07:37:34,2021-11-01 07:39:21,1.0,0.18,1.0,N,107,137,2,3.0,0.0,0.5,0.0,0.0,0.3,6.3,2.5,0.0
2,2021-11-01 07:41:40,2021-11-01 07:51:04,1.0,1.37,1.0,Y,107,90,1,7.5,0.0,0.5,2.16,0.0,0.3,12.96,2.5,0.0
2,2021-11-01 07:52:57,2021-11-01 07:59:08,1.0,0.74,1.0,N,68,234,2,5.5,0.0,0.5,0.0,0.0,0.3,8.8,2.5,0.0
1,2021-11-01 07:19:17,2021-11-01 08:03:01,1.0,0.0,1.0,N,33,75,1,29.2,0.0,0.5,0.0,0.0,0.3,30.0,0.0,0.0
1,2021-11-01 07:11:09,2021-11-01 07:55:05,1.0,11.7,1.0,N,132,138,2,38.5,1.25,0.5,0.0,0.0,0.3,40.55,0.0,1.25
2,2021-11-01 07:12:11,2021-11-01 07:51:29,2.0,17.92,2.0,N,211,132,1,52.0,0.0,0.5,16.59,0.0,0.3,71.89,2.5,0.0
1,2021-11-01 07:17:53,2021-11-01 07:47:05,1.0,7.7,1.0,N,234,42,1,28.0,2.5,0.5,6.25,0.0,0.3,37.55,2.5,0.0
1,2021-11-01 07:53:36,2021-11-01 08:05:20,1.0,2.0,1.0,N,41,239,1,10.0,2.5,0.5,2.65,0.0,0.3,15.95,2.5,0.0
2,2021-11-01 07:28:02,2021-11-01 07:57:02,1.0,4.19,1.0,N,226,263,2,19.5,0.0,0.5,0.0,0.0,0.3,22.8,2.5,0.0
2,2021-11-01 07:58:21,2021-11-01 08:01:28,1.0,0.54,1.0,N,262,263,2,4.0,0.0,0.5,0.0,0.0,0.3,7.3,2.5,0.0
2,2021-11-01 07:56:15,2021-11-01 08:14:55,1.0,2.88,1.0,N,166,263,1,14.0,0.0,0.5,2.5,0.0,0.3,19.8,2.5,0.0
2,2021-11-01 07:27:15,2021-11-01 07:33:47,1.0,0.67,1.0,N,229,237,1,5.5,0.0,0.5,1.76,0.0,0.3,10.56,2.5,0.0
2,2021-11-01 07:35:20,2021-11-01 07:44:35,1.0,1.05,1.0,N,237,236,2,7.5,0.0,0.5,0.0,0.0,0.3,10.8,2.5,0.0
2,2021-11-01 07:47:12,2021-11-01 07:55:47,1.0,1.55,1.0,N,236,237,2,8.0,0.0,0.5,0.0,0.0,0.3,11.3,2.5,0.0
2,2021-11-01 07:57:37,2021-11-01 08:10:27,1.0,1.16,1.0,N,163,140,1,9.0,0.0,0.5,3.69,0.0,0.3,15.99,2.5,0.0
2,2021-11-01 07:57:23,2021-11-01 08:37:52,1.0,9.67,1.0,N,132,177,1,34.5,0.0,0.5,7.31,0.0,0.3,43.86,0.0,1.25
1,2021-11-01 07:31:01,2021-11-01 07:44:37,1.0,2.9,1.0,N,249,161,1,12.0,2.5,0.5,4.55,0.0,0.3,19.85,2.5,0.0
1,2021-11-01 07:55:20,2021-11-01 08:02:30,1.0,1.2,1.0,N,170,237,1,7.0,2.5,0.5,2.05,0.0,0.3,12.35,2.5,0.0
2,2021-11-01 07:41:50,2021-11-01 08:55:55,1.0,14.41,1.0,N,132,33,1,55.5,0.0,0.5,11.51,0.0,0.3,69.06,0.0,1.25
1,2021-11-01 07:15:12,2021-11-01 07:29:07,1.0,2.7,1.0,N,229,75,2,11.5,2.5,0.5,0.0,0.0,0.3,14.8,2.5,0.0
1,2021-11-01 07:40:05,2021-11-01 07:51:49,1.0,2.3,1.0,N,263,161,1,10.5,2.5,0.5,2.0,0.0,0.3,15.8,2.5,0.0
1,2021-11-01 07:58:13,2021-11-01 08:03:35,1.0,1.3,1.0,N,107,233,2,6.5,2.5,0.5,0.0,0.0,0.3,9.8,2.5,0.0
2,2021-11-01 07:25:35,2021-11-01 08:49:30,1.0,20.82,2.0,N,132,239,1,52.0,0.0,0.5,18.93,6.55,0.3,82.03,2.5,1.25
1,2021-11-01 07:37:08,2021-11-01 07:47:05,1.0,1.5,1.0,N,107,170,1,8.0,2.5,0.5,2.26,0.0,0.3,13.56,2.5,0.0
1,2021-11-01 07:52:13,2021-11-01 08:03:06,0.0,1.8,1.0,N,162,234,1,9.5,2.5,0.5,3.8,0.0,0.3,16.6,2.5,0.0
1,2021-11-01 07:07:05,2021-11-01 08:32:22,1.0,20.1,2.0,N,132,24,1,52.0,1.25,0.5,1.0,6.55,0.3,61.6,0.0,1.25
2,2021-11-01 07:18:50,2021-11-01 07:34:26,1.0,1.47,1.0,N,237,262,1,7.0,0.0,0.5,1.0,0.0,0.3,11.3,2.5,0.0
2,2021-11-01 07:37:15,2021-11-01 07:55:14,1.0,2.86,1.0,N,262,143,1,13.0,0.0,0.5,2.44,0.0,0.3,18.74,2.5,0.0
1,2021-11-01 07:44:04,2021-11-01 07:53:10,1.0,1.4,1.0,N,48,170,1,8.0,2.5,0.5,2.0,0.0,0.3,13.3,2.5,0.0
2,2021-11-01 07:34:27,2021-11-01 07:38:44,1.0,0.84,1.0,N,170,161,2,5.0,0.0,0.5,0.0,0.0,0.3,8.3,2.5,0.0
2,2021-11-01 07:16:58,2021-11-01 07:59:32,2.0,18.76,2.0,N,48,132,1,52.0,0.0,0.5,3.09,6.55,0.3,64.94,2.5,0.0
2,2021-11-01 07:15:07,2021-11-01 07:21:15,1.0,1.28,1.0,N,161,237,1,6.5,0.0,0.5,1.96,0.0,0.3,11.76,2.5,0.0
1,2021-11-01 07:03:01,2021-11-01 07:18:20,1.0,3.7,1.0,N,148,181,1,15.0,2.5,0.5,2.0,0.0,0.3,20.3,2.5,0.0
1,2021-11-01 07:38:18,2021-11-01 07:46:33,1.0,1.6,1.0,N,148,113,1,8.0,2.5,0.5,1.5,0.0,0.3,12.8,2.5,0.0
1,2021-11-01 07:47:26,2021-11-01 07:53:04,1.0,1.6,1.0,N,249,100,1,6.5,2.5,0.5,1.95,0.0,0.3,11.75,2.5,0.0
1,2021-11-01 07:59:40,2021-11-01 08:22:34,1.0,3.8,1.0,N,186,263,1,16.5,2.5,0.5,3.95,0.0,0.3,23.75,2.5,0.0
1,2021-11-01 07:14:14,2021-11-01 07:20:46,1.0,1.6,1.0,N,249,186,1,7.0,2.5,0.5,2.05,0.0,0.3,12.35,2.5,0.0
1,2021-11-01 07:28:08,2021-11-01 07:32:33,1.0,0.5,1.0,N,164,164,2,5.0,2.5,0.5,0.0,0.0,0.3,8.3,2.5,0.0
1,2021-11-01 07:37:08,2021-11-01 07:44:57,1.0,1.5,1.0,N,186,163,2,7.5,2.5,0.5,0.0,0.0,0.3,10.8,2.5,0.0
1,2021-11-01 07:51:15,2021-11-01 07:51:15,2.0,0.0,5.0,Y,230,264,2,0.0,0.0,0.0,0.0,0.0,0.0,0.0,0.0,0.0
1,2021-11-01 07:56:44,2021-11-01 08:20:36,2.0,5.8,5.0,N,100,265,1,65.0,0.0,0.0,15.8,13.75,0.3,94.85,0.0,0.0
1,2021-11-01 07:09:40,2021-11-01 07:21:50,1.0,2.7,1.0,N,186,237,1,11.0,2.5,0.5,3.55,0.0,0.3,17.85,2.5,0.0
1,2021-11-01 07:26:18,2021-11-01 07:32:43,1.0,1.2,1.0,N,237,161,1,6.5,2.5,0.5,1.95,0.0,0.3,11.75,2.5,0.0
1,2021-11-01 07:45:28,2021-11-01 07:57:59,1.0,2.1,1.0,N,237,230,1,10.5,2.5,0.5,1.38,0.0,0.3,15.18,2.5,0.0
2,2021-11-01 07:26:01,2021-11-01 07:32:11,1.0,1.16,1.0,N,211,249,1,6.5,0.0,0.5,4.0,0.0,0.3,13.8,2.5,0.0
2,2021-11-01 07:47:56,2021-11-01 07:52:35,1.0,0.59,1.0,N,161,230,2,5.0,0.0,0.5,0.0,0.0,0.3,8.3,2.5,0.0
1,2021-11-01 07:40:26,2021-11-01 07:51:07,1.0,2.1,1.0,N,79,231,2,9.5,2.5,0.5,0.0,0.0,0.3,12.8,2.5,0.0
2,2021-11-01 07:54:26,2021-11-01 08:37:46,2.0,9.59,1.0,N,138,238,1,33.5,0.0,0.5,8.92,6.55,0.3,53.52,2.5,1.25
2,2021-11-01 07:16:11,2021-11-01 07:23:15,1.0,1.07,1.0,N,48,100,2,6.5,0.0,0.5,0.0,0.0,0.3,9.8,2.5,0.0
2,2021-11-01 07:24:10,2021-11-01 07:33:03,1.0,1.77,1.0,N,186,107,1,8.0,0.0,0.5,1.0,0.0,0.3,12.3,2.5,0.0
2,2021-11-01 07:38:46,2021-11-01 07:46:32,1.0,1.4,1.0,N,107,229,1,7.0,0.0,0.5,3.09,0.0,0.3,13.39,2.5,0.0
2,2021-11-01 07:48:21,2021-11-01 08:05:01,1.0,1.24,1.0,N,229,140,1,11.0,0.0,0.5,1.0,0.0,0.3,15.3,2.5,0.0
1,2021-11-01 07:07:13,2021-11-01 07:11:30,1.0,1.0,1.0,N,170,162,1,5.5,2.5,0.5,2.2,0.0,0.3,11.0,2.5,0.0
1,2021-11-01 07:16:26,2021-11-01 07:23:55,2.0,0.8,1.0,N,237,237,1,6.5,2.5,0.5,2.9,0.0,0.3,12.7,2.5,0.0
1,2021-11-01 07:35:58,2021-11-01 07:52:38,1.0,8.3,1.0,N,263,231,1,24.5,2.5,0.5,5.55,0.0,0.3,33.35,2.5,0.0
2,2021-11-01 07:20:10,2021-11-01 07:29:40,1.0,1.96,1.0,N,238,143,1,9.0,0.0,0.5,1.23,0.0,0.3,13.53,2.5,0.0
2,2021-11-01 07:49:08,2021-11-01 08:03:30,1.0,2.22,1.0,N,50,236,2,11.0,0.0,0.5,0.0,0.0,0.3,14.3,2.5,0.0
2,2021-11-01 07:06:27,2021-11-01 07:13:16,1.0,1.46,1.0,N,151,238,1,7.0,0.0,0.5,2.0,0.0,0.3,12.3,2.5,0.0
2,2021-11-01 07:22:10,2021-11-01 07:40:09,1.0,2.72,1.0,N,238,74,1,13.5,0.0,0.5,3.36,0.0,0.3,20.16,2.5,0.0
2,2021-11-01 07:40:43,2021-11-01 08:18:41,1.0,16.97,2.0,N,74,132,1,52.0,0.0,0.5,11.87,6.55,0.3,71.22,0.0,0.0
1,2021-11-01 07:58:11,2021-11-01 08:08:48,1.0,0.7,1.0,N,141,140,1,8.0,2.5,0.5,3.35,0.0,0.3,14.65,2.5,0.0
1,2021-11-01 07:13:53,2021-11-01 07:19:18,1.0,1.0,1.0,N,186,170,1,5.5,2.5,0.5,1.76,0.0,0.3,10.56,2.5,0.0
1,2021-11-01 07:24:08,2021-11-01 07:35:46,1.0,3.1,1.0,Y,186,261,1,11.5,2.5,0.5,2.95,0.0,0.3,17.75,2.5,0.0
1,2021-11-01 07:40:03,2021-11-01 07:50:21,1.0,3.3,1.0,N,231,230,1,11.5,2.5,0.5,2.0,0.0,0.3,16.8,2.5,0.0
2,2021-11-01 07:30:00,2021-11-01 07:51:15,1.0,14.31,5.0,N,226,132,1,64.7,0.0,0.0,13.0,0.0,0.3,78.0,0.0,0.0
2,2021-11-01 07:58:12,2021-11-01 08:58:04,1.0,36.63,3.0,N,132,1,1,112.5,0.0,0.0,28.41,29.25,0.3,171.71,0.0,1.25
2,2021-11-01 07:52:44,2021-11-01 09:01:49,1.0,17.62,2.0,N,132,68,1,52.0,0.0,0.5,12.62,6.55,0.3,75.72,2.5,1.25
1,2021-11-01 07:12:25,2021-11-01 07:17:50,2.0,0.8,1.0,N,236,140,1,5.5,2.5,0.5,1.0,0.0,0.3,9.8,2.5,0.0
1,2021-11-01 07:32:11,2021-11-01 07:37:22,1.0,1.8,1.0,N,236,163,1,7.0,2.5,0.5,1.03,0.0,0.3,11.33,2.5,0.0
1,2021-11-01 07:47:57,2021-11-01 07:50:56,1.0,0.9,1.0,N,237,162,1,5.0,2.5,0.5,1.65,0.0,0.3,9.95,2.5,0.0
1,2021-11-01 07:56:38,2021-11-01 08:09:33,3.0,1.6,1.0,N,237,236,1,10.5,2.5,0.5,2.75,0.0,0.3,16.55,2.5,0.0
2,2021-11-01 07:37:42,2021-11-01 07:47:09,2.0,2.55,1.0,N,114,161,1,9.5,0.0,0.5,1.54,0.0,0.3,14.34,2.5,0.0
2,2021-11-01 07:03:03,2021-11-01 07:19:58,3.0,1.02,1.0,N,100,141,1,11.0,0.0,0.5,2.86,0.0,0.3,17.16,2.5,0.0
2,2021-11-01 07:31:45,2021-11-01 07:44:05,4.0,2.36,1.0,N,237,137,1,10.5,0.0,0.5,2.76,0.0,0.3,16.56,2.5,0.0
2,2021-11-01 07:47:13,2021-11-01 07:59:24,1.0,1.65,1.0,N,170,237,1,9.5,0.0,0.5,1.45,0.0,0.3,14.25,2.5,0.0
1,2021-11-01 07:18:02,2021-11-01 07:33:16,1.0,2.4,1.0,N,48,137,2,12.0,2.5,0.5,0.0,0.0,0.3,15.3,2.5,0.0
1,2021-11-01 07:34:02,2021-11-01 07:47:42,1.0,5.1,1.0,N,137,13,1,17.0,2.5,0.5,4.05,0.0,0.3,24.35,2.5,0.0
1,2021-11-01 07:57:48,2021-11-01 08:06:30,0.0,1.7,1.0,N,231,113,1,8.0,2.5,0.5,3.35,0.0,0.3,14.65,2.5,0.0
2,2021-11-01 07:05:41,2021-11-01 08:22:13,1.0,20.6,1.0,N,132,247,1,64.0,0.0,0.5,14.52,6.55,0.3,87.12,0.0,1.25
1,2021-11-01 07:16:44,2021-11-01 07:32:04,1.0,3.2,1.0,N,151,230,2,13.5,2.5,0.5,0.0,0.0,0.3,16.8,2.5,0.0
1,2021-11-01 07:34:41,2021-11-01 08:15:56,1.0,7.8,1.0,N,163,163,1,30.0,2.5,0.5,6.65,0.0,0.3,39.95,2.5,0.0
2,2021-11-01 07:32:14,2021-11-01 07:40:12,1.0,0.86,1.0,N,140,237,1,7.0,0.0,0.5,2.58,0.0,0.3,12.88,2.5,0.0
2,2021-11-01 07:50:52,2021-11-01 07:56:35,1.0,1.52,1.0,N,236,162,1,7.0,0.0,0.5,2.58,0.0,0.3,12.88,2.5,0.0
2,2021-11-01 07:57:19,2021-11-01 07:59:03,1.0,0.33,1.0,N,162,229,2,-3.0,0.0,-0.5,0.0,0.0,-0.3,-6.3,-2.5,0.0
2,2021-11-01 07:57:19,2021-11-01 07:59:03,1.0,0.33,1.0,N,162,229,2,3.0,0.0,0.5,0.0,0.0,0.3,6.3,2.5,0.0
1,2021-11-01 07:21:48,2021-11-01 08:19:53,1.0,14.7,1.0,N,132,89,1,50.0,1.25,0.5,10.4,0.0,0.3,62.45,0.0,1.25
2,2021-11-01 07:14:10,2021-11-01 07:26:30,1.0,3.56,1.0,N,262,163,1,12.5,0.0,0.5,3.16,0.0,0.3,18.96,2.5,0.0
2,2021-11-01 07:29:10,2021-11-01 07:38:31,1.0,1.57,1.0,N,163,141,1,8.0,0.0,0.5,2.0,0.0,0.3,13.3,2.5,0.0
2,2021-11-01 07:41:36,2021-11-01 07:53:15,2.0,2.16,1.0,N,141,264,1,10.0,0.0,0.5,1.0,0.0,0.3,14.3,2.5,0.0
1,2021-11-01 07:23:43,2021-11-01 08:29:36,1.0,12.9,1.0,N,132,89,1,50.5,1.25,0.5,15.75,0.0,0.3,68.3,0.0,1.25
2,2021-11-01 07:48:16,2021-11-01 08:02:12,2.0,3.45,1.0,N,237,42,1,12.5,0.0,0.5,3.16,0.0,0.3,18.96,2.5,0.0
2,2021-11-01 07:52:51,2021-11-01 09:15:34,1.0,18.32,2.0,N,132,68,1,52.0,0.0,0.5,15.46,6.55,0.3,77.31,2.5,0.0
1,2021-11-01 07:05:01,2021-11-01 07:12:07,1.0,1.8,1.0,N,137,140,2,7.5,2.5,0.5,0.0,0.0,0.3,10.8,2.5,0.0
1,2021-11-01 07:18:03,2021-11-01 07:23:17,2.0,0.5,1.0,N,263,140,1,5.5,2.5,0.5,1.0,0.0,0.3,9.8,2.5,0.0
1,2021-11-01 07:38:39,2021-11-01 07:45:37,1.0,1.4,1.0,N,262,237,1,6.5,2.5,0.5,1.95,0.0,0.3,11.75,2.5,0.0
1,2021-11-01 07:51:15,2021-11-01 07:59:40,1.0,1.4,1.0,N,162,236,1,7.5,2.5,0.5,2.15,0.0,0.3,12.95,2.5,0.0
1,2021-11-01 07:07:00,2021-11-01 07:12:56,1.0,1.6,1.0,N,24,239,1,7.0,2.5,0.5,1.0,0.0,0.3,11.3,2.5,0.0
1,2021-11-01 07:55:43,2021-11-01 08:11:03,1.0,2.4,1.0,N,238,237,1,11.5,2.5,0.5,1.0,0.0,0.3,15.8,2.5,0.0
1,2021-11-01 07:16:51,2021-11-01 07:22:14,1.0,1.6,1.0,N,137,163,1,6.5,2.5,0.5,1.0,0.0,0.3,10.8,2.5,0.0
1,2021-11-01 07:27:34,2021-11-01 07:29:40,1.0,0.4,1.0,N,142,143,1,4.0,2.5,0.5,1.0,0.0,0.3,8.3,2.5,0.0
1,2021-11-01 07:30:56,2021-11-01 07:40:56,1.0,2.0,1.0,N,143,100,1,9.5,2.5,0.5,3.8,0.0,0.3,16.6,2.5,0.0
1,2021-11-01 07:47:02,2021-11-01 07:54:35,1.0,1.4,1.0,N,234,144,2,7.5,2.5,0.5,0.0,0.0,0.3,10.8,2.5,0.0
1,2021-11-01 07:58:31,2021-11-01 08:13:21,1.0,2.8,1.0,N,125,233,1,12.5,2.5,0.5,1.5,0.0,0.3,17.3,2.5,0.0
2,2021-11-01 07:56:11,2021-11-01 08:09:09,4.0,1.54,1.0,N,56,70,2,9.5,0.0,0.5,0.0,0.0,0.3,10.3,0.0,0.0
1,2021-11-01 07:51:46,2021-11-01 08:22:44,1.0,12.4,1.0,N,249,138,1,37.5,2.5,0.5,12.2,0.0,0.3,53.0,2.5,0.0
2,2021-11-01 07:40:15,2021-11-01 07:49:02,1.0,1.13,1.0,N,237,262,1,7.5,0.0,0.5,3.24,0.0,0.3,14.04,2.5,0.0
2,2021-11-01 07:51:05,2021-11-01 08:02:49,1.0,3.45,1.0,N,262,170,1,13.0,0.0,0.5,3.26,0.0,0.3,19.56,2.5,0.0
2,2021-11-01 07:55:41,2021-11-01 08:38:13,1.0,10.25,1.0,N,138,66,1,33.5,0.0,0.5,5.33,0.0,0.3,40.88,0.0,1.25
1,2021-11-01 07:59:21,2021-11-01 08:09:02,1.0,1.6,1.0,N,48,237,1,8.5,2.5,0.5,1.2,0.0,0.3,13.0,2.5,0.0
1,2021-11-01 07:59:02,2021-11-01 08:18:29,1.0,7.0,1.0,N,132,63,1,22.5,1.25,0.5,5.0,0.0,0.3,29.55,0.0,1.25
2,2021-11-01 07:07:21,2021-11-01 07:15:30,6.0,1.79,1.0,N,262,43,1,8.0,0.0,0.5,3.39,0.0,0.3,14.69,2.5,0.0
2,2021-11-01 07:20:04,2021-11-01 07:29:46,6.0,2.07,1.0,N,239,237,1,9.5,0.0,0.5,2.56,0.0,0.3,15.36,2.5,0.0
2,2021-11-01 07:36:29,2021-11-01 07:41:30,6.0,0.9,1.0,N,140,262,1,6.0,0.0,0.5,1.86,0.0,0.3,11.16,2.5,0.0
2,2021-11-01 07:44:00,2021-11-01 07:58:19,6.0,4.22,1.0,N,262,234,1,14.0,0.0,0.5,3.46,0.0,0.3,20.76,2.5,0.0
2,2021-11-01 07:05:05,2021-11-01 07:12:13,1.0,0.96,1.0,N,100,162,1,6.5,0.0,0.5,1.96,0.0,0.3,11.76,2.5,0.0
2,2021-11-01 07:22:09,2021-11-01 07:44:30,1.0,5.39,1.0,N,230,88,1,20.0,0.0,0.5,4.66,0.0,0.3,27.96,2.5,0.0
2,2021-11-01 07:53:25,2021-11-01 08:01:44,1.0,1.59,1.0,N,231,114,1,8.0,0.0,0.5,0.56,0.0,0.3,11.86,2.5,0.0
1,2021-11-01 07:02:42,2021-11-01 07:09:57,1.0,1.6,1.0,N,107,161,1,7.5,2.5,0.5,1.08,0.0,0.3,11.88,2.5,0.0
1,2021-11-01 07:17:50,2021-11-01 07:30:05,1.0,2.5,1.0,Y,234,161,1,11.0,2.5,0.5,2.15,0.0,0.3,16.45,2.5,0.0
1,2021-11-01 07:35:52,2021-11-01 07:41:32,1.0,1.3,1.0,N,164,161,1,6.5,2.5,0.5,0.2,0.0,0.3,10.0,2.5,0.0
1,2021-11-01 07:52:11,2021-11-01 08:06:47,1.0,2.3,1.0,N,236,170,1,12.0,2.5,0.5,4.55,0.0,0.3,19.85,2.5,0.0
1,2021-11-01 07:35:02,2021-11-01 08:52:34,2.0,17.6,2.0,N,132,141,1,52.0,3.75,0.5,0.0,0.0,0.3,56.55,2.5,1.25
2,2021-11-01 07:23:41,2021-11-01 07:36:35,3.0,2.72,1.0,N,100,249,1,10.5,0.0,0.5,2.76,0.0,0.3,16.56,2.5,0.0
2,2021-11-01 07:41:23,2021-11-01 07:45:50,2.0,0.7,1.0,N,249,114,1,5.0,0.0,0.5,1.66,0.0,0.3,9.96,2.5,0.0
2,2021-11-01 07:57:56,2021-11-01 08:08:18,2.0,2.03,1.0,N,113,230,1,9.0,0.0,0.5,1.5,0.0,0.3,13.8,2.5,0.0
1,2021-11-01 07:58:14,2021-11-01 08:16:31,1.0,3.2,1.0,N,79,237,1,14.0,2.5,0.5,1.7,0.0,0.3,19.0,2.5,0.0
1,2021-11-01 07:13:36,2021-11-01 07:38:33,1.0,5.0,1.0,N,100,42,2,21.0,2.5,0.5,0.0,0.0,0.3,24.3,2.5,0.0
1,2021-11-01 07:46:19,2021-11-01 07:53:59,2.0,0.9,1.0,N,41,75,2,6.5,0.0,0.5,0.0,0.0,0.3,7.3,0.0,0.0
1,2021-11-01 07:56:32,2021-11-01 08:02:55,1.0,1.7,1.0,N,75,237,2,7.0,2.5,0.5,0.0,0.0,0.3,10.3,2.5,0.0
1,2021-11-01 07:58:31,2021-11-01 08:21:41,2.0,10.6,1.0,N,144,138,2,32.5,2.5,0.5,0.0,0.0,0.3,35.8,2.5,0.0
1,2021-11-01 07:05:12,2021-11-01 08:20:18,1.0,17.6,2.0,N,132,68,1,52.0,3.75,0.0,12.5,6.55,0.3,75.1,2.5,1.25
2,2021-11-01 07:08:02,2021-11-01 07:12:37,2.0,1.24,1.0,N,237,236,1,6.0,0.0,0.5,2.33,0.0,0.3,11.63,2.5,0.0
2,2021-11-01 07:16:32,2021-11-01 07:32:25,1.0,2.56,1.0,N,75,161,1,12.5,0.0,0.5,3.95,0.0,0.3,19.75,2.5,0.0
2,2021-11-01 07:53:24,2021-11-01 08:09:45,1.0,2.11,1.0,N,48,237,2,11.5,0.0,0.5,0.0,0.0,0.3,14.8,2.5,0.0
2,2021-11-01 07:46:23,2021-11-01 08:04:00,1.0,2.64,1.0,N,229,75,1,12.5,0.0,0.5,3.16,0.0,0.3,18.96,2.5,0.0
1,2021-11-01 07:18:46,2021-11-01 07:27:20,2.0,1.8,1.0,N,237,236,1,8.5,2.5,0.5,2.95,0.0,0.3,14.75,2.5,0.0
1,2021-11-01 07:34:48,2021-11-01 07:55:57,3.0,2.0,1.0,N,236,236,1,14.0,2.5,0.5,2.0,0.0,0.3,19.3,2.5,0.0
1,2021-11-01 07:58:17,2021-11-01 08:03:03,1.0,0.5,1.0,N,236,75,1,5.0,2.5,0.5,1.65,0.0,0.3,9.95,2.5,0.0
2,2021-11-01 07:12:43,2021-11-01 07:20:17,1.0,1.47,1.0,N,148,107,1,7.5,0.0,0.5,2.16,0.0,0.3,12.96,2.5,0.0
2,2021-11-01 07:40:39,2021-11-01 08:00:34,1.0,3.71,1.0,N,79,237,1,16.0,0.0,0.5,3.86,0.0,0.3,23.16,2.5,0.0
2,2021-11-01 07:50:09,2021-11-01 08:01:49,1.0,2.25,1.0,N,143,186,1,10.5,0.0,0.5,2.0,0.0,0.3,15.8,2.5,0.0
1,2021-11-01 07:23:09,2021-11-01 07:25:48,1.0,0.7,1.0,N,166,151,1,4.5,0.0,0.5,1.05,0.0,0.3,6.35,0.0,0.0
1,2021-11-01 07:30:18,2021-11-01 07:42:26,1.0,2.7,1.0,N,238,237,1,11.0,2.5,0.5,2.85,0.0,0.3,17.15,2.5,0.0
2,2021-11-01 07:15:36,2021-11-01 08:30:36,1.0,20.41,2.0,N,132,244,1,52.0,0.0,0.5,12.12,6.55,0.3,72.72,0.0,1.25
2,2021-11-01 07:44:29,2021-11-01 07:55:02,1.0,3.89,1.0,N,132,218,2,13.5,0.0,0.5,0.0,0.0,0.3,15.55,0.0,1.25
1,2021-11-01 07:12:54,2021-11-01 07:26:39,1.0,3.5,1.0,N,166,143,2,13.0,2.5,0.5,0.0,0.0,0.3,16.3,2.5,0.0
1,2021-11-01 07:36:37,2021-11-01 07:48:33,1.0,2.1,1.0,N,143,161,1,10.0,2.5,0.5,2.39,0.0,0.3,15.69,2.5,0.0
1,2021-11-01 07:52:24,2021-11-01 08:10:18,2.0,2.4,1.0,N,162,262,2,13.0,2.5,0.5,0.0,0.0,0.3,16.3,2.5,0.0
1,2021-11-01 07:03:30,2021-11-01 07:18:24,1.0,3.6,1.0,N,263,161,1,13.5,2.5,0.5,1.0,0.0,0.3,17.8,2.5,0.0
2,2021-11-01 07:10:42,2021-11-01 07:15:37,1.0,0.88,1.0,N,100,230,1,5.5,0.0,0.5,1.76,0.0,0.3,10.56,2.5,0.0
2,2021-11-01 07:22:34,2021-11-01 07:30:49,1.0,1.62,1.0,N,48,162,1,8.0,0.0,0.5,2.26,0.0,0.3,13.56,2.5,0.0
2,2021-11-01 07:39:49,2021-11-01 07:54:29,1.0,3.09,1.0,N,237,234,1,13.0,0.0,0.5,2.44,0.0,0.3,18.74,2.5,0.0
1,2021-11-01 07:12:29,2021-11-01 07:15:41,1.0,0.7,1.0,N,68,246,1,4.5,2.5,0.5,1.55,0.0,0.3,9.35,2.5,0.0
1,2021-11-01 07:28:15,2021-11-01 07:45:08,1.0,3.6,1.0,N,90,237,1,14.5,2.5,0.5,2.5,0.0,0.3,20.3,2.5,0.0
1,2021-11-01 07:46:45,2021-11-01 07:54:48,1.0,1.5,1.0,N,237,161,1,7.5,2.5,0.5,2.7,0.0,0.3,13.5,2.5,0.0
2,2021-11-01 07:03:36,2021-11-01 07:24:41,1.0,6.58,1.0,N,13,161,1,22.0,0.0,0.5,2.0,0.0,0.3,27.3,2.5,0.0
2,2021-11-01 07:34:58,2021-11-01 07:42:33,1.0,1.48,1.0,N,142,239,1,7.5,0.0,0.5,2.16,0.0,0.3,12.96,2.5,0.0
2,2021-11-01 07:51:30,2021-11-01 08:08:23,1.0,3.69,1.0,N,238,246,1,15.0,0.0,0.5,3.66,0.0,0.3,21.96,2.5,0.0
1,2021-11-01 07:01:24,2021-11-01 08:27:45,1.0,31.2,1.0,N,132,220,1,90.5,1.25,0.5,10.0,6.55,0.3,109.1,0.0,1.25
2,2021-11-01 07:50:49,2021-11-01 08:33:56,1.0,10.6,1.0,N,138,162,1,35.0,0.0,0.5,9.22,6.55,0.3,55.32,2.5,1.25
1,2021-11-01 07:35:34,2021-11-01 08:48:45,2.0,18.0,2.0,N,132,164,2,52.0,3.75,0.5,0.0,6.55,0.3,63.1,2.5,1.25
1,2021-11-01 07:47:16,2021-11-01 09:07:38,1.0,16.9,2.0,N,132,161,1,52.0,3.75,0.5,4.0,0.0,0.3,60.55,2.5,1.25
2,2021-11-01 07:27:37,2021-11-01 07:48:31,1.0,6.08,1.0,N,138,160,1,20.0,0.0,0.5,4.41,0.0,0.3,26.46,0.0,1.25
2,2021-11-01 07:09:44,2021-11-01 07:13:52,1.0,0.74,1.0,N,186,230,1,5.0,0.0,0.5,1.66,0.0,0.3,9.96,2.5,0.0
2,2021-11-01 07:19:56,2021-11-01 07:30:52,1.0,2.22,1.0,N,186,237,1,10.0,0.0,0.5,2.66,0.0,0.3,15.96,2.5,0.0
2,2021-11-01 07:32:16,2021-11-01 07:40:56,1.0,1.68,1.0,N,237,170,1,8.0,0.0,0.5,1.0,0.0,0.3,12.3,2.5,0.0
2,2021-11-01 07:42:23,2021-11-01 07:47:34,1.0,0.73,1.0,N,170,164,1,5.5,0.0,0.5,1.76,0.0,0.3,10.56,2.5,0.0
2,2021-11-01 07:51:48,2021-11-01 07:57:10,2.0,1.32,1.0,N,100,90,1,6.0,0.0,0.5,2.79,0.0,0.3,12.09,2.5,0.0
2,2021-11-01 07:25:26,2021-11-01 07:35:46,1.0,1.7,1.0,N,148,158,1,9.0,0.0,0.5,0.0,0.0,0.3,12.3,2.5,0.0
2,2021-11-01 07:39:10,2021-11-01 07:50:15,1.0,2.23,1.0,N,68,161,1,9.5,0.0,0.5,3.2,0.0,0.3,16.0,2.5,0.0
2,2021-11-01 07:58:04,2021-11-01 08:09:48,1.0,1.46,1.0,N,162,140,1,9.5,0.0,0.5,1.92,0.0,0.3,14.72,2.5,0.0
1,2021-11-01 07:00:34,2021-11-01 07:12:44,1.0,3.1,1.0,N,262,164,1,12.0,2.5,0.5,1.5,0.0,0.3,16.8,2.5,0.0
1,2021-11-01 07:16:35,2021-11-01 07:26:48,1.0,1.1,1.0,N,186,161,1,8.0,2.5,0.5,2.25,0.0,0.3,13.55,2.5,0.0
1,2021-11-01 07:35:55,2021-11-01 07:45:13,1.0,1.9,1.0,N,186,162,2,8.5,2.5,0.5,0.0,0.0,0.3,11.8,2.5,0.0
1,2021-11-01 07:48:47,2021-11-01 07:52:42,1.0,0.9,1.0,N,237,161,2,5.0,2.5,0.5,0.0,0.0,0.3,8.3,2.5,0.0
1,2021-11-01 07:05:42,2021-11-01 07:13:49,1.0,2.5,1.0,N,107,141,1,9.5,2.5,0.5,2.55,0.0,0.3,15.35,2.5,0.0
1,2021-11-01 07:19:20,2021-11-01 07:25:59,1.0,1.2,1.0,Y,162,50,1,6.5,2.5,0.5,2.2,0.0,0.3,12.0,2.5,0.0
1,2021-11-01 07:28:52,2021-11-01 07:47:42,1.0,3.7,1.0,N,50,75,1,16.5,2.5,0.5,3.95,0.0,0.3,23.75,2.5,0.0
2,2021-11-01 07:15:13,2021-11-01 07:58:11,1.0,7.97,1.0,N,132,124,1,31.5,0.0,0.5,6.71,0.0,0.3,40.26,0.0,1.25
2,2021-11-01 07:08:53,2021-11-01 07:17:06,1.0,2.09,1.0,N,90,163,1,8.5,0.0,0.5,2.36,0.0,0.3,14.16,2.5,0.0
2,2021-11-01 07:28:49,2021-11-01 07:35:57,1.0,1.84,1.0,N,236,162,1,8.0,0.0,0.5,2.25,0.0,0.3,13.55,2.5,0.0
2,2021-11-01 07:37:33,2021-11-01 07:52:36,1.0,2.96,1.0,N,162,144,1,12.5,0.0,0.5,2.0,0.0,0.3,17.8,2.5,0.0
2,2021-11-01 07:57:37,2021-11-01 08:10:39,1.0,2.81,1.0,N,114,237,1,12.0,0.0,0.5,3.06,0.0,0.3,18.36,2.5,0.0
2,2021-11-01 07:17:38,2021-11-01 07:25:31,1.0,1.78,1.0,N,48,237,1,8.0,0.0,0.5,2.26,0.0,0.3,13.56,2.5,0.0
2,2021-11-01 07:27:16,2021-11-01 07:34:01,1.0,1.27,1.0,N,237,236,1,6.5,0.0,0.5,1.0,0.0,0.3,10.8,2.5,0.0
2,2021-11-01 07:37:41,2021-11-01 07:47:47,1.0,2.89,1.0,N,262,162,1,11.0,0.0,0.5,2.0,0.0,0.3,16.3,2.5,0.0
2,2021-11-01 07:52:19,2021-11-01 08:05:52,1.0,2.01,1.0,N,107,246,1,10.5,0.0,0.5,2.0,0.0,0.3,15.8,2.5,0.0
2,2021-11-01 07:07:38,2021-11-01 07:29:03,1.0,6.87,1.0,N,13,163,1,22.5,0.0,0.5,3.87,0.0,0.3,29.67,2.5,0.0
2,2021-11-01 07:34:52,2021-11-01 08:11:58,1.0,21.52,2.0,N,161,132,2,52.0,0.0,0.5,0.0,6.55,0.3,61.85,2.5,0.0
1,2021-11-01 07:40:36,2021-11-01 07:52:36,1.0,2.0,1.0,N,264,264,1,10.0,0.0,0.5,20.0,0.0,0.3,30.8,0.0,0.0
1,2021-11-01 07:54:25,2021-11-01 08:08:39,1.0,2.0,1.0,N,264,264,1,11.0,0.0,0.5,3.5,0.0,0.3,15.3,0.0,0.0
2,2021-11-01 07:26:07,2021-11-01 07:43:40,1.0,2.73,1.0,N,239,140,1,13.0,0.0,0.5,2.44,0.0,0.3,18.74,2.5,0.0
2,2021-11-01 07:46:19,2021-11-01 07:54:14,1.0,1.31,1.0,N,140,263,2,7.0,0.0,0.5,0.0,0.0,0.3,10.3,2.5,0.0
2,2021-11-01 07:55:05,2021-11-01 08:01:43,1.0,0.7,1.0,N,263,236,1,6.0,0.0,0.5,1.86,0.0,0.3,11.16,2.5,0.0
1,2021-11-01 07:34:05,2021-11-01 07:46:08,1.0,2.4,1.0,N,262,142,2,10.5,2.5,0.5,0.0,0.0,0.3,13.8,2.5,0.0
1,2021-11-01 07:47:29,2021-11-01 08:05:23,2.0,2.6,1.0,N,142,162,1,13.5,2.5,0.5,2.0,0.0,0.3,18.8,2.5,0.0
1,2021-11-01 07:57:15,2021-11-01 08:07:36,3.0,3.8,1.0,N,132,216,2,13.0,1.25,0.5,0.0,0.0,0.3,15.05,0.0,1.25
2,2021-11-01 07:44:20,2021-11-01 08:05:39,1.0,2.6,1.0,N,68,233,1,14.5,0.0,0.5,2.0,0.0,0.3,19.8,2.5,0.0
2,2021-11-01 06:58:59,2021-11-01 07:03:34,1.0,1.08,1.0,N,170,107,1,5.5,0.0,0.5,0.0,0.0,0.3,8.8,2.5,0.0
2,2021-11-01 07:05:05,2021-11-01 07:21:52,1.0,3.18,1.0,N,107,142,2,13.5,0.0,0.5,0.0,0.0,0.3,16.8,2.5,0.0
2,2021-11-01 07:33:40,2021-11-01 07:52:50,1.0,4.73,1.0,N,142,4,1,17.5,0.0,0.5,4.16,0.0,0.3,24.96,2.5,0.0
2,2021-11-01 07:43:35,2021-11-01 07:57:37,1.0,1.8,1.0,N,48,234,1,10.5,0.0,0.5,2.76,0.0,0.3,16.56,2.5,0.0
2,2021-11-01 07:59:51,2021-11-01 08:01:51,1.0,0.75,1.0,N,164,161,1,4.0,0.0,0.5,1.46,0.0,0.3,8.76,2.5,0.0
2,2021-11-01 07:34:51,2021-11-01 07:55:23,1.0,6.68,1.0,N,262,244,1,23.0,0.0,0.5,0.0,0.0,0.3,26.3,2.5,0.0
2,2021-11-01 07:57:23,2021-11-01 08:02:11,1.0,1.35,1.0,N,244,243,1,6.0,0.0,0.5,1.36,0.0,0.3,8.16,0.0,0.0
2,2021-11-01 07:50:41,2021-11-01 07:59:41,2.0,1.54,1.0,N,68,143,1,8.0,0.0,0.5,1.0,0.0,0.3,12.3,2.5,0.0
2,2021-11-01 07:03:22,2021-11-01 07:09:39,3.0,1.09,1.0,N,236,141,2,6.0,0.0,0.5,0.0,0.0,0.3,9.3,2.5,0.0
2,2021-11-01 07:12:24,2021-11-01 07:28:29,1.0,2.41,1.0,N,140,143,2,12.5,0.0,0.5,0.0,0.0,0.3,15.8,2.5,0.0
2,2021-11-01 07:34:19,2021-11-01 07:48:23,1.0,2.92,1.0,N,143,68,1,12.0,0.0,0.5,3.83,0.0,0.3,19.13,2.5,0.0
2,2021-11-01 07:50:05,2021-11-01 07:56:30,1.0,0.84,1.0,N,186,230,1,6.0,0.0,0.5,2.33,0.0,0.3,11.63,2.5,0.0
2,2021-11-01 07:13:03,2021-11-01 08:27:28,1.0,17.97,2.0,N,132,164,1,52.0,0.0,0.5,5.0,6.55,0.3,68.1,2.5,1.25
2,2021-11-01 07:15:51,2021-11-01 07:19:55,1.0,0.78,1.0,N,186,234,1,5.0,0.0,0.5,1.66,0.0,0.3,9.96,2.5,0.0
2,2021-11-01 07:24:29,2021-11-01 07:47:06,1.0,2.8,1.0,N,186,140,1,15.0,0.0,0.5,3.66,0.0,0.3,21.96,2.5,0.0
2,2021-11-01 07:52:22,2021-11-01 08:07:04,1.0,2.1,1.0,N,229,234,1,11.0,0.0,0.5,2.86,0.0,0.3,17.16,2.5,0.0
2,2021-11-01 07:18:17,2021-11-01 08:46:42,6.0,20.5,2.0,N,132,151,2,52.0,0.0,0.5,0.0,6.55,0.3,60.6,0.0,1.25
1,2021-11-01 07:35:10,2021-11-01 07:52:47,1.0,4.2,1.0,N,226,233,2,15.5,2.5,0.5,0.0,0.0,0.3,18.8,2.5,0.0
1,2021-11-01 07:54:15,2021-11-01 08:00:16,1.0,1.1,1.0,N,233,161,1,6.0,2.5,0.5,1.85,0.0,0.3,11.15,2.5,0.0
2,2021-11-01 07:25:12,2021-11-01 07:41:35,1.0,6.01,1.0,N,132,191,2,19.0,0.0,0.5,0.0,0.0,0.3,19.8,0.0,0.0
1,2021-11-01 07:48:42,2021-11-01 09:07:02,1.0,17.6,2.0,N,132,144,1,52.0,3.75,0.5,10.0,6.55,0.3,73.1,2.5,1.25
1,2021-11-01 07:58:20,2021-11-01 08:55:38,2.0,14.9,1.0,N,132,193,1,47.5,1.25,0.5,9.9,0.0,0.3,59.45,0.0,1.25
1,2021-11-01 07:57:20,2021-11-01 08:35:12,2.0,10.4,1.0,N,158,116,1,36.0,2.5,0.5,5.0,0.0,0.3,44.3,2.5,0.0
1,2021-11-01 07:16:55,2021-11-01 07:20:52,1.0,0.5,1.0,N,107,107,2,4.5,2.5,0.5,0.0,0.0,0.3,7.8,2.5,0.0
1,2021-11-01 07:26:24,2021-11-01 07:31:47,1.0,1.0,1.0,N,164,107,1,5.5,2.5,0.5,1.75,0.0,0.3,10.55,2.5,0.0
1,2021-11-01 07:53:20,2021-11-01 08:06:31,1.0,2.0,1.0,N,100,239,1,10.5,2.5,0.5,2.75,0.0,0.3,16.55,2.5,0.0
2,2021-11-01 07:00:35,2021-11-01 07:06:32,1.0,1.2,1.0,N,262,75,1,6.0,0.0,0.5,1.86,0.0,0.3,11.16,2.5,0.0
2,2021-11-01 07:10:59,2021-11-01 07:24:22,1.0,2.84,1.0,N,43,162,1,12.0,0.0,0.5,3.83,0.0,0.3,19.13,2.5,0.0
2,2021-11-01 07:37:27,2021-11-01 07:52:08,1.0,1.7,1.0,N,263,238,2,11.0,0.0,0.5,0.0,0.0,0.3,14.3,2.5,0.0
2,2021-11-01 07:54:17,2021-11-01 07:59:07,1.0,1.0,1.0,N,238,143,1,5.5,0.0,0.5,1.76,0.0,0.3,10.56,2.5,0.0
1,2021-11-01 07:47:51,2021-11-01 07:55:56,0.0,1.2,1.0,N,68,161,1,7.0,2.5,0.5,2.06,0.0,0.3,12.36,2.5,0.0
2,2021-11-01 07:28:51,2021-11-01 07:42:22,1.0,3.17,1.0,N,151,48,1,12.0,0.0,0.5,3.06,0.0,0.3,18.36,2.5,0.0
2,2021-11-01 07:43:49,2021-11-01 08:01:08,1.0,4.23,1.0,N,48,13,1,16.0,0.0,0.5,4.83,0.0,0.3,24.13,2.5,0.0
2,2021-11-01 07:15:03,2021-11-01 07:22:33,1.0,1.31,1.0,N,107,68,1,7.0,0.0,0.5,3.09,0.0,0.3,13.39,2.5,0.0
2,2021-11-01 07:30:13,2021-11-01 07:42:36,1.0,1.7,1.0,N,68,113,1,10.0,0.0,0.5,1.5,0.0,0.3,14.8,2.5,0.0
2,2021-11-01 07:47:07,2021-11-01 07:51:41,1.0,1.13,1.0,N,249,68,1,5.5,0.0,0.5,2.64,0.0,0.3,11.44,2.5,0.0
2,2021-11-01 07:54:54,2021-11-01 08:05:06,1.0,1.27,1.0,N,186,161,1,8.0,0.0,0.5,2.26,0.0,0.3,13.56,2.5,0.0
1,2021-11-01 07:04:31,2021-11-01 07:08:57,1.0,0.9,1.0,N,186,249,2,5.0,2.5,0.5,0.0,0.0,0.3,8.3,2.5,0.0
1,2021-11-01 07:13:54,2021-11-01 07:22:55,1.0,1.4,1.0,N,186,161,1,8.0,2.5,0.5,2.26,0.0,0.3,13.56,2.5,0.0
1,2021-11-01 07:36:33,2021-11-01 07:42:09,1.0,1.5,1.0,Y,263,161,1,6.5,2.5,0.5,1.2,0.0,0.3,11.0,2.5,0.0
1,2021-11-01 07:55:14,2021-11-01 08:04:45,1.0,1.5,1.0,N,229,107,1,8.5,2.5,0.5,2.35,0.0,0.3,14.15,2.5,0.0
2,2021-11-01 07:29:03,2021-11-01 07:32:50,1.0,0.76,1.0,N,186,234,1,4.5,0.0,0.5,1.5,0.0,0.3,9.3,2.5,0.0
2,2021-11-01 07:36:42,2021-11-01 07:45:37,1.0,1.7,1.0,N,234,246,1,8.5,0.0,0.5,1.18,0.0,0.3,12.98,2.5,0.0
2,2021-11-01 07:03:55,2021-11-01 07:11:20,1.0,1.55,1.0,N,236,151,1,7.5,0.0,0.5,2.16,0.0,0.3,12.96,2.5,0.0
2,2021-11-01 07:16:59,2021-11-01 07:25:11,1.0,1.89,1.0,N,238,236,1,8.5,0.0,0.5,2.36,0.0,0.3,14.16,2.5,0.0
2,2021-11-01 07:26:30,2021-11-01 07:41:47,1.0,4.3,1.0,N,237,137,1,15.5,0.0,0.5,5.64,0.0,0.3,24.44,2.5,0.0
2,2021-11-01 07:50:05,2021-11-01 07:56:20,1.0,0.92,1.0,N,233,137,2,6.5,0.0,0.5,0.0,0.0,0.3,9.8,2.5,0.0
2,2021-11-01 06:47:46,2021-11-01 07:18:26,1.0,10.09,1.0,N,161,138,1,32.0,0.0,0.5,10.46,6.55,0.3,52.31,2.5,0.0
2,2021-11-01 07:29:13,2021-11-01 07:38:51,1.0,2.29,1.0,N,263,161,1,9.5,0.0,0.5,2.0,0.0,0.3,14.8,2.5,0.0
2,2021-11-01 07:39:48,2021-11-01 07:44:05,1.0,0.61,1.0,N,161,161,2,4.5,0.0,0.5,0.0,0.0,0.3,7.8,2.5,0.0
1,2021-11-01 07:51:40,2021-11-01 08:21:10,1.0,6.4,1.0,N,140,217,2,26.0,2.5,0.5,0.0,0.0,0.3,29.3,2.5,0.0
2,2021-11-01 07:46:10,2021-11-01 08:28:54,1.0,15.43,1.0,N,138,88,1,43.5,0.0,0.5,10.92,6.55,0.3,65.52,2.5,1.25
2,2021-11-01 07:16:12,2021-11-01 07:40:28,1.0,8.98,1.0,N,138,130,1,27.0,0.0,0.5,5.81,0.0,0.3,34.86,0.0,1.25
1,2021-11-01 07:11:28,2021-11-01 07:19:35,1.0,1.3,1.0,N,237,141,1,7.5,2.5,0.5,1.08,0.0,0.3,11.88,2.5,0.0
1,2021-11-01 07:23:53,2021-11-01 07:27:30,1.0,0.6,1.0,N,263,236,1,4.5,2.5,0.5,1.55,0.0,0.3,9.35,2.5,0.0
1,2021-11-01 07:41:14,2021-11-01 07:50:11,1.0,1.3,1.0,N,236,140,1,7.5,2.5,0.5,2.15,0.0,0.3,12.95,2.5,0.0
1,2021-11-01 07:52:21,2021-11-01 08:06:51,1.0,1.8,1.0,N,140,43,1,11.0,2.5,0.5,2.85,0.0,0.3,17.15,2.5,0.0
2,2021-11-01 07:03:20,2021-11-01 07:13:31,1.0,1.69,1.0,N,186,162,1,8.5,0.0,0.5,2.36,0.0,0.3,14.16,2.5,0.0
2,2021-11-01 07:29:50,2021-11-01 07:44:12,1.0,4.22,1.0,N,236,246,1,14.5,0.0,0.5,3.56,0.0,0.3,21.36,2.5,0.0
2,2021-11-01 07:23:51,2021-11-01 07:26:04,1.0,0.56,2.0,N,48,163,2,52.0,0.0,0.5,0.0,0.0,0.3,55.3,2.5,0.0
2,2021-11-01 07:47:09,2021-11-01 08:13:51,1.0,4.64,1.0,N,238,230,1,20.5,0.0,0.5,2.2,0.0,0.3,26.0,2.5,0.0
1,2021-11-01 07:19:51,2021-11-01 08:12:50,0.0,13.5,1.0,N,132,252,2,44.5,1.25,0.5,0.0,0.0,0.3,46.55,0.0,1.25
1,2021-11-01 07:00:28,2021-11-01 07:07:59,1.0,2.0,1.0,N,107,161,1,8.5,2.5,0.5,1.0,0.0,0.3,12.8,2.5,0.0
1,2021-11-01 07:23:21,2021-11-01 07:31:58,1.0,1.2,1.0,N,143,43,1,7.5,2.5,0.5,2.15,0.0,0.3,12.95,2.5,0.0
1,2021-11-01 07:43:23,2021-11-01 07:51:20,1.0,2.0,1.0,N,233,79,2,8.0,2.5,0.5,0.0,0.0,0.3,11.3,2.5,0.0
1,2021-11-01 07:53:35,2021-11-01 08:01:20,1.0,1.9,1.0,N,79,162,1,8.0,2.5,0.5,2.26,0.0,0.3,13.56,2.5,0.0
1,2021-11-01 07:17:48,2021-11-01 07:18:15,1.0,2.9,1.0,N,237,236,3,2.5,2.5,0.5,0.0,0.0,0.3,5.8,2.5,0.0
1,2021-11-01 07:23:16,2021-11-01 07:35:17,1.0,2.7,1.0,N,236,143,1,11.0,2.5,0.5,1.0,0.0,0.3,15.3,2.5,0.0
1,2021-11-01 07:43:27,2021-11-01 07:55:16,1.0,2.0,1.0,N,239,141,1,10.0,2.5,0.5,2.66,0.0,0.3,15.96,2.5,0.0
1,2021-11-01 07:58:45,2021-11-01 08:03:00,1.0,0.4,1.0,N,141,237,3,4.5,2.5,0.5,0.0,0.0,0.3,7.8,2.5,0.0
1,2021-11-01 07:34:07,2021-11-01 08:54:55,1.0,20.9,2.0,N,132,142,1,52.0,3.75,0.5,12.6,6.55,0.3,75.7,2.5,1.25
2,2021-11-01 06:59:55,2021-11-01 07:10:25,1.0,1.26,1.0,N,161,141,1,8.5,0.0,0.5,2.36,0.0,0.3,14.16,2.5,0.0
2,2021-11-01 07:13:03,2021-11-01 07:20:17,1.0,1.25,1.0,N,141,162,1,7.0,0.0,0.5,1.0,0.0,0.3,11.3,2.5,0.0
2,2021-11-01 07:28:43,2021-11-01 07:40:17,1.0,2.55,1.0,N,237,186,1,11.0,0.0,0.5,2.86,0.0,0.3,17.16,2.5,0.0
2,2021-11-01 07:41:40,2021-11-01 07:50:12,1.0,1.51,1.0,N,186,161,2,7.5,0.0,0.5,0.0,0.0,0.3,10.8,2.5,0.0
2,2021-11-01 07:52:25,2021-11-01 08:01:20,1.0,1.47,1.0,N,163,239,1,8.0,0.0,0.5,3.39,0.0,0.3,14.69,2.5,0.0
2,2021-11-01 07:47:58,2021-11-01 07:57:50,1.0,2.3,1.0,N,113,233,2,9.5,0.0,0.5,0.0,0.0,0.3,12.8,2.5,0.0
2,2021-11-01 07:26:45,2021-11-01 08:19:49,2.0,12.99,1.0,N,138,161,1,44.0,0.0,0.5,11.02,6.55,0.3,66.12,2.5,1.25
2,2021-11-01 07:00:29,2021-11-01 07:11:13,1.0,1.83,1.0,N,162,140,2,8.5,0.0,0.5,0.0,0.0,0.3,11.8,2.5,0.0
2,2021-11-01 07:29:09,2021-11-01 07:50:26,1.0,4.66,1.0,N,43,79,1,18.0,0.0,0.5,5.32,0.0,0.3,26.62,2.5,0.0
1,2021-11-01 07:49:34,2021-11-01 09:04:04,1.0,0.0,1.0,N,210,75,1,50.2,0.0,0.5,0.0,6.55,0.3,57.55,0.0,0.0
2,2021-11-01 07:13:10,2021-11-01 07:21:16,1.0,1.4,1.0,N,261,232,1,7.5,0.0,0.5,0.0,0.0,0.3,10.8,2.5,0.0
1,2021-11-01 07:38:45,2021-11-01 07:56:08,1.0,3.5,1.0,N,231,161,1,14.0,2.5,0.5,2.7,0.0,0.3,20.0,2.5,0.0
2,2021-11-01 07:11:48,2021-11-01 07:21:21,6.0,2.17,1.0,N,50,238,1,9.5,0.0,0.5,2.2,0.0,0.3,15.0,2.5,0.0
2,2021-11-01 07:28:35,2021-11-01 07:48:56,6.0,4.92,1.0,N,239,137,1,18.0,0.0,0.5,2.7,0.0,0.3,24.0,2.5,0.0
1,2021-11-01 07:09:28,2021-11-01 07:40:35,1.0,9.9,1.0,Y,211,244,1,33.0,2.5,0.5,10.85,0.0,0.3,47.15,2.5,0.0
1,2021-11-01 07:48:05,2021-11-01 07:57:57,1.0,1.3,1.0,N,116,42,2,8.0,0.0,0.5,0.0,0.0,0.3,8.8,0.0,0.0
1,2021-11-01 07:39:59,2021-11-01 09:17:07,1.0,15.7,1.0,Y,132,97,1,66.0,1.25,0.5,0.0,0.0,0.3,68.05,0.0,1.25
1,2021-11-01 07:47:02,2021-11-01 08:39:23,1.0,14.4,1.0,N,226,35,1,48.5,0.0,0.5,10.0,0.0,0.3,59.3,0.0,0.0
1,2021-11-01 07:50:19,2021-11-01 07:55:39,0.0,1.2,1.0,N,48,186,2,6.0,2.5,0.5,0.0,0.0,0.3,9.3,2.5,0.0
1,2021-11-01 07:57:09,2021-11-01 08:05:34,0.0,1.3,1.0,N,186,161,1,7.5,2.5,0.5,2.7,0.0,0.3,13.5,2.5,0.0
2,2021-11-01 07:01:50,2021-11-01 07:06:10,1.0,1.13,1.0,N,162,107,1,5.5,0.0,0.5,1.76,0.0,0.3,10.56,2.5,0.0
2,2021-11-01 07:27:28,2021-11-01 07:38:41,1.0,1.52,1.0,N,170,50,1,9.0,0.0,0.5,2.46,0.0,0.3,14.76,2.5,0.0
2,2021-11-01 07:43:13,2021-11-01 07:53:20,1.0,1.85,1.0,N,48,90,4,-9.0,0.0,-0.5,0.0,0.0,-0.3,-12.3,-2.5,0.0
2,2021-11-01 07:43:13,2021-11-01 07:53:20,1.0,1.85,1.0,N,48,90,2,9.0,0.0,0.5,0.0,0.0,0.3,12.3,2.5,0.0
2,2021-11-01 07:55:39,2021-11-01 08:02:53,1.0,1.42,1.0,N,90,211,1,7.0,0.0,0.5,4.0,0.0,0.3,14.3,2.5,0.0
1,2021-11-01 07:24:29,2021-11-01 07:50:37,1.0,7.0,1.0,N,264,42,1,23.0,0.0,0.5,6.05,6.55,0.3,36.4,0.0,0.0
1,2021-11-01 07:32:08,2021-11-01 08:01:05,2.0,11.7,1.0,N,230,138,1,34.0,2.5,0.5,10.95,6.55,0.3,54.8,2.5,0.0
1,2021-11-01 07:30:22,2021-11-01 07:37:56,2.0,2.1,1.0,N,244,152,2,8.5,0.0,0.5,0.0,0.0,0.3,9.3,0.0,0.0
1,2021-11-01 07:42:15,2021-11-01 07:45:43,1.0,0.8,1.0,N,152,166,2,5.0,0.0,0.5,0.0,0.0,0.3,5.8,0.0,0.0
1,2021-11-01 07:58:14,2021-11-01 08:14:05,1.0,2.0,1.0,N,239,237,1,11.5,2.5,0.5,2.95,0.0,0.3,17.75,2.5,0.0
2,2021-11-01 07:17:19,2021-11-01 08:37:25,4.0,20.89,1.0,N,264,264,2,70.0,0.0,0.5,0.0,0.0,0.3,70.8,0.0,0.0
1,2021-11-01 07:59:05,2021-11-01 08:05:16,1.0,0.9,1.0,N,230,161,1,6.0,2.5,0.5,1.0,0.0,0.3,10.3,2.5,0.0
2,2021-11-01 07:14:58,2021-11-01 07:28:42,1.0,1.97,1.0,N,263,161,1,10.5,0.0,0.5,2.76,0.0,0.3,16.56,2.5,0.0
2,2021-11-01 07:38:32,2021-11-01 07:43:41,1.0,1.07,1.0,N,162,170,2,5.5,0.0,0.5,0.0,0.0,0.3,8.8,2.5,0.0
2,2021-11-01 07:50:21,2021-11-01 07:58:12,1.0,1.55,1.0,N,170,79,1,7.5,0.0,0.5,1.0,0.0,0.3,11.8,2.5,0.0
1,2021-11-01 07:17:25,2021-11-01 07:36:29,1.0,4.2,1.0,N,264,264,1,15.5,0.0,0.5,1.79,0.0,0.3,18.09,0.0,0.0
1,2021-11-01 07:44:53,2021-11-01 08:04:21,1.0,2.0,1.0,N,264,264,1,13.0,0.0,0.5,0.0,0.0,0.3,13.8,0.0,0.0
1,2021-11-01 07:16:02,2021-11-01 07:25:11,1.0,1.0,1.0,N,236,262,1,8.0,2.5,0.5,2.25,0.0,0.3,13.55,2.5,0.0
1,2021-11-01 07:27:20,2021-11-01 07:35:02,1.0,2.1,1.0,N,262,161,1,8.5,2.5,0.5,2.95,0.0,0.3,14.75,2.5,0.0
1,2021-11-01 07:40:03,2021-11-01 07:44:24,2.0,0.7,1.0,N,229,237,1,5.0,2.5,0.5,1.65,0.0,0.3,9.95,2.5,0.0
1,2021-11-01 07:47:54,2021-11-01 08:03:16,2.0,1.4,1.0,N,237,236,1,11.5,2.5,0.5,2.5,0.0,0.3,17.3,2.5,0.0
2,2021-11-01 07:11:43,2021-11-01 07:48:23,1.0,12.13,1.0,N,216,165,2,37.5,0.0,0.5,0.0,0.0,0.3,38.3,0.0,0.0
1,2021-11-01 07:19:16,2021-11-01 07:43:21,1.0,6.7,1.0,N,262,244,1,24.0,2.5,0.5,5.45,0.0,0.3,32.75,2.5,0.0
2,2021-11-01 07:11:42,2021-11-01 07:25:15,6.0,3.72,1.0,N,262,186,1,13.5,0.0,0.5,3.36,0.0,0.3,20.16,2.5,0.0
2,2021-11-01 07:38:42,2021-11-01 07:53:58,6.0,2.3,1.0,N,163,236,1,12.0,0.0,0.5,2.0,0.0,0.3,17.3,2.5,0.0
1,2021-11-01 07:10:46,2021-11-01 07:33:22,1.0,10.9,1.0,N,229,138,1,31.5,2.5,0.5,10.3,6.55,0.3,51.65,2.5,0.0
2,2021-11-01 07:54:06,2021-11-01 08:49:16,1.0,15.84,1.0,N,138,13,1,48.5,0.0,0.5,2.98,6.55,0.3,62.58,2.5,1.25
2,2021-11-01 07:16:09,2021-11-01 07:24:27,5.0,2.33,1.0,N,43,161,1,9.0,0.0,0.5,1.0,0.0,0.3,13.3,2.5,0.0
2,2021-11-01 07:32:09,2021-11-01 07:40:10,4.0,1.34,1.0,N,237,43,1,7.5,0.0,0.5,2.16,0.0,0.3,12.96,2.5,0.0
2,2021-11-01 07:46:24,2021-11-01 07:57:28,4.0,1.1,1.0,N,239,236,1,8.5,0.0,0.5,1.1,0.0,0.3,12.9,2.5,0.0
2,2021-11-01 07:16:36,2021-11-01 07:21:18,1.0,0.9,1.0,N,7,146,2,5.5,0.0,0.5,0.0,0.0,0.3,6.3,0.0,0.0
2,2021-11-01 07:42:40,2021-11-01 07:59:43,1.0,3.2,1.0,N,141,48,1,14.0,0.0,0.5,3.46,0.0,0.3,20.76,2.5,0.0
1,2021-11-01 07:57:48,2021-11-01 08:20:44,1.0,7.4,1.0,N,138,134,2,24.0,1.25,0.5,0.0,0.0,0.3,26.05,0.0,1.25
2,2021-11-01 07:37:02,2021-11-01 08:26:05,1.0,14.53,1.0,N,132,7,2,44.0,0.0,0.5,0.0,0.0,0.3,46.05,0.0,1.25
2,2021-11-01 07:10:20,2021-11-01 07:28:48,1.0,9.38,1.0,N,237,138,1,27.0,0.0,0.5,7.37,6.55,0.3,44.22,2.5,0.0
2,2021-11-01 06:59:39,2021-11-01 07:05:35,1.0,0.96,1.0,N,263,237,2,6.0,0.0,0.5,0.0,0.0,0.3,9.3,2.5,0.0
2,2021-11-01 07:07:08,2021-11-01 07:12:38,1.0,1.53,1.0,N,237,161,1,7.0,0.0,0.5,2.58,0.0,0.3,12.88,2.5,0.0
2,2021-11-01 07:22:17,2021-11-01 07:26:14,1.0,0.78,1.0,N,230,142,2,5.0,0.0,0.5,0.0,0.0,0.3,8.3,2.5,0.0
2,2021-11-01 07:36:49,2021-11-01 07:52:41,1.0,2.48,1.0,N,48,237,2,12.5,0.0,0.5,0.0,0.0,0.3,15.8,2.5,0.0
2,2021-11-01 07:55:43,2021-11-01 07:58:42,1.0,0.94,1.0,N,237,162,1,4.5,0.0,0.5,1.0,0.0,0.3,8.8,2.5,0.0
1,2021-11-01 07:20:57,2021-11-01 08:27:29,2.0,17.3,2.0,N,132,234,2,52.0,3.75,0.5,0.0,6.55,0.3,63.1,2.5,1.25
2,2021-11-01 07:16:49,2021-11-01 08:37:58,2.0,17.99,2.0,N,132,246,1,52.0,0.0,0.5,12.62,6.55,0.3,75.72,2.5,1.25
2,2021-11-01 07:56:23,2021-11-01 08:16:48,1.0,2.42,1.0,N,166,263,1,14.5,0.0,0.5,2.0,0.0,0.3,17.3,0.0,0.0
2,2021-11-01 07:05:39,2021-11-01 07:07:56,2.0,0.34,1.0,N,13,231,1,3.5,0.0,0.5,1.36,0.0,0.3,8.16,2.5,0.0
2,2021-11-01 07:12:58,2021-11-01 07:16:54,2.0,1.25,1.0,N,249,164,2,5.5,0.0,0.5,0.0,0.0,0.3,8.8,2.5,0.0
2,2021-11-01 07:18:22,2021-11-01 07:24:11,2.0,1.1,1.0,N,186,161,1,6.0,0.0,0.5,0.93,0.0,0.3,10.23,2.5,0.0
2,2021-11-01 07:35:25,2021-11-01 07:51:26,2.0,2.58,1.0,N,229,239,2,12.5,0.0,0.5,0.0,0.0,0.3,15.8,2.5,0.0
2,2021-11-01 07:56:52,2021-11-01 08:02:01,2.0,1.35,1.0,N,143,50,1,6.5,0.0,0.5,2.94,0.0,0.3,12.74,2.5,0.0
1,2021-11-01 07:13:35,2021-11-01 07:19:20,1.0,0.5,1.0,N,163,48,2,5.5,2.5,0.5,0.0,0.0,0.3,8.8,2.5,0.0
1,2021-11-01 07:21:46,2021-11-01 07:35:45,1.0,4.2,1.0,N,48,13,1,14.0,2.5,0.5,3.45,0.0,0.3,20.75,2.5,0.0
1,2021-11-01 07:54:29,2021-11-01 08:16:40,1.0,4.2,1.0,N,13,170,1,17.5,2.5,0.5,4.15,0.0,0.3,24.95,2.5,0.0
1,2021-11-01 07:51:31,2021-11-01 08:01:00,1.0,2.1,1.0,N,249,170,1,9.0,2.5,0.5,2.45,0.0,0.3,14.75,2.5,0.0
1,2021-11-01 07:32:05,2021-11-01 07:43:34,1.0,2.9,1.0,N,50,151,1,11.0,2.5,0.5,1.0,0.0,0.3,15.3,2.5,0.0
1,2021-11-01 07:46:47,2021-11-01 08:01:06,1.0,3.1,1.0,N,151,50,1,12.5,2.5,0.5,3.15,0.0,0.3,18.95,2.5,0.0
2,2021-11-01 07:05:46,2021-11-01 07:55:57,1.0,5.81,1.0,N,7,143,2,31.0,0.0,0.5,0.0,0.0,0.3,34.3,2.5,0.0
2,2021-11-01 07:57:59,2021-11-01 08:12:26,1.0,2.3,1.0,N,143,151,1,11.0,0.0,0.5,1.0,0.0,0.3,15.3,2.5,0.0
2,2021-11-01 07:20:26,2021-11-01 08:33:07,1.0,19.53,1.0,N,132,26,2,63.0,0.0,0.5,0.0,0.0,0.3,65.05,0.0,1.25
2,2021-11-01 07:13:43,2021-11-01 07:47:57,1.0,10.39,1.0,N,230,138,1,34.5,0.0,0.5,8.87,6.55,0.3,53.22,2.5,0.0
2,2021-11-01 07:42:53,2021-11-01 09:00:19,2.0,19.44,2.0,N,132,264,1,52.0,0.0,0.5,10.0,6.55,0.3,73.1,2.5,1.25
1,2021-11-01 07:31:25,2021-11-01 07:39:51,1.0,1.9,1.0,N,249,234,1,8.5,2.5,0.5,1.18,0.0,0.3,12.98,2.5,0.0
1,2021-11-01 07:44:17,2021-11-01 07:50:43,1.0,1.1,1.0,N,164,162,1,6.5,2.5,0.5,1.95,0.0,0.3,11.75,2.5,0.0
1,2021-11-01 07:55:52,2021-11-01 08:04:33,1.0,1.4,1.0,N,170,224,1,8.0,2.5,0.5,2.25,0.0,0.3,13.55,2.5,0.0
1,2021-11-01 07:18:25,2021-11-01 07:23:59,1.0,0.9,1.0,N,236,237,1,6.0,2.5,0.5,1.85,0.0,0.3,11.15,2.5,0.0
1,2021-11-01 07:36:00,2021-11-01 07:47:21,0.0,2.7,1.0,Y,263,230,1,10.5,2.5,0.5,2.75,0.0,0.3,16.55,2.5,0.0
1,2021-11-01 07:52:50,2021-11-01 08:04:48,0.0,1.5,1.0,Y,186,163,2,9.5,2.5,0.5,0.0,0.0,0.3,12.8,2.5,0.0
2,2021-11-01 07:45:25,2021-11-01 07:58:37,1.0,2.78,1.0,N,249,161,1,11.5,0.0,0.5,2.96,0.0,0.3,17.76,2.5,0.0
1,2021-11-01 07:12:01,2021-11-01 07:20:21,1.0,2.2,1.0,N,238,163,1,9.0,2.5,0.5,2.0,0.0,0.3,14.3,2.5,0.0
1,2021-11-01 07:37:33,2021-11-01 07:46:22,1.0,2.0,1.0,N,141,161,2,8.5,2.5,0.5,0.0,0.0,0.3,11.8,2.5,0.0
1,2021-11-01 07:54:14,2021-11-01 07:56:54,1.0,0.5,1.0,N,170,234,1,4.0,2.5,0.5,1.45,0.0,0.3,8.75,2.5,0.0
1,2021-11-01 07:59:40,2021-11-01 08:06:52,1.0,1.4,1.0,N,164,162,1,7.0,2.5,0.5,2.05,0.0,0.3,12.35,2.5,0.0
2,2021-11-01 07:45:52,2021-11-01 08:34:21,2.0,9.46,1.0,N,138,238,1,34.5,0.0,0.5,11.4,6.55,0.3,57.0,2.5,1.25
1,2021-11-01 07:45:03,2021-11-01 08:35:53,1.0,12.4,1.0,N,138,161,1,42.0,3.75,0.5,10.6,6.55,0.3,63.7,2.5,1.25
2,2021-11-01 07:01:34,2021-11-01 07:06:42,1.0,1.08,1.0,N,48,161,1,5.5,0.0,0.5,2.2,0.0,0.3,11.0,2.5,0.0
2,2021-11-01 07:16:36,2021-11-01 07:25:40,1.0,1.73,1.0,N,48,237,1,8.5,0.0,0.5,2.0,0.0,0.3,13.8,2.5,0.0
2,2021-11-01 07:38:34,2021-11-01 07:57:35,1.0,3.39,1.0,N,48,231,1,15.0,0.0,0.5,0.0,0.0,0.3,18.3,2.5,0.0
1,2021-11-01 07:08:51,2021-11-01 07:15:07,1.0,0.9,1.0,N,107,186,1,6.0,2.5,0.5,1.85,0.0,0.3,11.15,2.5,0.0
1,2021-11-01 07:20:07,2021-11-01 07:28:06,1.0,1.7,1.0,N,249,13,1,8.0,2.5,0.5,1.0,0.0,0.3,12.3,2.5,0.0
1,2021-11-01 07:45:29,2021-11-01 08:31:34,1.0,13.8,1.0,N,231,197,2,45.5,2.5,0.5,0.0,0.0,0.3,48.8,2.5,0.0
2,2021-11-01 07:23:01,2021-11-01 07:38:08,4.0,2.17,1.0,N,158,137,2,11.0,0.0,0.5,0.0,0.0,0.3,14.3,2.5,0.0
2,2021-11-01 07:43:17,2021-11-01 07:48:52,3.0,1.24,1.0,N,170,90,1,6.0,0.0,0.5,1.86,0.0,0.3,11.16,2.5,0.0
2,2021-11-01 07:52:48,2021-11-01 08:01:00,4.0,1.74,1.0,N,113,170,2,8.0,0.0,0.5,0.0,0.0,0.3,11.3,2.5,0.0
2,2021-11-01 07:34:21,2021-11-01 08:54:38,1.0,20.74,2.0,N,132,141,1,52.0,0.0,0.5,0.0,6.12,0.3,62.67,2.5,1.25
1,2021-11-01 07:20:03,2021-11-01 07:27:49,1.0,2.1,1.0,N,125,164,1,8.5,2.5,0.5,4.0,0.0,0.3,15.8,2.5,0.0
1,2021-11-01 07:33:31,2021-11-01 07:48:13,1.0,2.3,1.0,N,163,236,2,11.0,2.5,0.5,0.0,0.0,0.3,14.3,2.5,0.0
1,2021-11-01 07:51:13,2021-11-01 07:57:30,2.0,0.6,1.0,N,43,237,1,6.0,2.5,0.5,2.0,0.0,0.3,11.3,2.5,0.0
1,2021-11-01 07:27:45,2021-11-01 07:37:48,1.0,2.2,1.0,N,138,223,1,10.0,1.25,0.5,3.6,0.0,0.3,15.65,0.0,1.25
1,2021-11-01 07:35:34,2021-11-01 08:36:53,1.0,15.4,1.0,N,132,226,2,50.0,1.25,0.5,0.0,0.0,0.3,52.05,0.0,1.25
2,2021-11-01 07:00:36,2021-11-01 07:06:44,1.0,0.99,1.0,N,263,75,1,5.5,0.0,0.5,1.76,0.0,0.3,10.56,2.5,0.0
2,2021-11-01 07:12:14,2021-11-01 07:19:37,1.0,2.17,1.0,N,236,161,1,8.5,0.0,0.5,3.0,0.0,0.3,14.8,2.5,0.0
2,2021-11-01 07:31:10,2021-11-01 07:41:52,2.0,1.62,1.0,N,237,75,1,9.0,0.0,0.5,1.5,0.0,0.3,13.8,2.5,0.0
2,2021-11-01 07:43:26,2021-11-01 08:02:33,1.0,8.44,1.0,N,236,138,1,26.5,0.0,0.5,10.15,6.55,0.3,44.0,0.0,0.0
1,2021-11-01 07:14:00,2021-11-01 07:40:39,1.0,4.3,1.0,N,75,47,1,18.5,0.0,0.5,0.0,0.0,0.3,19.3,0.0,0.0
1,2021-11-01 07:46:02,2021-11-01 08:03:39,1.0,2.0,1.0,N,47,42,1,12.5,0.0,0.5,0.0,0.0,0.3,13.3,0.0,0.0
2,2021-11-01 07:26:03,2021-11-01 07:38:31,1.0,1.81,1.0,N,237,230,1,10.0,0.0,0.5,2.66,0.0,0.3,15.96,2.5,0.0
2,2021-11-01 07:17:57,2021-11-01 08:33:55,1.0,17.67,2.0,N,132,161,2,52.0,0.0,0.5,0.0,6.55,0.3,63.1,2.5,1.25
2,2021-11-01 07:58:30,2021-11-01 08:11:52,1.0,2.0,1.0,N,186,162,1,11.0,0.0,0.5,2.86,0.0,0.3,17.16,2.5,0.0
2,2021-11-01 07:15:25,2021-11-01 08:12:21,1.0,37.8,4.0,N,132,265,1,178.0,0.0,0.5,11.0,0.0,0.3,191.05,0.0,1.25
1,2021-11-01 07:11:28,2021-11-01 07:23:03,0.0,0.0,1.0,N,48,140,1,8.5,2.5,0.5,2.95,0.0,0.3,14.75,2.5,0.0
1,2021-11-01 07:25:45,2021-11-01 07:36:09,1.0,0.0,1.0,N,140,162,1,8.0,2.5,0.5,1.0,0.0,0.3,12.3,2.5,0.0
1,2021-11-01 07:43:45,2021-11-01 08:03:38,0.0,0.0,1.0,N,164,211,1,13.0,2.5,0.5,1.5,0.0,0.3,17.8,2.5,0.0
2,2021-11-01 07:02:36,2021-11-01 07:04:31,2.0,0.69,1.0,N,79,107,1,4.0,0.0,0.5,1.46,0.0,0.3,8.76,2.5,0.0
2,2021-11-01 07:08:23,2021-11-01 07:13:54,2.0,1.23,1.0,N,170,161,2,6.0,0.0,0.5,0.0,0.0,0.3,9.3,2.5,0.0
2,2021-11-01 07:28:26,2021-11-01 07:40:41,2.0,3.12,1.0,N,237,100,1,12.0,0.0,0.5,6.5,0.0,0.3,21.8,2.5,0.0
2,2021-11-01 07:43:16,2021-11-01 07:48:38,2.0,0.64,1.0,N,100,100,1,5.5,0.0,0.5,1.76,0.0,0.3,10.56,2.5,0.0
2,2021-11-01 07:53:44,2021-11-01 08:05:28,2.0,1.68,1.0,N,100,137,1,9.0,0.0,0.5,1.0,0.0,0.3,13.3,2.5,0.0
1,2021-11-01 07:22:43,2021-11-01 07:39:18,1.0,4.2,1.0,N,236,246,1,15.5,2.5,0.5,1.0,0.0,0.3,19.8,2.5,0.0
1,2021-11-01 07:39:46,2021-11-01 07:55:24,1.0,2.1,1.0,N,246,162,1,12.0,2.5,0.5,2.0,0.0,0.3,17.3,2.5,0.0
2,2021-11-01 07:12:56,2021-11-01 07:15:09,2.0,0.89,1.0,N,79,107,2,4.5,0.0,0.5,0.0,0.0,0.3,7.8,2.5,0.0
2,2021-11-01 07:15:48,2021-11-01 07:20:19,2.0,1.07,1.0,N,137,170,1,5.5,0.0,0.5,2.2,0.0,0.3,11.0,2.5,0.0
2,2021-11-01 07:25:52,2021-11-01 07:31:48,2.0,0.65,1.0,N,164,137,2,5.5,0.0,0.5,0.0,0.0,0.3,8.8,2.5,0.0
2,2021-11-01 07:35:04,2021-11-01 07:41:48,2.0,1.04,1.0,N,170,161,1,6.5,0.0,0.5,1.96,0.0,0.3,11.76,2.5,0.0
2,2021-11-01 07:46:44,2021-11-01 07:55:34,2.0,1.33,1.0,N,170,137,1,7.5,0.0,0.5,2.16,0.0,0.3,12.96,2.5,0.0
2,2021-11-01 07:02:53,2021-11-01 07:11:13,1.0,1.97,1.0,N,141,161,1,8.5,0.0,0.5,1.0,0.0,0.3,12.8,2.5,0.0
2,2021-11-01 07:25:28,2021-11-01 07:33:20,1.0,1.4,1.0,N,263,75,1,7.5,0.0,0.5,3.2,0.0,0.3,14.0,2.5,0.0
2,2021-11-01 07:36:50,2021-11-01 07:52:58,1.0,3.58,1.0,N,236,186,1,14.0,0.0,0.5,3.46,0.0,0.3,20.76,2.5,0.0
2,2021-11-01 07:54:46,2021-11-01 08:03:03,1.0,1.77,1.0,N,186,50,1,8.0,0.0,0.5,1.0,0.0,0.3,12.3,2.5,0.0
2,2021-11-01 07:15:10,2021-11-01 07:26:55,2.0,2.86,1.0,N,125,230,1,11.0,0.0,0.5,1.43,0.0,0.3,15.73,2.5,0.0
2,2021-11-01 07:29:58,2021-11-01 08:07:45,2.0,18.27,3.0,N,43,1,1,68.5,0.0,0.0,17.11,16.75,0.3,102.66,0.0,0.0
2,2021-11-01 07:17:37,2021-11-01 08:34:19,1.0,17.71,2.0,N,132,230,1,52.0,0.0,0.5,12.62,6.55,0.3,75.72,2.5,1.25
2,2021-11-01 07:23:56,2021-11-01 07:35:52,3.0,2.4,1.0,N,239,236,1,10.5,0.0,0.5,1.0,0.0,0.3,14.8,2.5,0.0
2,2021-11-01 07:38:11,2021-11-01 07:51:09,2.0,2.62,1.0,N,236,161,1,11.5,0.0,0.5,2.96,0.0,0.3,17.76,2.5,0.0
2,2021-11-01 07:59:07,2021-11-01 08:07:19,2.0,1.04,1.0,N,162,237,1,7.0,0.0,0.5,2.06,0.0,0.3,12.36,2.5,0.0
2,2021-11-01 07:33:29,2021-11-01 07:46:49,1.0,2.31,1.0,N,239,140,1,11.0,0.0,0.5,2.86,0.0,0.3,17.16,2.5,0.0
1,2021-11-01 07:03:59,2021-11-01 07:25:36,1.0,4.4,1.0,N,263,7,2,17.0,2.5,0.5,0.0,0.0,0.3,20.3,2.5,0.0
1,2021-11-01 07:56:47,2021-11-01 08:06:14,1.0,1.1,1.0,N,140,237,1,7.5,2.5,0.5,1.2,0.0,0.3,12.0,2.5,0.0
2,2021-11-01 07:05:39,2021-11-01 07:09:44,1.0,0.69,1.0,N,186,234,1,4.5,0.0,0.5,0.78,0.0,0.3,8.58,2.5,0.0
2,2021-11-01 07:34:31,2021-11-01 07:40:12,1.0,1.49,1.0,N,186,113,1,6.5,0.0,0.5,1.96,0.0,0.3,11.76,2.5,0.0
2,2021-11-01 07:41:36,2021-11-01 07:54:31,1.0,2.01,1.0,N,113,170,1,10.5,0.0,0.5,1.38,0.0,0.3,15.18,2.5,0.0
2,2021-11-01 07:03:29,2021-11-01 07:20:03,1.0,2.13,1.0,N,74,236,1,11.5,0.0,0.5,2.96,0.0,0.3,17.76,2.5,0.0
2,2021-11-01 07:23:26,2021-11-01 07:37:48,1.0,3.04,1.0,N,236,143,1,12.5,0.0,0.5,1.0,0.0,0.3,16.8,2.5,0.0
2,2021-11-01 07:38:51,2021-11-01 07:43:49,1.0,1.66,1.0,N,143,246,1,6.5,0.0,0.5,2.45,0.0,0.3,12.25,2.5,0.0
2,2021-11-01 07:48:01,2021-11-01 07:57:39,1.0,1.39,1.0,N,68,161,1,8.0,0.0,0.5,2.0,0.0,0.3,13.3,2.5,0.0
2,2021-11-01 07:30:57,2021-11-01 07:53:02,1.0,3.5,1.0,N,186,236,1,15.5,0.0,0.5,3.76,0.0,0.3,22.56,2.5,0.0
2,2021-11-01 07:56:00,2021-11-01 08:29:04,2.0,7.21,1.0,N,52,48,1,26.0,0.0,0.5,5.86,0.0,0.3,35.16,2.5,0.0
2,2021-11-01 07:23:55,2021-11-01 07:41:05,1.0,2.72,1.0,N,100,140,1,13.0,0.0,0.5,3.26,0.0,0.3,19.56,2.5,0.0
2,2021-11-01 07:46:11,2021-11-01 07:55:54,1.0,1.41,1.0,N,140,141,1,8.0,0.0,0.5,2.26,0.0,0.3,13.56,2.5,0.0
2,2021-11-01 07:01:22,2021-11-01 07:08:32,4.0,1.38,1.0,N,68,161,1,7.0,0.0,0.5,2.06,0.0,0.3,12.36,2.5,0.0
2,2021-11-01 07:21:24,2021-11-01 07:28:56,3.0,2.01,1.0,N,237,170,1,8.0,0.0,0.5,1.7,0.0,0.3,13.0,2.5,0.0
2,2021-11-01 07:41:10,2021-11-01 07:46:32,4.0,1.23,1.0,N,263,75,1,6.0,0.0,0.5,1.86,0.0,0.3,11.16,2.5,0.0
1,2021-11-01 07:01:18,2021-11-01 07:36:34,1.0,9.8,1.0,N,138,161,1,32.5,3.75,0.5,10.85,6.55,0.3,54.45,2.5,1.25
1,2021-11-01 07:40:41,2021-11-01 08:12:20,2.0,17.6,3.0,N,162,1,1,66.5,0.0,0.0,17.4,20.3,0.3,104.5,0.0,0.0
2,2021-11-01 07:07:02,2021-11-01 07:24:33,1.0,4.4,1.0,N,237,231,1,16.0,0.0,0.5,3.86,0.0,0.3,23.16,2.5,0.0
2,2021-11-01 07:27:24,2021-11-01 07:35:39,1.0,1.84,1.0,N,231,90,1,8.5,0.0,0.5,2.36,0.0,0.3,14.16,2.5,0.0
2,2021-11-01 07:38:13,2021-11-01 07:45:40,1.0,1.78,1.0,N,90,170,1,7.5,0.0,0.5,1.2,0.0,0.3,12.0,2.5,0.0
2,2021-11-01 07:47:41,2021-11-01 07:53:56,1.0,1.15,1.0,N,170,137,1,6.5,0.0,0.5,1.96,0.0,0.3,11.76,2.5,0.0
2,2021-11-01 07:58:45,2021-11-01 08:02:42,1.0,0.98,1.0,N,137,162,1,5.0,0.0,0.5,1.24,0.0,0.3,9.54,2.5,0.0
2,2021-11-01 08:02:05,2021-11-01 08:12:21,1.0,0.99,1.0,N,141,140,2,8.0,0.0,0.5,0.0,0.0,0.3,11.3,2.5,0.0
2,2021-11-01 07:31:35,2021-11-01 08:28:21,1.0,16.63,2.0,N,264,164,1,52.0,0.0,0.5,12.37,6.55,0.3,74.22,2.5,0.0
2,2021-11-01 07:10:04,2021-11-01 07:15:07,1.0,1.42,1.0,N,170,234,1,6.5,0.0,0.5,1.96,0.0,0.3,11.76,2.5,0.0
2,2021-11-01 07:41:14,2021-11-01 07:49:42,1.0,1.72,1.0,N,234,161,1,8.5,0.0,0.5,1.18,0.0,0.3,12.98,2.5,0.0
2,2021-11-01 07:52:48,2021-11-01 08:00:26,1.0,0.92,1.0,N,237,236,1,7.0,0.0,0.5,2.06,0.0,0.3,12.36,2.5,0.0
2,2021-11-01 07:50:01,2021-11-01 08:05:57,1.0,2.06,1.0,N,237,238,1,11.5,0.0,0.5,2.96,0.0,0.3,17.76,2.5,0.0
1,2021-11-01 07:24:58,2021-11-01 07:54:22,0.0,4.7,1.0,N,138,146,1,19.5,1.25,0.5,10.0,0.0,0.3,31.55,0.0,1.25
2,2021-11-01 07:31:16,2021-11-01 07:43:22,3.0,2.3,1.0,N,236,230,1,10.5,0.0,0.5,2.76,0.0,0.3,16.56,2.5,0.0
2,2021-11-01 07:48:56,2021-11-01 07:57:22,2.0,1.15,1.0,N,48,161,1,7.0,0.0,0.5,2.06,0.0,0.3,12.36,2.5,0.0
1,2021-11-01 07:07:03,2021-11-01 07:37:20,3.0,17.3,3.0,N,137,1,1,65.5,0.0,0.0,12.8,19.5,0.3,98.1,0.0,0.0
2,2021-11-01 07:13:47,2021-11-01 07:16:08,5.0,0.58,1.0,N,162,170,2,4.0,0.0,0.5,0.0,0.0,0.3,7.3,2.5,0.0
2,2021-11-01 07:19:05,2021-11-01 07:31:33,5.0,2.62,1.0,N,170,140,1,11.0,0.0,0.5,1.43,0.0,0.3,15.73,2.5,0.0
2,2021-11-01 07:34:38,2021-11-01 07:49:52,2.0,2.73,1.0,N,140,143,1,12.5,0.0,0.5,1.0,0.0,0.3,16.8,2.5,0.0
2,2021-11-01 07:51:27,2021-11-01 07:56:30,4.0,1.47,1.0,N,143,246,1,6.5,0.0,0.5,1.96,0.0,0.3,11.76,2.5,0.0
2,2021-11-01 07:23:11,2021-11-01 07:36:52,1.0,2.32,1.0,N,263,230,1,11.0,0.0,0.5,1.43,0.0,0.3,15.73,2.5,0.0
2,2021-11-01 07:12:52,2021-11-01 07:22:06,1.0,2.8,1.0,N,107,141,1,10.0,0.0,0.5,2.66,0.0,0.3,15.96,2.5,0.0
2,2021-11-01 07:26:08,2021-11-01 07:32:17,1.0,0.93,1.0,N,141,140,2,5.5,0.0,0.5,0.0,0.0,0.3,8.8,2.5,0.0
2,2021-11-01 07:41:15,2021-11-01 07:48:09,1.0,0.9,1.0,N,262,75,1,6.0,0.0,0.5,1.86,0.0,0.3,11.16,2.5,0.0
2,2021-11-01 07:52:27,2021-11-01 08:02:24,1.0,1.9,1.0,N,236,162,2,9.0,0.0,0.5,0.0,0.0,0.3,12.3,2.5,0.0
1,2021-11-01 07:11:01,2021-11-01 07:23:30,1.0,3.0,1.0,N,166,142,1,12.0,2.5,0.5,2.5,0.0,0.3,17.8,2.5,0.0
1,2021-11-01 07:44:39,2021-11-01 07:58:52,1.0,3.2,1.0,N,143,158,1,12.5,2.5,0.5,3.15,0.0,0.3,18.95,2.5,0.0
2,2021-11-01 07:25:09,2021-11-01 07:30:55,1.0,1.38,1.0,N,239,142,1,6.5,0.0,0.5,1.96,0.0,0.3,11.76,2.5,0.0
2,2021-11-01 07:36:19,2021-11-01 08:03:48,1.0,3.34,1.0,N,143,170,1,19.0,0.0,0.5,1.7,0.0,0.3,24.0,2.5,0.0
1,2021-11-01 07:45:40,2021-11-01 07:50:27,1.0,0.7,1.0,N,243,243,2,5.0,0.0,0.5,0.0,0.0,0.3,5.8,0.0,0.0
2,2021-11-01 07:14:18,2021-11-01 07:21:14,2.0,2.39,1.0,N,239,68,1,8.5,0.0,0.5,2.0,0.0,0.3,13.8,2.5,0.0
2,2021-11-01 07:23:27,2021-11-01 07:24:17,2.0,0.32,1.0,N,246,48,3,-3.0,0.0,-0.5,0.0,0.0,-0.3,-6.3,-2.5,0.0
2,2021-11-01 07:23:27,2021-11-01 07:24:17,2.0,0.32,1.0,N,246,48,2,3.0,0.0,0.5,0.0,0.0,0.3,6.3,2.5,0.0
2,2021-11-01 07:29:30,2021-11-01 07:34:01,1.0,1.38,1.0,N,50,246,1,6.0,0.0,0.5,2.79,0.0,0.3,12.09,2.5,0.0
1,2021-11-01 07:03:07,2021-11-01 07:14:08,1.0,2.2,1.0,N,237,238,1,10.0,2.5,0.5,2.65,0.0,0.3,15.95,2.5,0.0
1,2021-11-01 07:18:18,2021-11-01 07:23:14,1.0,1.0,1.0,N,238,151,1,5.5,2.5,0.5,1.0,0.0,0.3,9.8,2.5,0.0
2,2021-11-01 07:42:12,2021-11-01 08:49:50,3.0,16.54,1.0,N,132,255,1,53.0,0.0,0.5,10.0,0.0,0.3,65.05,0.0,1.25
2,2021-11-01 07:23:56,2021-11-01 07:35:40,2.0,2.54,1.0,N,48,236,1,10.5,0.0,0.5,2.76,0.0,0.3,16.56,2.5,0.0
2,2021-11-01 07:36:54,2021-11-01 07:54:07,2.0,2.22,1.0,N,236,236,1,12.5,0.0,0.5,3.16,0.0,0.3,18.96,2.5,0.0
1,2021-11-01 07:41:14,2021-11-01 08:01:11,1.0,5.3,1.0,N,142,231,1,18.5,2.5,0.5,3.27,0.0,0.3,25.07,2.5,0.0
2,2021-11-01 07:17:36,2021-11-01 07:27:54,1.0,2.09,1.0,N,68,170,1,9.5,0.0,0.5,1.54,0.0,0.3,14.34,2.5,0.0
2,2021-11-01 07:45:15,2021-11-01 07:53:39,1.0,1.47,1.0,N,170,163,1,8.0,0.0,0.5,1.13,0.0,0.3,12.43,2.5,0.0
2,2021-11-01 07:59:21,2021-11-01 08:05:04,1.0,1.02,1.0,N,237,161,1,6.0,0.0,0.5,1.86,0.0,0.3,11.16,2.5,0.0
2,2021-11-01 06:59:54,2021-11-01 07:13:08,1.0,2.53,1.0,N,239,140,1,11.5,0.0,0.5,1.2,0.0,0.3,16.0,2.5,0.0
2,2021-11-01 07:19:01,2021-11-01 07:33:30,1.0,3.52,1.0,N,262,226,1,13.5,0.0,0.5,3.36,0.0,0.3,20.16,2.5,0.0
2,2021-11-01 07:36:05,2021-11-01 07:49:10,5.0,2.12,1.0,N,238,140,1,10.5,0.0,0.5,2.76,0.0,0.3,16.56,2.5,0.0
2,2021-11-01 07:50:16,2021-11-01 07:57:40,3.0,1.1,1.0,N,140,237,1,7.0,0.0,0.5,2.0,0.0,0.3,12.3,2.5,0.0
2,2021-11-01 07:11:37,2021-11-01 07:20:44,1.0,1.85,1.0,N,237,263,1,8.5,0.0,0.5,2.95,0.0,0.3,14.75,2.5,0.0
2,2021-11-01 07:25:34,2021-11-01 07:28:04,1.0,0.82,1.0,N,262,140,1,4.5,0.0,0.5,1.56,0.0,0.3,9.36,2.5,0.0
2,2021-11-01 07:31:51,2021-11-01 07:41:53,1.0,1.92,1.0,N,141,75,1,9.0,0.0,0.5,1.23,0.0,0.3,13.53,2.5,0.0
2,2021-11-01 07:44:23,2021-11-01 07:53:43,1.0,1.34,1.0,N,75,237,1,8.0,0.0,0.5,2.83,0.0,0.3,14.13,2.5,0.0
1,2021-11-01 07:13:26,2021-11-01 07:32:52,0.0,3.9,1.0,Y,50,4,1,16.0,2.5,0.5,3.85,0.0,0.3,23.15,2.5,0.0
1,2021-11-01 07:51:21,2021-11-01 08:03:30,0.0,2.3,1.0,N,107,237,2,10.5,2.5,0.5,0.0,0.0,0.3,13.8,2.5,0.0
2,2021-11-01 07:07:55,2021-11-01 07:20:01,6.0,3.57,1.0,N,231,161,1,12.5,0.0,0.5,3.16,0.0,0.3,18.96,2.5,0.0
2,2021-11-01 07:20:19,2021-11-01 07:23:37,6.0,0.43,1.0,N,161,230,2,4.0,0.0,0.5,0.0,0.0,0.3,7.3,2.5,0.0
2,2021-11-01 07:41:27,2021-11-01 07:46:50,6.0,0.97,1.0,N,143,142,2,6.0,0.0,0.5,0.0,0.0,0.3,9.3,2.5,0.0
2,2021-11-01 07:48:15,2021-11-01 08:03:36,1.0,5.11,1.0,N,132,124,2,16.5,0.0,0.5,0.0,0.0,0.3,18.55,0.0,1.25
2,2021-11-01 07:34:24,2021-11-01 07:39:10,1.0,1.29,1.0,N,263,141,1,6.0,0.0,0.5,1.86,0.0,0.3,11.16,2.5,0.0
2,2021-11-01 07:40:01,2021-11-01 08:03:25,1.0,7.6,1.0,N,141,13,1,26.0,0.0,0.5,8.79,0.0,0.3,38.09,2.5,0.0
1,2021-11-01 07:34:23,2021-11-01 08:08:48,1.0,0.0,1.0,N,196,140,1,32.2,0.0,0.5,0.0,0.0,0.3,33.0,0.0,0.0
2,2021-11-01 07:58:55,2021-11-01 08:29:50,1.0,7.78,1.0,N,138,170,1,26.0,0.0,0.5,7.17,6.55,0.3,44.27,2.5,1.25
1,2021-11-01 07:24:26,2021-11-01 07:28:00,1.0,0.6,1.0,N,164,164,1,4.5,2.5,0.5,2.3,0.0,0.3,10.1,2.5,0.0
1,2021-11-01 07:41:29,2021-11-01 08:08:17,2.0,9.7,1.0,N,107,138,1,29.0,2.5,0.5,7.75,6.55,0.3,46.6,2.5,0.0
2,2021-11-01 07:17:42,2021-11-01 07:29:55,1.0,2.15,1.0,N,113,13,1,10.5,0.0,0.5,2.0,0.0,0.3,15.8,2.5,0.0
2,2021-11-01 07:42:28,2021-11-01 07:56:44,1.0,3.23,1.0,N,231,161,1,12.5,0.0,0.5,2.37,0.0,0.3,18.17,2.5,0.0
1,2021-11-01 07:09:01,2021-11-01 08:03:55,1.0,12.1,1.0,N,138,181,1,41.0,1.25,0.5,8.6,0.0,0.3,51.65,0.0,1.25
2,2021-11-01 07:22:50,2021-11-01 08:36:37,1.0,24.58,1.0,N,132,200,2,72.5,0.0,0.5,0.0,6.55,0.3,81.1,0.0,1.25
1,2021-11-01 07:21:53,2021-11-01 07:32:02,1.0,2.3,1.0,N,236,162,1,10.0,2.5,0.5,3.3,0.0,0.3,16.6,2.5,0.0
1,2021-11-01 07:46:47,2021-11-01 07:51:08,1.0,1.8,1.0,N,236,162,1,6.5,2.5,0.5,1.95,0.0,0.3,11.75,2.5,0.0
1,2021-11-01 07:32:20,2021-11-01 07:56:38,1.0,6.2,1.0,N,33,161,2,21.0,2.5,0.5,0.0,0.0,0.3,24.3,2.5,0.0
1,2021-11-01 07:22:09,2021-11-01 07:33:14,1.0,2.7,1.0,N,249,163,1,11.0,2.5,0.5,2.0,0.0,0.3,16.3,2.5,0.0
1,2021-11-01 07:39:07,2021-11-01 07:46:56,2.0,1.3,1.0,N,142,237,1,7.5,2.5,0.5,2.16,0.0,0.3,12.96,2.5,0.0
1,2021-11-01 07:50:41,2021-11-01 08:07:30,1.0,3.5,1.0,N,141,113,2,14.5,2.5,0.5,0.0,0.0,0.3,17.8,2.5,0.0
2,2021-11-01 07:29:55,2021-11-01 07:45:00,2.0,3.76,1.0,N,24,50,1,14.5,0.0,0.5,2.0,0.0,0.3,19.8,2.5,0.0
2,2021-11-01 07:46:28,2021-11-01 07:52:15,3.0,0.98,1.0,N,50,142,1,6.0,0.0,0.5,1.86,0.0,0.3,11.16,2.5,0.0
2,2021-11-01 07:56:22,2021-11-01 08:04:26,1.0,1.43,1.0,N,142,161,1,7.5,0.0,0.5,5.0,0.0,0.3,15.8,2.5,0.0
2,2021-11-01 07:35:15,2021-11-01 07:45:11,2.0,1.62,1.0,N,74,166,1,8.5,0.0,0.5,2.33,0.0,0.3,11.63,0.0,0.0
2,2021-11-01 07:51:44,2021-11-01 08:00:33,1.0,0.91,1.0,N,151,43,1,7.0,0.0,0.5,2.58,0.0,0.3,12.88,2.5,0.0
2,2021-11-01 07:07:22,2021-11-01 08:04:27,1.0,11.38,1.0,N,132,157,1,42.0,0.0,0.5,5.0,0.0,0.3,49.05,0.0,1.25
2,2021-11-01 07:21:36,2021-11-01 07:37:46,1.0,8.71,1.0,N,263,138,1,24.5,0.0,0.5,4.0,6.55,0.3,38.35,2.5,0.0
2,2021-11-01 07:49:39,2021-11-01 08:17:04,1.0,6.15,1.0,N,226,90,1,22.0,0.0,0.5,5.06,0.0,0.3,30.36,2.5,0.0
1,2021-11-01 07:01:18,2021-11-01 07:13:53,2.0,3.6,1.0,N,230,166,1,13.0,2.5,0.5,2.0,0.0,0.3,18.3,2.5,0.0
1,2021-11-01 07:34:06,2021-11-01 08:06:26,1.0,19.9,3.0,N,151,1,1,70.0,0.0,0.0,15.75,18.95,0.3,105.0,0.0,0.0
2,2021-11-01 07:27:27,2021-11-01 07:48:17,1.0,5.11,1.0,N,239,137,1,18.5,0.0,0.5,4.36,0.0,0.3,26.16,2.5,0.0
2,2021-11-01 07:50:04,2021-11-01 08:06:12,1.0,2.31,1.0,N,137,140,1,12.5,0.0,0.5,3.16,0.0,0.3,18.96,2.5,0.0
2,2021-11-01 07:07:09,2021-11-01 07:33:40,1.0,10.37,1.0,N,239,138,1,31.5,0.0,0.5,8.27,6.55,0.3,49.62,2.5,0.0
2,2021-11-01 07:05:51,2021-11-01 07:12:13,1.0,1.68,1.0,N,113,230,1,7.5,0.0,0.5,2.16,0.0,0.3,12.96,2.5,0.0
2,2021-11-01 07:17:06,2021-11-01 07:28:02,1.0,1.01,1.0,N,100,170,1,8.5,0.0,0.5,2.95,0.0,0.3,14.75,2.5,0.0
2,2021-11-01 07:41:46,2021-11-01 07:51:54,1.0,2.44,1.0,N,186,231,1,9.5,0.0,0.5,2.0,0.0,0.3,14.8,2.5,0.0
2,2021-11-01 07:55:22,2021-11-01 08:06:18,2.0,1.68,1.0,N,231,113,1,9.0,0.0,0.5,3.08,0.0,0.3,15.38,2.5,0.0
1,2021-11-01 07:04:48,2021-11-01 07:10:40,0.0,1.0,1.0,N,48,50,1,6.5,2.5,0.5,1.95,0.0,0.3,11.75,2.5,0.0
1,2021-11-01 07:23:34,2021-11-01 07:29:02,0.0,1.2,1.0,Y,48,163,1,6.0,2.5,0.5,2.75,0.0,0.3,12.05,2.5,0.0
1,2021-11-01 07:39:26,2021-11-01 07:49:23,0.0,1.8,1.0,N,162,68,1,9.0,2.5,0.5,2.45,0.0,0.3,14.75,2.5,0.0
1,2021-11-01 07:59:09,2021-11-01 08:15:39,0.0,2.0,1.0,N,100,234,2,12.0,2.5,0.5,0.0,0.0,0.3,15.3,2.5,0.0
2,2021-11-01 07:08:09,2021-11-01 07:41:51,5.0,16.5,2.0,N,162,132,1,52.0,0.0,0.5,12.37,6.55,0.3,74.22,2.5,0.0
2,2021-11-01 07:17:58,2021-11-01 08:48:37,1.0,20.47,2.0,N,132,68,1,52.0,0.0,0.5,11.06,0.0,0.3,67.61,2.5,1.25
2,2021-11-01 07:22:00,2021-11-01 07:33:57,4.0,2.73,1.0,N,238,163,1,11.5,0.0,0.5,2.22,0.0,0.3,17.02,2.5,0.0
2,2021-11-01 07:45:54,2021-11-01 07:53:41,5.0,1.13,1.0,N,237,43,1,7.0,0.0,0.5,2.06,0.0,0.3,12.36,2.5,0.0
2,2021-11-01 07:57:00,2021-11-01 08:05:32,3.0,0.88,1.0,N,43,237,1,7.0,0.0,0.5,2.06,0.0,0.3,12.36,2.5,0.0
1,2021-11-01 07:37:08,2021-11-01 07:48:34,1.0,2.1,1.0,N,239,162,1,10.0,2.5,0.5,3.3,0.0,0.3,16.6,2.5,0.0
1,2021-11-01 07:55:33,2021-11-01 08:09:46,1.0,3.1,1.0,N,237,161,1,13.0,2.5,0.5,3.25,0.0,0.3,19.55,2.5,0.0
1,2021-11-01 07:23:45,2021-11-01 07:27:51,1.0,0.4,1.0,N,230,161,1,4.5,2.5,0.5,1.95,0.0,0.3,9.75,2.5,0.0
1,2021-11-01 07:36:36,2021-11-01 07:42:14,1.0,0.5,1.0,N,161,162,2,5.5,2.5,0.5,0.0,0.0,0.3,8.8,2.5,0.0
1,2021-11-01 07:53:59,2021-11-01 08:01:46,1.0,0.9,1.0,N,230,163,1,6.5,2.5,0.5,1.0,0.0,0.3,10.8,2.5,0.0
2,2021-11-01 07:07:44,2021-11-01 07:14:59,1.0,1.64,1.0,N,100,162,1,7.5,0.0,0.5,2.16,0.0,0.3,12.96,2.5,0.0
2,2021-11-01 07:28:37,2021-11-01 07:39:42,1.0,1.55,1.0,N,100,143,1,9.0,0.0,0.5,2.46,0.0,0.3,14.76,2.5,0.0
2,2021-11-01 07:48:59,2021-11-01 07:55:21,2.0,1.46,1.0,N,143,48,1,7.0,0.0,0.5,0.0,0.0,0.3,10.3,2.5,0.0
2,2021-11-01 07:57:46,2021-11-01 08:16:04,1.0,2.59,1.0,N,100,141,1,13.0,0.0,0.5,1.5,0.0,0.3,17.8,2.5,0.0
2,2021-11-01 07:02:44,2021-11-01 07:08:31,1.0,1.1,1.0,N,144,79,2,6.0,0.0,0.5,0.0,0.0,0.3,9.3,2.5,0.0
2,2021-11-01 07:10:50,2021-11-01 07:33:47,1.0,4.33,1.0,N,79,50,1,17.5,0.0,0.5,4.16,0.0,0.3,24.96,2.5,0.0
2,2021-11-01 07:37:31,2021-11-01 07:49:12,1.0,1.28,1.0,N,48,162,1,8.5,0.0,0.5,2.36,0.0,0.3,14.16,2.5,0.0
2,2021-11-01 07:52:45,2021-11-01 07:59:39,1.0,0.64,1.0,N,229,163,1,6.0,0.0,0.5,2.32,0.0,0.3,11.62,2.5,0.0
1,2021-11-01 07:51:13,2021-11-01 08:03:41,1.0,1.9,1.0,N,229,262,1,10.0,2.5,0.5,2.65,0.0,0.3,15.95,2.5,0.0
2,2021-11-01 06:58:58,2021-11-01 07:08:53,1.0,1.99,1.0,N,143,236,1,9.5,0.0,0.5,2.56,0.0,0.3,15.36,2.5,0.0
2,2021-11-01 07:10:53,2021-11-01 07:17:19,1.0,1.7,1.0,N,236,237,1,7.0,0.0,0.5,1.54,0.0,0.3,11.84,2.5,0.0
2,2021-11-01 07:38:54,2021-11-01 07:42:06,1.0,0.62,1.0,N,140,237,1,4.0,0.0,0.5,1.46,0.0,0.3,8.76,2.5,0.0
2,2021-11-01 07:44:39,2021-11-01 07:57:35,1.0,2.38,1.0,N,237,234,1,11.0,0.0,0.5,1.43,0.0,0.3,15.73,2.5,0.0
1,2021-11-01 07:17:57,2021-11-01 07:27:46,1.0,3.1,1.0,Y,262,74,1,11.5,2.5,0.5,1.0,0.0,0.3,15.8,2.5,0.0
1,2021-11-01 07:38:47,2021-11-01 07:53:22,2.0,1.4,1.0,N,166,42,1,10.5,0.0,0.5,2.26,0.0,0.3,13.56,0.0,0.0
2,2021-11-01 07:34:40,2021-11-01 08:28:13,4.0,15.32,1.0,N,132,260,1,47.5,0.0,0.5,12.39,0.0,0.3,61.94,0.0,1.25
1,2021-11-01 07:02:29,2021-11-01 07:19:37,1.0,8.3,1.0,N,263,138,1,25.0,2.5,0.5,0.0,6.55,0.3,34.85,2.5,0.0
2,2021-11-01 07:40:56,2021-11-01 08:54:49,2.0,18.45,2.0,N,132,144,1,52.0,0.0,0.5,12.62,6.55,0.3,75.72,2.5,1.25
2,2021-11-01 07:00:02,2021-11-01 07:08:18,1.0,1.19,1.0,N,48,100,1,7.0,0.0,0.5,2.06,0.0,0.3,12.36,2.5,0.0
2,2021-11-01 07:25:32,2021-11-01 07:35:24,1.0,1.5,1.0,N,107,68,1,8.0,0.0,0.5,2.26,0.0,0.3,13.56,2.5,0.0
2,2021-11-01 07:45:46,2021-11-01 07:52:13,1.0,0.97,1.0,N,186,230,1,6.0,0.0,0.5,1.86,0.0,0.3,11.16,2.5,0.0
1,2021-11-01 07:59:38,2021-11-01 09:02:55,0.0,22.0,1.0,Y,132,26,2,63.5,1.25,0.5,0.0,6.55,0.3,72.1,0.0,1.25
2,2021-11-01 07:16:58,2021-11-01 07:25:14,1.0,1.36,1.0,N,186,163,1,7.5,0.0,0.5,2.16,0.0,0.3,12.96,2.5,0.0
2,2021-11-01 07:28:10,2021-11-01 07:40:08,1.0,1.28,1.0,N,163,140,2,9.0,0.0,0.5,0.0,0.0,0.3,12.3,2.5,0.0
2,2021-11-01 07:45:21,2021-11-01 07:57:14,1.0,2.04,1.0,N,141,230,1,10.0,0.0,0.5,2.39,0.0,0.3,15.69,2.5,0.0
2,2021-11-01 07:12:03,2021-11-01 07:17:05,1.0,0.99,1.0,N,100,161,1,5.5,0.0,0.5,2.2,0.0,0.3,11.0,2.5,0.0
2,2021-11-01 07:40:34,2021-11-01 07:49:44,1.0,1.58,1.0,N,100,162,2,8.0,0.0,0.5,0.0,0.0,0.3,11.3,2.5,0.0
1,2021-11-01 07:12:29,2021-11-01 07:26:06,1.0,1.9,1.0,Y,224,186,1,10.5,2.5,0.5,2.75,0.0,0.3,16.55,2.5,0.0
1,2021-11-01 07:33:41,2021-11-01 07:43:11,1.0,1.5,1.0,N,186,161,2,8.0,2.5,0.5,0.0,0.0,0.3,11.3,2.5,0.0
1,2021-11-01 07:49:10,2021-11-01 07:56:14,1.0,1.4,1.0,N,170,107,1,7.0,2.5,0.5,2.05,0.0,0.3,12.35,2.5,0.0
1,2021-11-01 07:58:28,2021-11-01 08:25:02,1.0,4.1,1.0,N,107,143,1,19.0,2.5,0.5,3.0,0.0,0.3,25.3,2.5,0.0
2,2021-11-01 08:02:02,2021-11-01 09:08:27,5.0,19.26,1.0,N,132,26,1,59.5,0.0,0.5,12.06,0.0,0.3,72.36,0.0,0.0
1,2021-11-01 07:44:18,2021-11-01 07:49:14,1.0,0.8,1.0,N,141,161,1,5.5,2.5,0.5,2.6,0.0,0.3,11.4,2.5,0.0
1,2021-11-01 07:47:26,2021-11-01 07:56:37,1.0,1.2,1.0,N,141,236,1,7.5,2.5,0.5,2.0,0.0,0.3,12.8,2.5,0.0
2,2021-11-01 07:17:53,2021-11-01 07:49:55,1.0,6.23,1.0,N,226,43,1,24.5,0.0,0.5,1.2,0.0,0.3,29.0,2.5,0.0
2,2021-11-01 07:52:20,2021-11-01 08:01:02,1.0,1.06,1.0,N,238,236,1,7.5,0.0,0.5,2.16,0.0,0.3,12.96,2.5,0.0
1,2021-11-01 07:37:57,2021-11-01 07:48:43,1.0,1.4,1.0,Y,186,48,1,8.5,2.5,0.5,1.0,0.0,0.3,12.8,2.5,0.0
1,2021-11-01 07:30:42,2021-11-01 07:47:46,1.0,4.0,1.0,N,262,234,1,16.0,2.5,0.5,3.0,0.0,0.3,22.3,2.5,0.0
1,2021-11-01 07:50:00,2021-11-01 08:08:26,1.0,3.2,1.0,N,234,143,2,14.5,2.5,0.5,0.0,0.0,0.3,17.8,2.5,0.0
2,2021-11-01 07:19:18,2021-11-01 07:25:55,1.0,1.07,1.0,N,237,161,1,6.5,0.0,0.5,1.96,0.0,0.3,11.76,2.5,0.0
2,2021-11-01 07:35:41,2021-11-01 07:42:16,1.0,1.53,1.0,N,237,162,1,7.0,0.0,0.5,2.58,0.0,0.3,12.88,2.5,0.0
2,2021-11-01 07:55:07,2021-11-01 08:01:11,1.0,0.67,1.0,N,141,140,1,5.5,0.0,0.5,1.76,0.0,0.3,10.56,2.5,0.0
1,2021-11-01 07:04:36,2021-11-01 07:14:01,1.0,0.9,1.0,N,161,50,1,7.5,2.5,0.5,2.15,0.0,0.3,12.95,2.5,0.0
1,2021-11-01 07:29:22,2021-11-01 07:49:52,1.0,3.4,1.0,N,186,238,1,16.0,2.5,0.5,3.85,0.0,0.3,23.15,2.5,0.0
1,2021-11-01 07:53:12,2021-11-01 08:19:06,1.0,2.9,1.0,N,239,170,1,16.5,2.5,0.5,2.5,0.0,0.3,22.3,2.5,0.0
2,2021-11-01 07:28:00,2021-11-01 07:34:32,1.0,1.25,1.0,N,152,42,2,6.5,0.0,0.5,0.0,0.0,0.3,7.3,0.0,0.0
2,2021-11-01 07:37:40,2021-11-01 07:53:50,1.0,4.51,1.0,N,41,48,2,16.5,0.0,0.5,0.0,0.0,0.3,19.8,2.5,0.0
2,2021-11-01 07:29:53,2021-11-01 07:42:29,1.0,2.38,1.0,N,79,186,1,10.5,0.0,0.5,2.76,0.0,0.3,16.56,2.5,0.0
2,2021-11-01 07:44:06,2021-11-01 07:52:52,1.0,1.41,1.0,N,186,162,1,7.5,0.0,0.5,2.7,0.0,0.3,13.5,2.5,0.0
2,2021-11-01 07:54:17,2021-11-01 08:10:34,1.0,5.24,1.0,N,162,261,1,18.0,0.0,0.5,4.26,0.0,0.3,25.56,2.5,0.0
2,2021-11-01 07:31:44,2021-11-01 08:07:49,2.0,14.99,1.0,N,261,138,2,44.5,0.0,0.5,0.0,0.0,0.3,47.8,2.5,0.0
2,2021-11-01 07:22:49,2021-11-01 07:36:00,1.0,2.42,1.0,N,196,260,1,11.5,0.0,0.5,2.46,0.0,0.3,14.76,0.0,0.0
2,2021-11-01 07:38:49,2021-11-01 07:53:41,2.0,3.64,1.0,N,260,229,2,14.0,0.0,0.5,0.0,0.0,0.3,17.3,2.5,0.0
2,2021-11-01 07:55:00,2021-11-01 08:17:30,2.0,2.49,1.0,N,229,229,1,15.0,0.0,0.5,1.0,0.0,0.3,19.3,2.5,0.0
2,2021-11-01 07:10:29,2021-11-01 07:18:38,1.0,1.2,1.0,N,186,162,1,7.0,0.0,0.5,1.54,0.0,0.3,11.84,2.5,0.0
2,2021-11-01 07:20:29,2021-11-01 07:30:30,1.0,2.09,1.0,N,162,68,1,9.0,0.0,0.5,2.0,0.0,0.3,14.3,2.5,0.0
2,2021-11-01 07:45:15,2021-11-01 07:50:07,1.0,0.95,1.0,N,186,161,1,5.5,0.0,0.5,2.2,0.0,0.3,11.0,2.5,0.0
2,2021-11-01 07:00:41,2021-11-01 07:29:47,1.0,13.5,1.0,N,138,101,1,38.0,0.0,0.5,8.01,0.0,0.3,48.06,0.0,1.25
2,2021-11-01 07:10:58,2021-11-01 07:16:35,1.0,1.5,1.0,N,170,163,1,6.5,0.0,0.5,1.96,0.0,0.3,11.76,2.5,0.0
2,2021-11-01 07:22:07,2021-11-01 07:41:38,2.0,2.96,1.0,N,142,262,2,14.5,0.0,0.5,0.0,0.0,0.3,17.8,2.5,0.0
2,2021-11-01 07:42:35,2021-11-01 07:44:43,2.0,0.49,1.0,N,262,263,1,3.5,0.0,0.5,1.36,0.0,0.3,8.16,2.5,0.0
2,2021-11-01 07:46:31,2021-11-01 07:59:14,2.0,1.79,1.0,N,263,238,1,10.0,0.0,0.5,2.66,0.0,0.3,15.96,2.5,0.0
2,2021-11-01 07:13:53,2021-11-01 08:25:55,1.0,17.91,1.0,N,132,213,1,58.0,0.0,0.5,1.0,6.55,0.3,67.6,0.0,1.25
2,2021-11-01 07:36:32,2021-11-01 08:01:31,1.0,2.48,1.0,N,237,141,1,16.5,0.0,0.5,3.96,0.0,0.3,23.76,2.5,0.0
1,2021-11-01 07:21:50,2021-11-01 07:27:57,0.0,1.3,1.0,N,141,170,1,6.5,2.5,0.5,1.96,0.0,0.3,11.76,2.5,0.0
1,2021-11-01 07:57:45,2021-11-01 08:07:31,0.0,1.4,1.0,Y,143,163,1,8.0,2.5,0.5,3.96,0.0,0.3,15.26,2.5,0.0
2,2021-11-01 07:19:13,2021-11-01 07:23:53,1.0,1.18,1.0,N,140,75,2,6.0,0.0,0.5,0.0,0.0,0.3,9.3,2.5,0.0
2,2021-11-01 07:31:05,2021-11-01 07:38:54,1.0,1.84,1.0,N,140,161,1,8.0,0.0,0.5,2.83,0.0,0.3,14.13,2.5,0.0
2,2021-11-01 07:45:18,2021-11-01 07:52:04,1.0,0.92,1.0,N,229,140,1,6.5,0.0,0.5,1.76,0.0,0.3,11.56,2.5,0.0
2,2021-11-01 07:55:54,2021-11-01 08:21:35,2.0,4.35,1.0,N,140,41,2,19.0,0.0,0.5,0.0,0.0,0.3,22.3,2.5,0.0
1,2021-11-01 07:00:15,2021-11-01 07:54:16,0.0,11.9,1.0,N,132,82,2,43.0,1.25,0.5,0.0,0.0,0.3,45.05,0.0,1.25
2,2021-11-01 07:01:37,2021-11-01 08:09:39,1.0,18.07,2.0,N,132,100,2,52.0,0.0,0.5,0.0,6.55,0.3,63.1,2.5,1.25
2,2021-11-01 07:18:31,2021-11-01 07:25:10,1.0,1.45,1.0,N,262,229,2,7.0,0.0,0.5,0.0,0.0,0.3,10.3,2.5,0.0
2,2021-11-01 07:36:34,2021-11-01 08:03:02,1.0,8.07,1.0,N,140,235,2,26.5,0.0,0.5,0.0,0.0,0.3,29.8,2.5,0.0
2,2021-11-01 07:57:16,2021-11-01 08:04:41,2.0,2.05,1.0,N,79,233,1,8.0,0.0,0.5,2.82,0.0,0.3,14.12,2.5,0.0
2,2021-11-01 07:46:29,2021-11-01 08:00:38,1.0,4.15,1.0,N,28,28,2,15.0,0.0,0.5,0.0,0.0,0.3,15.8,0.0,0.0
1,2021-11-01 07:50:25,2021-11-01 07:58:04,1.0,1.1,1.0,N,152,41,1,7.0,0.0,0.5,1.55,0.0,0.3,9.35,0.0,0.0
1,2021-11-01 07:38:26,2021-11-01 07:46:33,1.0,1.1,1.0,N,262,236,2,7.0,2.5,0.5,0.0,0.0,0.3,10.3,2.5,0.0
1,2021-11-01 07:49:10,2021-11-01 08:01:33,1.0,2.2,1.0,N,236,162,1,10.5,2.5,0.5,2.0,0.0,0.3,15.8,2.5,0.0
1,2021-11-01 07:35:04,2021-11-01 07:40:51,1.0,1.8,1.0,N,236,161,1,7.5,2.5,0.5,2.16,0.0,0.3,12.96,2.5,0.0
1,2021-11-01 07:43:10,2021-11-01 07:48:42,1.0,0.6,1.0,N,162,237,1,5.5,2.5,0.5,2.0,0.0,0.3,10.8,2.5,0.0
2,2021-11-01 07:03:59,2021-11-01 07:14:03,1.0,1.41,1.0,N,186,107,1,8.0,0.0,0.5,1.13,0.0,0.3,12.43,2.5,0.0
2,2021-11-01 07:23:17,2021-11-01 07:37:07,1.0,3.21,1.0,N,164,87,2,12.0,0.0,0.5,0.0,0.0,0.3,15.3,2.5,0.0
2,2021-11-01 07:44:46,2021-11-01 08:01:57,1.0,3.4,1.0,N,231,161,1,14.0,0.0,0.5,3.46,0.0,0.3,20.76,2.5,0.0
2,2021-11-01 07:05:30,2021-11-01 08:13:05,2.0,17.5,2.0,N,132,163,1,52.0,0.0,0.5,15.78,6.55,0.3,78.88,2.5,1.25
2,2021-11-01 07:18:08,2021-11-01 07:26:08,1.0,2.38,1.0,N,65,79,1,9.5,0.0,0.5,2.2,0.0,0.3,15.0,2.5,0.0
2,2021-11-01 07:16:08,2021-11-01 07:26:01,1.0,1.1,1.0,N,100,170,2,8.0,0.0,0.5,0.0,0.0,0.3,11.3,2.5,0.0
2,2021-11-01 07:29:50,2021-11-01 07:34:26,1.0,1.13,1.0,N,170,161,1,5.5,0.0,0.5,1.76,0.0,0.3,10.56,2.5,0.0
2,2021-11-01 07:49:31,2021-11-01 08:27:26,1.0,16.53,2.0,N,170,132,1,52.0,0.0,0.5,9.28,6.55,0.3,71.13,2.5,0.0
2,2021-11-01 07:41:34,2021-11-01 07:51:53,1.0,1.63,1.0,N,140,161,1,9.0,0.0,0.5,1.0,0.0,0.3,13.3,2.5,0.0
2,2021-11-01 07:28:11,2021-11-01 07:50:41,1.0,4.8,1.0,N,52,231,1,18.0,0.0,0.5,5.57,6.55,0.3,33.42,2.5,0.0
2,2021-11-01 07:03:32,2021-11-01 07:16:45,2.0,3.78,1.0,N,140,42,1,14.0,0.0,0.5,3.46,0.0,0.3,20.76,2.5,0.0
2,2021-11-01 07:20:59,2021-11-01 07:42:14,2.0,3.48,1.0,N,41,236,2,15.0,0.0,0.5,0.0,0.0,0.3,18.3,2.5,0.0
2,2021-11-01 07:44:33,2021-11-01 07:50:40,2.0,0.8,1.0,N,236,236,1,6.0,0.0,0.5,1.86,0.0,0.3,11.16,2.5,0.0
2,2021-11-01 07:27:29,2021-11-01 08:38:08,2.0,17.47,2.0,N,132,162,1,52.0,0.0,0.5,12.62,6.55,0.3,75.72,2.5,1.25
1,2021-11-01 07:13:03,2021-11-01 07:23:10,1.0,1.8,1.0,N,48,237,1,9.0,2.5,0.5,2.45,0.0,0.3,14.75,2.5,0.0
1,2021-11-01 07:30:21,2021-11-01 07:38:57,1.0,1.4,1.0,N,162,233,2,7.5,2.5,0.5,0.0,0.0,0.3,10.8,2.5,0.0
1,2021-11-01 07:41:50,2021-11-01 07:57:55,1.0,2.6,1.0,N,233,50,1,12.5,2.5,0.5,3.15,0.0,0.3,18.95,2.5,0.0
1,2021-11-01 07:59:06,2021-11-01 08:17:15,1.0,2.7,1.0,N,50,170,1,13.5,2.5,0.5,3.36,0.0,0.3,20.16,2.5,0.0
1,2021-11-01 07:22:34,2021-11-01 07:27:06,1.0,0.9,1.0,N,141,236,2,5.0,2.5,0.5,0.0,0.0,0.3,8.3,2.5,0.0
1,2021-11-01 07:29:51,2021-11-01 07:30:51,1.0,0.3,1.0,N,236,236,1,3.0,2.5,0.5,1.85,0.0,0.3,8.15,2.5,0.0
1,2021-11-01 07:31:36,2021-11-01 07:34:23,1.0,0.8,1.0,N,236,141,1,4.5,2.5,0.5,1.0,0.0,0.3,8.8,2.5,0.0
1,2021-11-01 07:39:25,2021-11-01 07:43:50,1.0,1.2,1.0,N,140,236,2,6.0,2.5,0.5,0.0,0.0,0.3,9.3,2.5,0.0
1,2021-11-01 07:46:38,2021-11-01 07:49:13,2.0,0.8,1.0,N,236,237,1,4.5,2.5,0.5,1.56,0.0,0.3,9.36,2.5,0.0
1,2021-11-01 07:56:25,2021-11-01 08:07:24,1.0,1.1,1.0,N,237,236,1,8.0,2.5,0.5,1.0,0.0,0.3,12.3,2.5,0.0
2,2021-11-01 07:15:10,2021-11-01 07:23:51,1.0,1.69,1.0,N,238,75,1,8.5,0.0,0.5,2.0,0.0,0.3,13.8,2.5,0.0
2,2021-11-01 07:27:12,2021-11-01 07:33:14,1.0,0.99,1.0,N,75,263,1,6.0,0.0,0.5,1.4,0.0,0.3,10.7,2.5,0.0
1,2021-11-01 07:17:49,2021-11-01 07:27:41,1.0,2.2,1.0,N,262,238,2,9.5,2.5,0.5,0.0,0.0,0.3,12.8,2.5,0.0
1,2021-11-01 07:47:12,2021-11-01 08:02:41,1.0,2.7,1.0,N,68,4,1,12.0,2.5,0.5,0.0,0.0,0.3,15.3,2.5,0.0
2,2021-11-01 07:01:14,2021-11-01 07:06:01,1.0,1.23,1.0,N,141,263,1,6.0,0.0,0.5,1.86,0.0,0.3,11.16,2.5,0.0
2,2021-11-01 07:10:23,2021-11-01 07:18:28,1.0,1.43,1.0,N,263,237,1,7.5,0.0,0.5,2.16,0.0,0.3,12.96,2.5,0.0
2,2021-11-01 07:22:08,2021-11-01 07:27:49,1.0,1.75,1.0,N,237,75,2,7.0,0.0,0.5,0.0,0.0,0.3,10.3,2.5,0.0
2,2021-11-01 07:30:16,2021-11-01 07:42:00,1.0,1.78,1.0,N,75,262,1,9.5,0.0,0.5,2.56,0.0,0.3,15.36,2.5,0.0
2,2021-11-01 07:53:19,2021-11-01 08:03:31,1.0,1.77,1.0,N,237,161,1,8.5,0.0,0.5,1.77,0.0,0.3,13.57,2.5,0.0
2,2021-11-01 07:30:36,2021-11-01 07:44:45,1.0,2.36,1.0,N,141,142,1,11.5,0.0,0.5,2.96,0.0,0.3,17.76,2.5,0.0
2,2021-11-01 07:47:28,2021-11-01 08:07:03,1.0,3.01,1.0,N,142,143,1,14.5,0.0,0.5,3.56,0.0,0.3,21.36,2.5,0.0
1,2021-11-01 07:40:47,2021-11-01 07:49:23,2.0,1.3,1.0,N,231,113,1,7.5,2.5,0.5,0.0,0.0,0.3,10.8,2.5,0.0
1,2021-11-01 07:51:44,2021-11-01 08:18:17,1.0,5.7,1.0,N,79,188,2,22.0,2.5,0.5,0.0,0.0,0.3,25.3,2.5,0.0
2,2021-11-01 07:18:07,2021-11-01 07:24:55,1.0,1.27,1.0,N,113,164,1,7.0,0.0,0.5,2.06,0.0,0.3,12.36,2.5,0.0
2,2021-11-01 07:31:15,2021-11-01 07:42:57,1.0,2.74,1.0,N,137,236,1,10.5,0.0,0.5,2.76,0.0,0.3,16.56,2.5,0.0
2,2021-11-01 07:45:08,2021-11-01 07:57:00,1.0,1.83,1.0,N,263,229,1,9.5,0.0,0.5,2.56,0.0,0.3,15.36,2.5,0.0
2,2021-11-01 07:45:20,2021-11-01 08:01:36,1.0,3.87,1.0,N,231,230,1,15.0,0.0,0.5,2.0,0.0,0.3,20.3,2.5,0.0
1,2021-11-01 07:15:23,2021-11-01 08:25:34,2.0,10.9,1.0,N,132,61,1,48.5,1.25,0.5,1.0,0.0,0.3,51.55,0.0,1.25
1,2021-11-01 07:46:13,2021-11-01 07:55:23,1.0,1.6,1.0,N,162,107,1,8.0,2.5,0.5,2.25,0.0,0.3,13.55,2.5,0.0
1,2021-11-01 07:07:38,2021-11-01 07:14:06,1.0,1.1,1.0,N,48,90,1,6.5,2.5,0.5,2.45,0.0,0.3,12.25,2.5,0.0
1,2021-11-01 07:23:24,2021-11-01 07:31:45,1.0,2.0,1.0,N,234,161,1,8.5,2.5,0.5,2.35,0.0,0.3,14.15,2.5,0.0
1,2021-11-01 07:42:02,2021-11-01 07:48:08,3.0,1.0,1.0,N,237,140,1,6.0,2.5,0.5,1.0,0.0,0.3,10.3,2.5,0.0
1,2021-11-01 07:49:59,2021-11-01 07:57:25,1.0,1.1,1.0,N,140,236,1,6.5,2.5,0.5,1.47,0.0,0.3,11.27,2.5,0.0
2,2021-11-01 07:30:53,2021-11-01 07:43:27,1.0,5.14,1.0,N,138,252,2,16.0,0.0,0.5,0.0,0.0,0.3,18.05,0.0,1.25
2,2021-11-01 07:33:03,2021-11-01 07:41:44,1.0,1.99,1.0,N,141,161,1,8.5,0.0,0.5,2.95,0.0,0.3,14.75,2.5,0.0
2,2021-11-01 07:52:46,2021-11-01 08:02:42,1.0,0.95,1.0,N,237,236,1,8.0,0.0,0.5,1.7,0.0,0.3,13.0,2.5,0.0
1,2021-11-01 07:13:06,2021-11-01 08:20:35,1.0,19.4,2.0,Y,132,116,1,52.0,1.25,0.5,12.1,6.55,0.3,72.7,0.0,1.25
1,2021-11-01 07:01:13,2021-11-01 07:17:24,1.0,3.8,1.0,N,24,161,1,14.5,2.5,0.5,4.45,0.0,0.3,22.25,2.5,0.0
1,2021-11-01 07:28:34,2021-11-01 07:38:53,1.0,2.4,1.0,N,236,41,1,10.0,2.5,0.5,2.65,0.0,0.3,15.95,2.5,0.0
1,2021-11-01 07:40:50,2021-11-01 07:50:19,2.0,1.8,1.0,N,41,42,1,8.5,0.0,0.5,0.7,0.0,0.3,10.0,0.0,0.0
1,2021-11-01 07:18:37,2021-11-01 07:33:35,1.0,2.6,1.0,N,238,140,1,12.5,2.5,0.5,3.15,0.0,0.3,18.95,2.5,0.0
1,2021-11-01 07:39:45,2021-11-01 07:50:00,1.0,1.7,1.0,N,262,151,1,9.0,2.5,0.5,1.0,0.0,0.3,13.3,2.5,0.0
1,2021-11-01 07:52:15,2021-11-01 08:02:19,1.0,1.9,1.0,N,238,48,1,9.0,2.5,0.5,10.0,0.0,0.3,22.3,2.5,0.0
2,2021-11-01 07:22:13,2021-11-01 07:35:50,6.0,2.5,1.0,N,107,231,1,11.0,0.0,0.5,2.86,0.0,0.3,17.16,2.5,0.0
2,2021-11-01 07:43:46,2021-11-01 07:50:29,6.0,2.06,1.0,N,249,230,1,8.0,0.0,0.5,2.26,0.0,0.3,13.56,2.5,0.0
2,2021-11-01 07:59:02,2021-11-01 08:08:19,6.0,1.93,1.0,N,142,151,1,9.0,0.0,0.5,2.0,0.0,0.3,14.3,2.5,0.0
1,2021-11-01 07:17:12,2021-11-01 07:24:37,1.0,1.6,1.0,N,24,75,1,8.0,0.0,0.5,1.0,0.0,0.3,9.8,0.0,0.0
1,2021-11-01 07:35:14,2021-11-01 07:44:30,1.0,1.6,1.0,N,236,238,1,8.5,2.5,0.5,2.35,0.0,0.3,14.15,2.5,0.0
1,2021-11-01 07:51:01,2021-11-01 08:03:47,1.0,2.9,1.0,N,238,48,1,11.5,2.5,0.5,2.95,0.0,0.3,17.75,2.5,0.0
1,2021-11-01 07:17:35,2021-11-01 07:26:20,1.0,1.5,1.0,N,262,141,1,8.0,2.5,0.5,2.25,0.0,0.3,13.55,2.5,0.0
1,2021-11-01 07:38:27,2021-11-01 07:49:40,1.0,1.9,1.0,N,236,142,1,10.0,2.5,0.5,1.0,0.0,0.3,14.3,2.5,0.0
1,2021-11-01 07:53:16,2021-11-01 08:10:49,1.0,2.0,1.0,N,142,237,1,12.5,2.5,0.5,1.0,0.0,0.3,16.8,2.5,0.0
1,2021-11-01 07:10:15,2021-11-01 07:14:55,1.0,1.0,1.0,N,239,143,1,5.5,2.5,0.5,1.75,0.0,0.3,10.55,2.5,0.0
1,2021-11-01 07:42:23,2021-11-01 07:51:21,1.0,2.3,1.0,N,143,68,1,9.5,2.5,0.5,2.55,0.0,0.3,15.35,2.5,0.0
1,2021-11-01 07:55:57,2021-11-01 08:04:39,1.0,1.5,1.0,N,68,230,1,8.0,2.5,0.5,2.25,0.0,0.3,13.55,2.5,0.0
1,2021-11-01 07:09:23,2021-11-01 07:23:23,0.0,1.8,1.0,N,186,137,1,11.0,2.5,0.5,2.0,0.0,0.3,16.3,2.5,0.0
1,2021-11-01 07:32:32,2021-11-01 07:41:24,0.0,1.6,1.0,N,164,48,2,8.0,2.5,0.5,0.0,0.0,0.3,11.3,2.5,0.0
2,2021-11-01 07:16:37,2021-11-01 07:29:20,1.0,2.59,1.0,N,116,151,1,11.0,0.0,0.5,2.36,0.0,0.3,14.16,0.0,0.0
2,2021-11-01 07:31:06,2021-11-01 07:43:25,1.0,4.41,1.0,N,238,244,1,15.0,0.0,0.5,3.16,0.0,0.3,18.96,0.0,0.0
2,2021-11-01 07:51:55,2021-11-01 08:13:42,1.0,2.8,1.0,N,116,120,1,15.5,0.0,0.5,3.26,0.0,0.3,19.56,0.0,0.0
2,2021-11-01 07:43:18,2021-11-01 08:44:02,1.0,10.82,1.0,N,132,61,2,44.0,0.0,0.5,0.0,0.0,0.3,44.8,0.0,0.0
2,2021-11-01 07:07:27,2021-11-01 07:18:19,1.0,1.8,1.0,N,146,140,1,8.5,0.0,0.5,0.0,0.0,0.3,11.8,2.5,0.0
2,2021-11-01 07:29:30,2021-11-01 07:44:27,1.0,3.07,1.0,N,263,41,1,13.0,0.0,0.5,3.26,0.0,0.3,19.56,2.5,0.0
2,2021-11-01 07:48:56,2021-11-01 07:57:10,1.0,1.05,1.0,N,41,43,2,7.0,0.0,0.5,0.0,0.0,0.3,7.8,0.0,0.0
2,2021-11-01 06:59:59,2021-11-01 07:06:05,2.0,1.08,1.0,N,170,234,1,6.5,0.0,0.5,1.96,0.0,0.3,11.76,2.5,0.0
2,2021-11-01 07:15:27,2021-11-01 07:24:44,2.0,1.55,1.0,N,234,162,1,8.0,0.0,0.5,1.0,0.0,0.3,12.3,2.5,0.0
2,2021-11-01 07:28:13,2021-11-01 07:31:36,2.0,0.58,1.0,N,162,237,1,4.5,0.0,0.5,0.7,0.0,0.3,8.5,2.5,0.0
2,2021-11-01 07:32:54,2021-11-01 07:44:55,2.0,1.89,1.0,N,237,236,2,10.0,0.0,0.5,0.0,0.0,0.3,13.3,2.5,0.0
2,2021-11-01 07:47:21,2021-11-01 07:58:03,2.0,1.55,1.0,N,75,262,1,8.5,0.0,0.5,2.36,0.0,0.3,14.16,2.5,0.0
1,2021-11-01 07:01:35,2021-11-01 07:47:09,1.0,10.9,1.0,N,138,164,1,38.5,3.75,0.5,10.0,6.55,0.3,59.6,2.5,1.25
1,2021-11-01 07:57:49,2021-11-01 08:10:35,1.0,2.3,1.0,N,162,237,2,10.5,2.5,0.5,0.0,0.0,0.3,13.8,2.5,0.0
1,2021-11-01 07:10:47,2021-11-01 08:31:15,2.0,22.2,2.0,N,132,13,1,52.0,3.75,0.5,15.75,6.55,0.3,78.85,2.5,1.25
1,2021-11-01 07:20:42,2021-11-01 07:33:30,1.0,1.9,1.0,N,151,42,1,10.5,0.0,0.5,2.0,0.0,0.3,13.3,0.0,0.0
1,2021-11-01 07:49:47,2021-11-01 08:37:34,1.0,19.2,2.0,N,24,132,1,52.0,0.0,0.5,11.85,6.55,0.3,71.2,0.0,0.0
2,2021-11-01 07:19:47,2021-11-01 07:33:40,1.0,3.85,1.0,N,141,166,1,13.5,0.0,0.5,3.36,0.0,0.3,20.16,2.5,0.0
2,2021-11-01 07:13:17,2021-11-01 07:20:40,4.0,1.39,1.0,N,141,236,1,6.5,0.0,0.5,1.96,0.0,0.3,11.76,2.5,0.0
2,2021-11-01 07:21:36,2021-11-01 07:36:27,4.0,2.55,1.0,N,236,163,1,12.0,0.0,0.5,3.06,0.0,0.3,18.36,2.5,0.0
2,2021-11-01 07:58:23,2021-11-01 08:21:19,1.0,4.4,1.0,N,236,68,2,17.5,0.0,0.5,0.0,0.0,0.3,20.8,2.5,0.0
2,2021-11-01 07:23:02,2021-11-01 07:41:16,1.0,5.29,1.0,N,79,263,2,18.5,0.0,0.5,0.0,0.0,0.3,21.8,2.5,0.0
2,2021-11-01 07:45:24,2021-11-01 08:00:18,2.0,1.69,1.0,N,236,238,1,10.5,0.0,0.5,2.0,0.0,0.3,15.8,2.5,0.0
1,2021-11-01 07:12:11,2021-11-01 07:22:25,1.0,1.5,1.0,N,141,163,1,8.5,2.5,0.5,1.77,0.0,0.3,13.57,2.5,0.0
1,2021-11-01 07:31:48,2021-11-01 07:35:01,1.0,0.7,1.0,N,237,236,1,4.5,2.5,0.5,1.2,0.0,0.3,9.0,2.5,0.0
1,2021-11-01 07:40:44,2021-11-01 07:48:45,1.0,1.8,1.0,N,263,237,1,8.0,2.5,0.5,2.25,0.0,0.3,13.55,2.5,0.0
1,2021-11-01 07:59:01,2021-11-01 08:02:01,1.0,0.6,1.0,N,236,236,1,4.5,2.5,0.5,1.0,0.0,0.3,8.8,2.5,0.0
1,2021-11-01 07:36:42,2021-11-01 07:58:04,1.0,6.0,1.0,N,264,230,1,20.5,2.5,0.5,2.5,0.0,0.3,26.3,2.5,0.0
2,2021-11-01 07:56:35,2021-11-01 08:21:50,1.0,7.2,1.0,N,261,230,1,25.5,0.0,0.5,0.01,0.0,0.3,28.81,2.5,0.0
2,2021-11-01 07:38:31,2021-11-01 07:52:02,1.0,3.22,1.0,N,79,163,1,12.5,0.0,0.5,3.16,0.0,0.3,18.96,2.5,0.0
2,2021-11-01 07:04:23,2021-11-01 07:09:46,1.0,0.98,1.0,N,162,162,1,6.0,0.0,0.5,1.86,0.0,0.3,11.16,2.5,0.0
2,2021-11-01 07:18:51,2021-11-01 07:25:03,1.0,0.78,1.0,N,162,100,1,6.0,0.0,0.5,2.32,0.0,0.3,11.62,2.5,0.0
2,2021-11-01 07:27:11,2021-11-01 07:34:02,1.0,1.17,1.0,N,68,161,1,6.5,0.0,0.5,1.96,0.0,0.3,11.76,2.5,0.0
2,2021-11-01 07:43:18,2021-11-01 07:50:06,1.0,1.18,1.0,N,162,234,2,6.5,0.0,0.5,0.0,0.0,0.3,9.8,2.5,0.0
2,2021-11-01 07:56:57,2021-11-01 08:18:27,1.0,2.5,1.0,N,164,164,1,14.5,0.0,0.5,5.34,0.0,0.3,23.14,2.5,0.0
1,2021-11-01 07:34:48,2021-11-01 07:47:28,1.0,5.8,1.0,N,142,244,2,19.0,2.5,0.5,0.0,0.0,0.3,22.3,2.5,0.0
2,2021-11-01 07:57:57,2021-11-01 08:04:36,2.0,1.27,1.0,N,234,162,1,7.0,0.0,0.5,1.0,0.0,0.3,11.3,2.5,0.0
2,2021-11-01 07:11:08,2021-11-01 07:12:56,1.0,0.34,1.0,N,48,48,1,3.5,0.0,0.5,2.04,0.0,0.3,8.84,2.5,0.0
2,2021-11-01 07:16:32,2021-11-01 07:27:35,1.0,2.26,1.0,N,48,107,1,10.0,0.0,0.5,2.66,0.0,0.3,15.96,2.5,0.0
2,2021-11-01 07:31:12,2021-11-01 07:42:41,1.0,3.04,1.0,N,107,236,1,11.5,0.0,0.5,2.96,0.0,0.3,17.76,2.5,0.0
2,2021-11-01 07:44:30,2021-11-01 07:46:42,1.0,0.43,1.0,N,236,236,1,3.5,0.0,0.5,0.0,0.0,0.3,6.8,2.5,0.0
2,2021-11-01 07:48:30,2021-11-01 07:59:02,1.0,2.25,1.0,N,236,230,1,10.0,0.0,0.5,2.66,0.0,0.3,15.96,2.5,0.0
2,2021-11-01 07:02:28,2021-11-01 08:03:21,1.0,14.99,1.0,N,132,7,1,49.5,0.0,0.5,10.06,0.0,0.3,61.61,0.0,1.25
2,2021-11-01 07:46:52,2021-11-01 08:10:42,1.0,7.61,1.0,N,40,233,1,24.5,0.0,0.5,4.17,0.0,0.3,31.97,2.5,0.0
2,2021-11-01 06:52:24,2021-11-01 07:10:50,4.0,2.62,1.0,N,79,231,1,14.0,0.0,0.5,3.0,0.0,0.3,20.3,2.5,0.0
2,2021-11-01 07:12:11,2021-11-01 07:41:17,4.0,11.78,1.0,N,231,127,1,36.0,0.0,0.5,7.86,0.0,0.3,47.16,2.5,0.0
2,2021-11-01 07:17:25,2021-11-01 07:33:11,1.0,4.32,1.0,N,13,230,1,15.5,0.0,0.5,3.0,0.0,0.3,21.8,2.5,0.0
2,2021-11-01 07:52:20,2021-11-01 07:54:44,1.0,0.76,1.0,N,170,107,1,4.5,0.0,0.5,1.56,0.0,0.3,9.36,2.5,0.0
2,2021-11-01 07:44:38,2021-11-01 08:04:45,5.0,4.07,1.0,N,148,230,2,16.0,0.0,0.5,0.0,0.0,0.3,19.3,2.5,0.0
2,2021-11-01 07:04:46,2021-11-01 07:11:17,1.0,1.22,1.0,N,237,162,1,6.5,0.0,0.5,0.0,0.0,0.3,9.8,2.5,0.0
2,2021-11-01 07:28:29,2021-11-01 07:45:30,1.0,3.39,1.0,N,237,246,1,14.0,0.0,0.5,2.0,0.0,0.3,19.3,2.5,0.0
2,2021-11-01 07:52:01,2021-11-01 08:18:04,1.0,4.51,1.0,N,246,75,1,20.5,0.0,0.5,2.2,0.0,0.3,26.0,2.5,0.0
2,2021-11-01 07:26:46,2021-11-01 07:33:16,1.0,1.12,1.0,N,41,152,1,6.5,0.0,0.5,1.46,0.0,0.3,8.76,0.0,0.0
2,2021-11-01 07:44:39,2021-11-01 07:56:47,1.0,2.91,1.0,N,151,48,2,11.5,0.0,0.5,0.0,0.0,0.3,14.8,2.5,0.0
2,2021-11-01 07:13:14,2021-11-01 07:19:40,1.0,2.19,1.0,N,263,162,1,8.0,0.0,0.5,2.26,0.0,0.3,13.56,2.5,0.0
2,2021-11-01 07:30:04,2021-11-01 07:43:41,1.0,2.61,1.0,N,236,230,1,11.5,0.0,0.5,2.66,0.0,0.3,17.46,2.5,0.0
2,2021-11-01 07:46:51,2021-11-01 07:59:39,1.0,1.92,1.0,N,186,162,1,10.0,0.0,0.5,3.33,0.0,0.3,16.63,2.5,0.0
2,2021-11-01 07:48:20,2021-11-01 08:03:05,1.0,2.03,1.0,N,186,249,2,11.0,0.0,0.5,0.0,0.0,0.3,14.3,2.5,0.0
2,2021-11-01 07:14:45,2021-11-01 07:34:07,1.0,3.73,1.0,N,113,140,1,15.5,0.0,0.5,3.76,0.0,0.3,22.56,2.5,0.0
2,2021-11-01 07:35:08,2021-11-01 07:46:15,1.0,3.32,1.0,N,140,107,2,12.0,0.0,0.5,0.0,0.0,0.3,15.3,2.5,0.0
2,2021-11-01 07:52:19,2021-11-01 07:59:17,1.0,1.49,1.0,N,107,162,1,7.0,0.0,0.5,1.25,0.0,0.3,11.55,2.5,0.0
2,2021-11-01 06:58:49,2021-11-01 07:07:40,1.0,1.87,1.0,N,107,230,1,8.5,0.0,0.5,2.0,0.0,0.3,13.8,2.5,0.0
2,2021-11-01 07:11:14,2021-11-01 07:17:02,1.0,1.1,1.0,N,186,161,2,6.0,0.0,0.5,0.0,0.0,0.3,9.3,2.5,0.0
2,2021-11-01 07:18:16,2021-11-01 07:23:10,1.0,1.35,1.0,N,163,236,1,6.5,0.0,0.5,1.96,0.0,0.3,11.76,2.5,0.0
2,2021-11-01 07:29:09,2021-11-01 07:45:11,1.0,3.38,1.0,N,236,163,1,13.5,0.0,0.5,3.36,0.0,0.3,20.16,2.5,0.0
2,2021-11-01 07:47:12,2021-11-01 07:51:02,1.0,0.62,1.0,N,163,50,1,4.5,0.0,0.5,1.0,0.0,0.3,8.8,2.5,0.0
2,2021-11-01 07:55:14,2021-11-01 08:01:33,1.0,0.67,1.0,N,50,163,1,6.0,0.0,0.5,0.93,0.0,0.3,10.23,2.5,0.0
2,2021-11-01 07:04:20,2021-11-01 07:22:30,1.0,4.04,1.0,N,162,13,1,16.0,0.0,0.5,1.0,0.0,0.3,20.3,2.5,0.0
1,2021-11-01 07:10:26,2021-11-01 07:16:47,1.0,1.6,1.0,N,236,43,1,7.0,2.5,0.5,1.0,0.0,0.3,11.3,2.5,0.0
1,2021-11-01 07:19:04,2021-11-01 07:25:54,1.0,1.2,1.0,N,43,237,1,7.0,2.5,0.5,2.58,0.0,0.3,12.88,2.5,0.0
1,2021-11-01 07:30:26,2021-11-01 07:37:35,1.0,0.8,1.0,N,237,140,1,6.5,2.5,0.5,1.95,0.0,0.3,11.75,2.5,0.0
1,2021-11-01 07:43:42,2021-11-01 07:51:08,1.0,2.1,1.0,N,140,161,1,8.5,2.5,0.5,1.7,0.0,0.3,13.5,2.5,0.0
2,2021-11-01 07:27:30,2021-11-01 07:34:42,1.0,1.24,1.0,N,50,230,1,7.0,0.0,0.5,2.06,0.0,0.3,12.36,2.5,0.0
2,2021-11-01 07:37:33,2021-11-01 08:20:07,1.0,17.21,2.0,N,230,132,2,52.0,0.0,0.5,0.0,6.55,0.3,61.85,2.5,0.0
2,2021-11-01 07:05:30,2021-11-01 07:09:45,1.0,1.53,1.0,N,90,230,1,6.5,0.0,0.5,1.96,0.0,0.3,11.76,2.5,0.0
2,2021-11-01 07:16:17,2021-11-01 07:27:11,1.0,2.9,1.0,N,237,233,1,11.5,0.0,0.5,1.0,0.0,0.3,15.8,2.5,0.0
1,2021-11-01 07:38:22,2021-11-01 07:44:18,1.0,0.7,1.0,N,170,100,1,5.5,2.5,0.5,1.75,0.0,0.3,10.55,2.5,0.0
2,2021-11-01 07:46:53,2021-11-01 07:55:33,1.0,2.64,1.0,N,132,10,1,10.0,0.0,0.5,2.7,0.0,0.3,14.75,0.0,1.25
2,2021-11-01 07:51:59,2021-11-01 08:02:58,2.0,1.37,1.0,N,237,262,1,8.5,0.0,0.5,2.0,0.0,0.3,13.8,2.5,0.0
1,2021-11-01 07:24:30,2021-11-01 07:32:06,1.0,2.7,1.0,N,262,170,1,10.0,2.5,0.5,2.65,0.0,0.3,15.95,2.5,0.0
1,2021-11-01 07:34:37,2021-11-01 07:45:18,1.0,1.4,1.0,N,229,163,1,8.5,2.5,0.5,3.5,0.0,0.3,15.3,2.5,0.0
1,2021-11-01 07:53:44,2021-11-01 08:06:09,2.0,1.5,1.0,N,237,75,1,10.0,2.5,0.5,1.33,0.0,0.3,14.63,2.5,0.0
1,2021-11-01 07:20:49,2021-11-01 07:31:48,0.0,1.0,1.0,N,151,166,2,7.0,0.0,0.5,0.0,0.0,0.3,7.8,0.0,0.0
1,2021-11-01 07:36:05,2021-11-01 07:39:07,0.0,0.3,1.0,N,24,24,2,4.0,0.0,0.5,0.0,0.0,0.3,4.8,0.0,0.0
2,2021-11-01 07:06:21,2021-11-01 07:10:58,1.0,0.74,1.0,N,141,140,1,5.0,0.0,0.5,1.0,0.0,0.3,9.3,2.5,0.0
2,2021-11-01 07:14:30,2021-11-01 07:23:36,1.0,2.57,1.0,N,262,162,1,10.0,0.0,0.5,3.32,0.0,0.3,16.62,2.5,0.0
2,2021-11-01 07:28:11,2021-11-01 07:38:33,1.0,1.94,1.0,N,107,231,1,9.0,0.0,0.5,2.46,0.0,0.3,14.76,2.5,0.0
2,2021-11-01 07:41:14,2021-11-01 07:55:27,1.0,3.51,1.0,N,231,161,1,13.5,0.0,0.5,3.36,0.0,0.3,20.16,2.5,0.0
2,2021-11-01 07:02:08,2021-11-01 07:16:14,1.0,8.27,1.0,N,262,231,1,24.0,0.0,0.5,4.0,0.0,0.3,31.3,2.5,0.0
2,2021-11-01 07:49:34,2021-11-01 08:16:38,2.0,10.32,1.0,N,237,138,1,31.5,0.0,0.5,10.34,6.55,0.3,51.69,2.5,0.0
2,2021-11-01 07:54:44,2021-11-01 07:57:27,1.0,0.46,1.0,N,42,42,1,4.0,0.0,0.5,0.96,0.0,0.3,5.76,0.0,0.0
2,2021-11-01 07:45:34,2021-11-01 08:21:51,4.0,7.09,1.0,N,114,158,1,28.0,0.0,0.5,6.26,0.0,0.3,37.56,2.5,0.0
2,2021-11-01 07:13:59,2021-11-01 07:21:37,1.0,1.33,1.0,N,186,163,1,7.0,0.0,0.5,2.06,0.0,0.3,12.36,2.5,0.0
2,2021-11-01 07:27:21,2021-11-01 07:30:09,1.0,0.46,1.0,N,161,161,1,4.0,0.0,0.5,3.0,0.0,0.3,10.3,2.5,0.0
2,2021-11-01 07:09:44,2021-11-01 07:44:47,1.0,9.36,1.0,N,132,192,2,32.5,0.0,0.5,0.0,0.0,0.3,34.55,0.0,1.25
1,2021-11-01 07:20:15,2021-11-01 07:50:33,1.0,12.3,1.0,N,138,186,1,35.5,3.75,0.5,9.3,6.55,0.3,55.9,2.5,1.25
1,2021-11-01 07:51:39,2021-11-01 08:03:24,1.0,2.0,1.0,N,186,162,1,10.0,2.5,0.5,2.65,0.0,0.3,15.95,2.5,0.0
2,2021-11-01 07:38:50,2021-11-01 08:02:54,1.0,6.75,1.0,N,138,255,1,22.0,0.0,0.5,4.81,0.0,0.3,28.86,0.0,1.25
2,2021-11-01 07:54:22,2021-11-01 08:02:33,1.0,1.39,1.0,N,116,42,1,7.5,0.0,0.5,1.0,0.0,0.3,9.3,0.0,0.0
2,2021-11-01 07:12:09,2021-11-01 07:19:04,1.0,0.93,1.0,N,186,161,1,6.0,0.0,0.5,1.86,0.0,0.3,11.16,2.5,0.0
2,2021-11-01 07:27:08,2021-11-01 07:33:25,1.0,1.02,1.0,N,186,170,2,6.0,0.0,0.5,0.0,0.0,0.3,9.3,2.5,0.0
2,2021-11-01 07:39:06,2021-11-01 07:45:22,1.0,1.17,1.0,N,186,161,1,6.0,0.0,0.5,1.86,0.0,0.3,11.16,2.5,0.0
2,2021-11-01 07:52:36,2021-11-01 07:56:03,1.0,0.84,1.0,N,186,246,1,4.5,0.0,0.5,1.56,0.0,0.3,9.36,2.5,0.0
2,2021-11-01 07:35:19,2021-11-01 08:15:00,2.0,10.64,1.0,N,151,138,1,38.0,0.0,0.5,11.96,6.55,0.3,59.81,2.5,0.0
1,2021-11-01 07:22:06,2021-11-01 07:29:03,1.0,2.2,1.0,N,141,75,1,8.0,3.0,0.5,2.0,0.0,0.3,13.8,2.5,0.0
1,2021-11-01 07:38:38,2021-11-01 07:52:44,1.0,2.6,1.0,N,236,170,1,12.0,2.5,0.5,3.05,0.0,0.3,18.35,2.5,0.0
1,2021-11-01 07:53:40,2021-11-01 07:56:43,1.0,0.7,1.0,N,170,100,1,4.5,2.5,0.5,1.55,0.0,0.3,9.35,2.5,0.0
1,2021-11-01 07:06:45,2021-11-01 07:24:42,1.0,4.2,1.0,N,249,140,2,15.5,2.5,0.5,0.0,0.0,0.3,18.8,2.5,0.0
1,2021-11-01 07:31:16,2021-11-01 07:41:50,1.0,7.0,1.0,N,140,88,1,20.0,2.5,0.5,2.0,0.0,0.3,25.3,2.5,0.0
1,2021-11-01 07:44:04,2021-11-01 08:06:54,1.0,7.1,1.0,N,87,263,1,23.5,2.5,0.5,5.35,0.0,0.3,32.15,2.5,0.0
2,2021-11-01 07:04:43,2021-11-01 07:32:14,5.0,5.05,1.0,N,140,145,1,20.5,0.0,0.5,3.0,6.55,0.3,33.35,2.5,0.0
2,2021-11-01 07:25:38,2021-11-01 07:42:06,1.0,3.88,1.0,N,226,237,2,15.0,0.0,0.5,0.0,0.0,0.3,18.3,2.5,0.0
2,2021-11-01 07:47:07,2021-11-01 07:54:46,1.0,0.86,1.0,N,236,263,1,6.5,0.0,0.5,1.96,0.0,0.3,11.76,2.5,0.0
2,2021-11-01 07:00:39,2021-11-01 07:04:06,1.0,0.58,1.0,N,141,237,1,4.5,0.0,0.5,1.56,0.0,0.3,9.36,2.5,0.0
2,2021-11-01 07:14:52,2021-11-01 07:21:00,1.0,0.76,1.0,N,186,164,1,5.5,0.0,0.5,2.2,0.0,0.3,11.0,2.5,0.0
2,2021-11-01 07:27:01,2021-11-01 07:34:22,1.0,1.06,1.0,N,186,170,1,6.5,0.0,0.5,2.94,0.0,0.3,12.74,2.5,0.0
2,2021-11-01 07:42:09,2021-11-01 08:08:13,1.0,4.0,1.0,N,186,75,1,17.5,0.0,0.5,5.2,0.0,0.3,26.0,2.5,0.0
1,2021-11-01 07:32:51,2021-11-01 07:39:46,1.0,1.8,1.0,N,113,161,1,7.5,2.5,0.5,1.0,0.0,0.3,11.8,2.5,0.0
1,2021-11-01 07:43:39,2021-11-01 07:50:46,1.0,1.6,1.0,N,161,142,1,7.5,2.5,0.5,2.15,0.0,0.3,12.95,2.5,0.0
1,2021-11-01 07:55:41,2021-11-01 08:05:56,1.0,1.6,1.0,N,43,161,1,9.0,2.5,0.5,2.45,0.0,0.3,14.75,2.5,0.0
1,2021-11-01 07:02:49,2021-11-01 08:07:58,1.0,17.0,2.0,N,132,137,2,52.0,3.75,0.5,0.0,0.0,0.3,56.55,2.5,1.25
1,2021-11-01 07:10:10,2021-11-01 07:13:34,1.0,0.7,1.0,N,75,236,1,4.5,2.5,0.5,1.0,0.0,0.3,8.8,2.5,0.0
1,2021-11-01 07:16:29,2021-11-01 07:19:17,1.0,0.6,1.0,N,236,237,1,4.0,2.5,0.5,0.0,0.0,0.3,7.3,2.5,0.0
1,2021-11-01 07:41:54,2021-11-01 07:47:09,1.0,0.9,1.0,Y,141,237,1,5.5,2.5,0.5,1.75,0.0,0.3,10.55,2.5,0.0
1,2021-11-01 07:17:42,2021-11-01 08:27:40,1.0,17.3,2.0,N,132,100,1,52.0,3.75,0.5,7.0,6.55,0.3,70.1,2.5,1.25
2,2021-11-01 07:29:44,2021-11-01 07:53:31,1.0,4.63,1.0,N,226,100,2,18.5,0.0,0.5,0.0,0.0,0.3,21.8,2.5,0.0
2,2021-11-01 07:02:25,2021-11-01 07:16:46,1.0,1.64,1.0,N,43,140,2,10.5,0.0,0.5,0.0,0.0,0.3,13.8,2.5,0.0
2,2021-11-01 07:18:24,2021-11-01 07:32:11,1.0,1.72,1.0,N,140,162,1,10.0,0.0,0.5,2.66,0.0,0.3,15.96,2.5,0.0
2,2021-11-01 07:44:03,2021-11-01 07:54:17,1.0,1.59,1.0,N,162,142,1,8.5,0.0,0.5,2.0,0.0,0.3,13.8,2.5,0.0
2,2021-11-01 07:25:00,2021-11-01 07:39:38,1.0,2.1,1.0,N,24,42,2,11.5,0.0,0.5,0.0,0.0,0.3,12.3,0.0,0.0
2,2021-11-01 07:58:13,2021-11-01 08:29:49,1.0,3.59,1.0,N,24,141,1,20.0,0.0,0.5,5.83,0.0,0.3,29.13,2.5,0.0
2,2021-11-01 07:21:02,2021-11-01 07:21:26,2.0,0.0,1.0,N,193,193,1,2.5,0.0,0.5,0.01,0.0,0.3,3.31,0.0,0.0
2,2021-11-01 07:53:45,2021-11-01 08:11:23,3.0,2.29,1.0,N,141,43,1,13.0,0.0,0.5,3.26,0.0,0.3,19.56,2.5,0.0
1,2021-11-01 07:00:24,2021-11-01 07:00:36,1.0,0.0,1.0,N,108,108,1,0.0,0.0,0.0,0.0,0.0,0.0,0.0,0.0,0.0
1,2021-11-01 07:44:08,2021-11-01 09:08:52,1.0,0.0,1.0,N,139,140,1,46.2,0.0,0.5,0.0,6.55,0.3,53.55,0.0,0.0
2,2021-11-01 07:39:45,2021-11-01 07:48:31,1.0,1.85,1.0,N,230,107,2,8.5,0.0,0.5,0.0,0.0,0.3,11.8,2.5,0.0
2,2021-11-01 07:51:53,2021-11-01 08:02:30,1.0,2.11,1.0,N,107,163,1,9.5,0.0,0.5,2.56,0.0,0.3,15.36,2.5,0.0
2,2021-11-01 07:05:34,2021-11-01 07:10:14,1.0,0.98,1.0,N,100,161,1,5.5,0.0,0.5,2.2,0.0,0.3,11.0,2.5,0.0
2,2021-11-01 07:13:14,2021-11-01 07:31:02,2.0,6.27,1.0,N,162,231,1,21.0,0.0,0.5,2.43,0.0,0.3,26.73,2.5,0.0
2,2021-11-01 07:52:57,2021-11-01 08:06:42,1.0,2.43,1.0,N,249,161,1,11.5,0.0,0.5,2.96,0.0,0.3,17.76,2.5,0.0
2,2021-11-01 07:23:59,2021-11-01 07:29:29,1.0,1.58,1.0,N,142,161,1,7.0,0.0,0.5,2.06,0.0,0.3,12.36,2.5,0.0
2,2021-11-01 07:33:58,2021-11-01 07:46:20,1.0,2.0,1.0,N,161,236,1,10.0,0.0,0.5,1.0,0.0,0.3,14.3,2.5,0.0
2,2021-11-01 07:48:36,2021-11-01 07:54:48,1.0,1.97,1.0,N,236,161,1,7.5,0.0,0.5,1.62,0.0,0.3,12.42,2.5,0.0
1,2021-11-01 07:27:12,2021-11-01 07:43:46,1.0,4.2,1.0,N,263,116,2,16.0,2.5,0.5,0.0,0.0,0.3,19.3,2.5,0.0
1,2021-11-01 07:47:11,2021-11-01 08:05:02,1.0,2.9,1.0,N,116,238,2,13.5,2.5,0.5,0.0,0.0,0.3,16.8,2.5,0.0
2,2021-11-01 07:25:18,2021-11-01 07:27:58,1.0,0.51,1.0,N,141,140,1,4.0,0.0,0.5,1.7,0.0,0.3,9.0,2.5,0.0
2,2021-11-01 07:34:12,2021-11-01 07:49:25,1.0,3.96,1.0,N,140,234,2,15.5,0.0,0.5,0.0,0.0,0.3,18.8,2.5,0.0
1,2021-11-01 07:02:27,2021-11-01 07:10:15,1.0,0.9,1.0,N,186,164,1,6.5,2.5,0.5,1.0,0.0,0.3,10.8,2.5,0.0
1,2021-11-01 07:17:54,2021-11-01 07:26:41,1.0,1.3,1.0,N,186,162,1,7.5,2.5,0.5,2.7,0.0,0.3,13.5,2.5,0.0
1,2021-11-01 07:34:38,2021-11-01 07:46:31,1.0,2.6,1.0,N,48,141,1,11.0,2.5,0.5,2.0,0.0,0.3,16.3,2.5,0.0
1,2021-11-01 07:49:54,2021-11-01 07:59:37,1.0,1.8,1.0,N,140,161,1,8.5,2.5,0.5,2.35,0.0,0.3,14.15,2.5,0.0
1,2021-11-01 07:23:26,2021-11-01 07:36:21,1.0,1.7,1.0,N,230,186,1,10.0,2.5,0.5,2.65,0.0,0.3,15.95,2.5,0.0
1,2021-11-01 07:53:52,2021-11-01 08:06:49,1.0,0.8,1.0,N,141,140,2,9.0,2.5,0.5,0.0,0.0,0.3,12.3,2.5,0.0
2,2021-11-01 07:28:06,2021-11-01 07:34:09,1.0,1.17,1.0,N,137,164,1,6.0,0.0,0.5,0.46,0.0,0.3,9.76,2.5,0.0
2,2021-11-01 07:40:57,2021-11-01 07:48:42,1.0,1.1,1.0,N,163,161,1,6.5,0.0,0.5,1.96,0.0,0.3,11.76,2.5,0.0
2,2021-11-01 07:20:37,2021-11-01 07:30:50,1.0,1.62,1.0,N,161,236,1,8.5,0.0,0.5,2.36,0.0,0.3,14.16,2.5,0.0
2,2021-11-01 07:35:28,2021-11-01 07:38:36,1.0,0.66,1.0,N,236,236,1,4.5,0.0,0.5,0.6,0.0,0.3,8.4,2.5,0.0
2,2021-11-01 07:39:24,2021-11-01 07:48:18,1.0,1.45,1.0,N,236,239,1,8.0,0.0,0.5,2.26,0.0,0.3,13.56,2.5,0.0
2,2021-11-01 07:50:04,2021-11-01 07:59:45,1.0,1.83,1.0,N,239,43,1,8.5,0.0,0.5,2.36,0.0,0.3,14.16,2.5,0.0
1,2021-11-01 07:19:50,2021-11-01 07:48:01,1.0,4.5,1.0,N,113,236,1,21.0,2.5,0.5,4.86,0.0,0.3,29.16,2.5,0.0
1,2021-11-01 07:49:55,2021-11-01 08:02:00,1.0,2.1,1.0,N,236,41,1,10.0,0.0,0.5,3.2,0.0,0.3,14.0,0.0,0.0
1,2021-11-01 07:43:49,2021-11-01 07:56:36,1.0,4.2,1.0,N,138,260,2,14.0,1.25,0.5,0.0,0.0,0.3,16.05,0.0,1.25
2,2021-11-01 07:08:51,2021-11-01 07:22:36,1.0,2.53,1.0,N,68,4,1,11.0,0.0,0.5,3.58,0.0,0.3,17.88,2.5,0.0
2,2021-11-01 07:57:43,2021-11-01 08:04:25,1.0,1.5,1.0,N,142,161,1,7.0,0.0,0.5,2.06,0.0,0.3,12.36,2.5,0.0
2,2021-11-01 07:39:14,2021-11-01 07:50:01,1.0,2.61,1.0,N,234,13,1,10.5,0.0,0.5,2.76,0.0,0.3,16.56,2.5,0.0
2,2021-11-01 07:55:55,2021-11-01 08:00:10,1.0,0.88,1.0,N,13,12,1,5.5,0.0,0.5,2.2,0.0,0.3,11.0,2.5,0.0
2,2021-11-01 07:05:37,2021-11-01 07:11:05,1.0,0.83,1.0,N,237,140,1,5.5,0.0,0.5,1.76,0.0,0.3,10.56,2.5,0.0
2,2021-11-01 07:13:16,2021-11-01 07:32:43,1.0,3.69,1.0,N,140,151,1,15.5,0.0,0.5,5.64,0.0,0.3,24.44,2.5,0.0
2,2021-11-01 07:36:52,2021-11-01 07:43:01,1.0,1.37,1.0,N,238,143,1,7.0,0.0,0.5,1.0,0.0,0.3,11.3,2.5,0.0
2,2021-11-01 07:51:55,2021-11-01 08:03:56,1.0,1.69,1.0,N,143,238,1,10.0,0.0,0.5,1.5,0.0,0.3,14.8,2.5,0.0
2,2021-11-01 07:10:30,2021-11-01 07:27:07,1.0,4.64,1.0,N,142,231,1,15.5,0.0,0.5,3.76,0.0,0.3,22.56,2.5,0.0
2,2021-11-01 07:29:21,2021-11-01 07:44:02,1.0,3.62,1.0,N,231,230,1,13.5,0.0,0.5,3.36,0.0,0.3,20.16,2.5,0.0
2,2021-11-01 07:55:26,2021-11-01 08:01:14,1.0,1.06,1.0,N,48,100,1,6.0,0.0,0.5,1.0,0.0,0.3,10.3,2.5,0.0
2,2021-11-01 07:53:56,2021-11-01 08:49:07,1.0,16.94,1.0,N,138,231,1,50.0,0.0,0.5,12.22,6.55,0.3,73.32,2.5,1.25
1,2021-11-01 07:10:11,2021-11-01 07:55:30,2.0,20.5,2.0,N,238,132,1,52.0,2.5,0.5,15.45,6.55,0.3,77.3,2.5,0.0
2,2021-11-01 07:12:21,2021-11-01 07:29:42,1.0,3.07,1.0,N,234,13,1,14.0,0.0,0.5,1.73,0.0,0.3,19.03,2.5,0.0
2,2021-11-01 07:56:00,2021-11-01 08:06:23,1.0,2.09,1.0,N,79,233,1,9.0,0.0,0.5,1.0,0.0,0.3,13.3,2.5,0.0
2,2021-11-01 07:24:59,2021-11-01 07:32:42,1.0,1.67,1.0,N,100,230,1,7.5,0.0,0.5,3.24,0.0,0.3,14.04,2.5,0.0
2,2021-11-01 07:35:08,2021-11-01 07:40:55,1.0,1.24,1.0,N,170,162,1,6.5,0.0,0.5,2.94,0.0,0.3,12.74,2.5,0.0
2,2021-11-01 07:42:44,2021-11-01 07:48:34,1.0,0.87,1.0,N,162,237,1,6.0,0.0,0.5,1.86,0.0,0.3,11.16,2.5,0.0
2,2021-11-01 07:50:23,2021-11-01 08:02:31,1.0,1.8,1.0,N,236,142,1,10.0,0.0,0.5,2.0,0.0,0.3,15.3,2.5,0.0
1,2021-11-01 07:20:14,2021-11-01 07:36:35,1.0,8.5,1.0,N,263,138,1,24.5,2.5,0.5,5.0,6.55,0.3,39.35,2.5,0.0
2,2021-11-01 07:39:02,2021-11-01 08:53:30,1.0,20.02,2.0,N,132,244,1,52.0,0.0,0.5,2.4,6.55,0.3,63.0,0.0,1.25
2,2021-11-01 07:24:53,2021-11-01 07:30:49,1.0,1.39,1.0,N,100,163,2,6.5,0.0,0.5,0.0,0.0,0.3,9.8,2.5,0.0
2,2021-11-01 07:38:43,2021-11-01 08:04:42,1.0,10.26,1.0,N,237,138,1,32.0,0.0,0.5,8.37,6.55,0.3,50.22,2.5,0.0
1,2021-11-01 07:20:28,2021-11-01 07:29:21,1.0,1.9,1.0,N,143,68,1,8.5,3.0,0.5,1.0,0.0,0.3,13.3,2.5,0.0
1,2021-11-01 07:30:32,2021-11-01 07:35:58,1.0,0.8,1.0,N,68,68,2,5.5,3.0,0.5,0.0,0.0,0.3,9.3,2.5,0.0
1,2021-11-01 07:41:13,2021-11-01 07:47:55,1.0,0.6,1.0,N,186,246,1,6.0,3.0,0.5,1.95,0.0,0.3,11.75,2.5,0.0
1,2021-11-01 07:54:59,2021-11-01 08:15:19,1.0,3.2,1.0,N,68,231,1,15.5,3.0,0.5,4.83,0.0,0.3,24.13,2.5,0.0
1,2021-11-01 07:11:43,2021-11-01 07:22:54,1.0,2.1,1.0,Y,238,140,1,10.0,2.5,0.5,2.0,0.0,0.3,15.3,2.5,0.0
1,2021-11-01 07:29:42,2021-11-01 07:43:13,1.0,2.4,1.0,N,263,238,1,11.0,2.5,0.5,2.15,0.0,0.3,16.45,2.5,0.0
1,2021-11-01 07:46:01,2021-11-01 08:03:57,2.0,2.9,1.0,N,238,140,1,14.0,2.5,0.5,2.1,0.0,0.3,19.4,2.5,0.0
2,2021-11-01 07:30:26,2021-11-01 07:42:59,1.0,1.95,1.0,N,246,161,1,10.0,0.0,0.5,2.66,0.0,0.3,15.96,2.5,0.0
2,2021-11-01 07:02:04,2021-11-01 07:12:45,1.0,2.36,1.0,N,163,249,1,10.0,0.0,0.5,2.66,0.0,0.3,15.96,2.5,0.0
2,2021-11-01 07:21:10,2021-11-01 07:26:32,1.0,0.6,1.0,N,234,107,1,5.0,0.0,0.5,1.66,0.0,0.3,9.96,2.5,0.0
2,2021-11-01 07:29:20,2021-11-01 07:37:07,1.0,2.24,1.0,N,236,161,1,8.5,0.0,0.5,2.36,0.0,0.3,14.16,2.5,0.0
2,2021-11-01 07:39:27,2021-11-01 07:50:59,1.0,1.8,1.0,N,161,246,1,9.5,0.0,0.5,2.56,0.0,0.3,15.36,2.5,0.0
1,2021-11-01 07:04:39,2021-11-01 07:11:54,1.0,1.1,1.0,N,161,68,2,7.0,2.5,0.5,0.0,0.0,0.3,10.3,2.5,0.0
1,2021-11-01 07:16:48,2021-11-01 07:29:35,1.0,1.4,1.0,N,48,170,2,9.5,2.5,0.5,0.0,0.0,0.3,12.8,2.5,0.0
1,2021-11-01 07:30:48,2021-11-01 07:42:19,1.0,5.5,1.0,N,137,13,1,17.0,2.5,0.5,3.05,0.0,0.3,23.35,2.5,0.0
1,2021-11-01 07:49:28,2021-11-01 08:02:48,1.0,3.2,1.0,N,231,164,1,12.5,2.5,0.5,3.15,0.0,0.3,18.95,2.5,0.0
1,2021-11-01 07:04:33,2021-11-01 07:11:47,1.0,2.2,1.0,N,158,230,1,8.5,2.5,0.5,2.35,0.0,0.3,14.15,2.5,0.0
1,2021-11-01 07:16:14,2021-11-01 07:22:32,1.0,1.0,1.0,N,48,161,1,6.0,2.5,0.5,1.85,0.0,0.3,11.15,2.5,0.0
1,2021-11-01 07:37:21,2021-11-01 07:55:58,1.0,2.7,1.0,N,48,140,2,14.0,2.5,0.5,0.0,0.0,0.3,17.3,2.5,0.0
1,2021-11-01 07:58:58,2021-11-01 08:06:23,1.0,1.0,1.0,N,140,236,2,6.5,2.5,0.5,0.0,0.0,0.3,9.8,2.5,0.0
1,2021-11-01 07:29:26,2021-11-01 07:45:53,1.0,5.6,1.0,N,229,88,1,19.0,2.5,0.5,5.58,0.0,0.3,27.88,2.5,0.0
1,2021-11-01 07:51:32,2021-11-01 08:09:31,1.0,5.4,1.0,Y,87,162,1,18.5,2.5,0.5,4.35,0.0,0.3,26.15,2.5,0.0
1,2021-11-01 07:51:40,2021-11-01 08:56:51,4.0,19.9,2.0,N,132,42,2,52.0,1.25,0.5,0.0,6.55,0.3,60.6,0.0,1.25
2,2021-11-01 07:23:49,2021-11-01 07:41:53,1.0,3.13,1.0,N,236,137,1,13.5,0.0,0.5,3.36,0.0,0.3,20.16,2.5,0.0
2,2021-11-01 07:49:30,2021-11-01 08:04:37,1.0,1.68,1.0,N,162,140,1,11.0,0.0,0.5,2.86,0.0,0.3,17.16,2.5,0.0
2,2021-11-01 07:43:14,2021-11-01 08:19:47,2.0,9.33,1.0,N,138,137,1,31.0,0.0,0.5,0.0,6.55,0.3,42.1,2.5,1.25
1,2021-11-01 07:16:34,2021-11-01 07:26:12,1.0,2.1,1.0,N,237,161,1,9.0,2.5,0.5,3.05,0.0,0.3,15.35,2.5,0.0
1,2021-11-01 07:46:23,2021-11-01 07:54:26,1.0,2.0,1.0,N,107,161,1,8.5,2.5,0.5,1.06,0.0,0.3,12.86,2.5,0.0
1,2021-11-01 07:09:44,2021-11-01 07:23:04,0.0,4.1,1.0,N,114,140,1,13.5,2.5,0.5,3.35,0.0,0.3,20.15,2.5,0.0
1,2021-11-01 07:28:42,2021-11-01 07:39:18,1.0,2.4,1.0,N,141,170,1,10.0,2.5,0.5,2.65,0.0,0.3,15.95,2.5,0.0
1,2021-11-01 07:40:11,2021-11-01 07:43:00,0.0,0.5,1.0,N,170,137,1,4.0,2.5,0.5,0.0,0.0,0.3,7.3,2.5,0.0
1,2021-11-01 07:45:14,2021-11-01 07:57:35,0.0,1.9,1.0,N,170,237,1,10.5,2.5,0.5,2.75,0.0,0.3,16.55,2.5,0.0
2,2021-11-01 07:09:45,2021-11-01 07:46:26,1.0,7.48,1.0,N,43,223,1,28.0,0.0,0.5,6.26,0.0,0.3,37.56,2.5,0.0
2,2021-11-01 07:57:28,2021-11-01 08:26:17,1.0,3.52,1.0,N,193,137,2,19.5,0.0,0.5,0.0,0.0,0.3,22.8,2.5,0.0
1,2021-11-01 07:34:35,2021-11-01 08:13:29,1.0,11.0,1.0,N,138,170,1,32.5,3.75,0.5,10.85,6.55,0.3,54.45,2.5,1.25
2,2021-11-01 07:49:40,2021-11-01 08:17:37,1.0,7.32,1.0,N,24,231,1,25.5,0.0,0.5,5.76,0.0,0.3,34.56,2.5,0.0
2,2021-11-01 07:34:21,2021-11-01 07:42:35,1.0,1.57,1.0,N,236,238,1,8.0,0.0,0.5,0.0,0.0,0.3,11.3,2.5,0.0
2,2021-11-01 07:47:09,2021-11-01 08:02:04,1.0,1.38,1.0,N,238,75,1,10.5,0.0,0.5,2.26,0.0,0.3,13.56,0.0,0.0
1,2021-11-01 07:42:10,2021-11-01 07:46:13,1.0,1.0,1.0,N,158,13,1,5.5,2.5,0.5,2.0,0.0,0.3,10.8,2.5,0.0
1,2021-11-01 07:05:23,2021-11-01 08:21:37,1.0,22.4,2.0,N,132,13,1,52.0,3.75,0.5,5.0,6.55,0.3,68.1,2.5,1.25
2,2021-11-01 07:18:21,2021-11-01 07:33:01,1.0,2.56,1.0,N,236,161,1,12.5,0.0,0.5,3.16,0.0,0.3,18.96,2.5,0.0
2,2021-11-01 07:37:33,2021-11-01 07:46:52,1.0,1.32,1.0,N,163,237,1,7.5,0.0,0.5,2.0,0.0,0.3,12.8,2.5,0.0
2,2021-11-01 07:49:40,2021-11-01 08:00:59,1.0,1.07,1.0,N,141,236,1,8.5,0.0,0.5,2.36,0.0,0.3,14.16,2.5,0.0
2,2021-11-01 07:21:22,2021-11-02 07:09:22,1.0,4.1,1.0,N,236,68,1,15.0,0.0,0.5,0.0,0.0,0.3,18.3,2.5,0.0
2,2021-11-01 07:52:14,2021-11-01 08:03:13,1.0,1.97,1.0,N,170,237,1,9.5,0.0,0.5,2.56,0.0,0.3,15.36,2.5,0.0
1,2021-11-01 07:04:50,2021-11-01 07:07:49,1.0,0.4,1.0,N,50,48,2,4.0,2.5,0.5,0.0,0.0,0.3,7.3,2.5,0.0
1,2021-11-01 07:25:40,2021-11-01 07:34:39,1.0,1.7,1.0,N,238,143,1,8.5,2.5,0.5,2.95,0.0,0.3,14.75,2.5,0.0
1,2021-11-01 07:35:10,2021-11-01 07:54:03,1.0,3.4,1.0,N,143,137,1,15.0,2.5,0.5,2.0,0.0,0.3,20.3,2.5,0.0
2,2021-11-01 07:23:01,2021-11-01 07:25:53,2.0,0.6,1.0,N,107,234,1,4.0,0.0,0.5,2.19,0.0,0.3,9.49,2.5,0.0
2,2021-11-01 07:31:38,2021-11-01 07:41:51,2.0,1.24,1.0,N,68,170,1,8.0,0.0,0.5,0.88,0.0,0.3,12.18,2.5,0.0
2,2021-11-01 07:49:28,2021-11-01 08:13:50,2.0,10.45,1.0,N,229,138,1,30.5,0.0,0.5,8.07,6.55,0.3,48.42,2.5,0.0
2,2021-11-01 06:50:57,2021-11-01 07:00:57,4.0,1.4,1.0,N,163,141,1,8.5,0.0,0.5,2.36,0.0,0.3,14.16,2.5,0.0
2,2021-11-01 07:11:25,2021-11-01 07:24:46,3.0,2.21,1.0,N,140,230,1,11.0,0.0,0.5,1.43,0.0,0.3,15.73,2.5,0.0
2,2021-11-01 07:30:55,2021-11-01 08:18:37,3.0,22.01,2.0,N,230,132,2,52.0,0.0,0.5,0.0,6.55,0.3,61.85,2.5,0.0
2,2021-11-01 07:10:57,2021-11-01 07:14:01,1.0,0.74,1.0,N,142,142,1,4.5,0.0,0.5,1.0,0.0,0.3,8.8,2.5,0.0
2,2021-11-01 07:22:10,2021-11-01 07:29:43,1.0,1.06,1.0,N,142,230,1,7.0,0.0,0.5,2.06,0.0,0.3,12.36,2.5,0.0
2,2021-11-01 07:26:37,2021-11-01 07:40:15,1.0,1.87,1.0,N,166,74,1,10.5,0.0,0.5,2.26,0.0,0.3,13.56,0.0,0.0
2,2021-11-01 07:42:13,2021-11-01 07:49:48,1.0,0.73,1.0,N,74,74,1,6.5,0.0,0.5,2.0,0.0,0.3,9.3,0.0,0.0
2,2021-11-01 07:51:34,2021-11-01 07:54:14,1.0,0.25,1.0,N,74,75,1,3.5,0.0,0.5,1.0,0.0,0.3,5.3,0.0,0.0
1,2021-11-01 07:05:43,2021-11-01 07:22:46,1.0,4.5,1.0,N,234,236,1,15.5,2.5,0.5,3.76,0.0,0.3,22.56,2.5,0.0
1,2021-11-01 07:27:56,2021-11-01 07:41:35,2.0,2.6,1.0,Y,238,237,1,12.0,2.5,0.5,3.8,0.0,0.3,19.1,2.5,0.0
1,2021-11-01 07:50:30,2021-11-01 07:57:13,1.0,1.2,1.0,N,233,107,1,6.5,2.5,0.5,1.95,0.0,0.3,11.75,2.5,0.0
2,2021-11-01 07:01:08,2021-11-01 07:15:31,1.0,3.68,1.0,N,226,140,1,14.0,0.0,0.5,2.0,0.0,0.3,19.3,2.5,0.0
2,2021-11-01 07:27:07,2021-11-01 07:38:34,1.0,2.08,1.0,N,263,162,1,9.5,0.0,0.5,2.3,0.0,0.3,15.1,2.5,0.0
2,2021-11-01 07:39:23,2021-11-01 07:45:41,2.0,0.67,1.0,N,162,161,1,5.5,0.0,0.5,1.0,0.0,0.3,9.8,2.5,0.0
2,2021-11-01 07:54:31,2021-11-01 08:05:53,6.0,1.43,1.0,N,237,236,1,9.0,0.0,0.5,2.46,0.0,0.3,14.76,2.5,0.0
1,2021-11-01 07:30:15,2021-11-01 07:44:41,0.0,2.7,1.0,N,249,161,1,12.0,2.5,0.5,3.05,0.0,0.3,18.35,2.5,0.0
2,2021-11-01 07:04:50,2021-11-01 07:28:57,1.0,9.03,1.0,N,141,235,1,28.5,0.0,0.5,0.0,0.0,0.3,31.8,2.5,0.0
1,2021-11-01 07:19:20,2021-11-01 08:24:04,1.0,0.0,1.0,N,215,14,1,40.2,0.0,0.5,0.0,0.0,0.3,41.0,0.0,0.0
2,2021-11-01 07:25:39,2021-11-01 07:41:42,1.0,3.32,1.0,N,186,236,1,13.0,0.0,0.5,2.0,0.0,0.3,18.3,2.5,0.0
2,2021-11-01 07:57:53,2021-11-01 08:05:27,1.0,1.69,1.0,N,114,68,1,7.5,0.0,0.5,2.16,0.0,0.3,12.96,2.5,0.0
2,2021-11-01 07:38:08,2021-11-01 07:52:10,1.0,3.01,1.0,N,79,229,1,12.0,0.0,0.5,2.0,0.0,0.3,17.3,2.5,0.0
2,2021-11-01 07:14:38,2021-11-01 07:22:17,2.0,1.58,1.0,N,229,137,1,7.5,0.0,0.5,2.16,0.0,0.3,12.96,2.5,0.0
1,2021-11-01 07:08:22,2021-11-01 07:14:02,1.0,0.9,1.0,N,90,246,1,6.0,2.5,0.5,0.0,0.0,0.3,9.3,2.5,0.0
1,2021-11-01 07:24:57,2021-11-01 07:48:34,2.0,3.3,1.0,N,186,236,2,17.0,2.5,0.5,0.0,0.0,0.3,20.3,2.5,0.0
2,2021-11-01 07:37:27,2021-11-01 08:16:48,1.0,10.42,1.0,N,138,163,1,33.5,0.0,0.5,5.0,6.55,0.3,49.6,2.5,1.25
1,2021-11-01 07:09:49,2021-11-01 07:14:24,1.0,1.1,1.0,N,186,230,1,5.5,2.5,0.5,1.25,0.0,0.3,10.05,2.5,0.0
1,2021-11-01 07:45:43,2021-11-01 08:03:02,1.0,2.5,1.0,N,186,114,1,13.0,2.5,0.5,3.25,0.0,0.3,19.55,2.5,0.0
2,2021-11-01 07:08:38,2021-11-01 07:15:07,2.0,1.19,1.0,N,140,237,2,6.5,0.0,0.5,0.0,0.0,0.3,9.8,2.5,0.0
2,2021-11-01 07:22:39,2021-11-01 07:26:19,2.0,0.7,1.0,N,170,234,2,5.0,0.0,0.5,0.0,0.0,0.3,8.3,2.5,0.0
2,2021-11-01 07:29:20,2021-11-01 07:39:40,2.0,1.6,1.0,N,234,161,1,8.5,0.0,0.5,2.36,0.0,0.3,14.16,2.5,0.0
2,2021-11-01 07:53:03,2021-11-01 07:59:43,2.0,1.05,1.0,N,164,186,2,6.0,0.0,0.5,0.0,0.0,0.3,9.3,2.5,0.0
2,2021-11-01 07:58:45,2021-11-01 08:12:17,1.0,3.24,1.0,N,125,161,1,12.0,0.0,0.5,1.0,0.0,0.3,16.3,2.5,0.0
2,2021-11-01 07:45:39,2021-11-01 08:09:13,2.0,7.94,1.0,N,138,233,1,24.5,0.0,0.5,7.12,6.55,0.3,42.72,2.5,1.25
1,2021-11-01 07:33:01,2021-11-01 07:45:46,1.0,1.6,1.0,N,107,68,1,10.0,2.5,0.5,3.95,0.0,0.3,17.25,2.5,0.0
1,2021-11-01 07:53:41,2021-11-01 08:07:33,1.0,2.0,1.0,N,246,161,1,10.5,2.5,0.5,3.45,0.0,0.3,17.25,2.5,0.0
1,2021-11-01 07:26:09,2021-11-01 07:54:26,2.0,10.9,1.0,N,43,138,1,33.5,2.5,0.5,8.65,6.55,0.3,52.0,2.5,0.0
2,2021-11-01 07:26:23,2021-11-01 07:32:24,1.0,1.82,1.0,N,236,162,1,7.5,0.0,0.5,1.62,0.0,0.3,12.42,2.5,0.0
2,2021-11-01 07:39:32,2021-11-01 07:49:50,1.0,1.3,1.0,N,186,137,2,8.0,0.0,0.5,0.0,0.0,0.3,11.3,2.5,0.0
2,2021-11-01 07:59:07,2021-11-01 08:07:24,1.0,1.03,1.0,N,170,137,2,7.5,0.0,0.5,0.0,0.0,0.3,10.8,2.5,0.0
2,2021-11-01 07:25:23,2021-11-01 07:43:08,1.0,3.58,1.0,N,151,161,1,15.0,0.0,0.5,1.83,0.0,0.3,20.13,2.5,0.0
2,2021-11-01 07:44:11,2021-11-01 07:47:43,1.0,0.67,1.0,N,161,230,1,4.5,0.0,0.5,1.56,0.0,0.3,9.36,2.5,0.0
2,2021-11-01 07:36:48,2021-11-01 07:50:24,5.0,2.5,1.0,N,107,163,1,11.5,0.0,0.5,1.48,0.0,0.3,16.28,2.5,0.0
2,2021-11-01 07:55:09,2021-11-01 08:21:14,5.0,4.38,1.0,N,48,232,2,19.0,0.0,0.5,0.0,0.0,0.3,22.3,2.5,0.0
2,2021-11-01 07:08:20,2021-11-01 07:17:26,1.0,4.08,1.0,Y,151,116,1,13.5,0.0,0.5,2.0,0.0,0.3,16.3,0.0,0.0
2,2021-11-01 07:15:22,2021-11-01 07:29:24,1.0,2.49,1.0,N,87,107,1,11.5,0.0,0.5,2.96,0.0,0.3,17.76,2.5,0.0
2,2021-11-01 06:52:58,2021-11-01 07:07:33,1.0,3.87,1.0,N,142,74,1,14.0,0.0,0.5,4.32,0.0,0.3,21.62,2.5,0.0
2,2021-11-01 07:23:31,2021-11-01 07:28:22,1.0,0.71,1.0,N,263,236,1,5.5,0.0,0.5,1.76,0.0,0.3,10.56,2.5,0.0
2,2021-11-01 07:34:27,2021-11-01 07:38:51,1.0,0.53,1.0,N,236,236,2,5.0,0.0,0.5,0.0,0.0,0.3,8.3,2.5,0.0
2,2021-11-01 07:40:33,2021-11-01 07:45:06,1.0,1.69,1.0,N,236,74,1,6.5,0.0,0.5,0.98,0.0,0.3,10.78,2.5,0.0
1,2021-11-01 07:13:52,2021-11-01 07:17:43,1.0,0.6,1.0,N,100,68,1,4.5,2.5,0.5,1.55,0.0,0.3,9.35,2.5,0.0
1,2021-11-01 07:35:39,2021-11-01 07:38:59,1.0,0.6,1.0,N,143,143,2,4.5,2.5,0.5,0.0,0.0,0.3,7.8,2.5,0.0
1,2021-11-01 07:41:00,2021-11-01 07:56:03,4.0,2.5,1.0,N,142,140,1,12.0,2.5,0.5,1.5,0.0,0.3,16.8,2.5,0.0
1,2021-11-01 07:58:44,2021-11-01 08:15:22,1.0,3.7,1.0,N,140,164,1,15.0,2.5,0.5,3.65,0.0,0.3,21.95,2.5,0.0
2,2021-11-01 07:49:10,2021-11-01 07:58:20,3.0,1.2,1.0,N,24,75,2,7.5,0.0,0.5,0.0,0.0,0.3,8.3,0.0,0.0
2,2021-11-01 07:25:32,2021-11-01 07:45:26,1.0,4.57,1.0,N,249,238,2,16.5,0.0,0.5,0.0,0.0,0.3,19.8,2.5,0.0
2,2021-11-01 07:46:58,2021-11-01 07:55:06,1.0,2.22,1.0,N,238,163,1,8.5,0.0,0.5,1.18,0.0,0.3,12.98,2.5,0.0
2,2021-11-01 07:00:55,2021-11-01 07:06:14,1.0,0.76,1.0,N,163,143,1,5.5,0.0,0.5,2.2,0.0,0.3,11.0,2.5,0.0
2,2021-11-01 07:18:05,2021-11-01 07:26:04,1.0,1.37,1.0,N,186,161,1,7.0,0.0,0.5,2.06,0.0,0.3,12.36,2.5,0.0
2,2021-11-01 07:40:31,2021-11-01 07:50:00,1.0,1.69,1.0,N,186,162,1,8.5,0.0,0.5,2.95,0.0,0.3,14.75,2.5,0.0
2,2021-11-01 07:54:00,2021-11-01 08:08:41,1.0,1.88,1.0,N,163,236,2,11.5,0.0,0.5,0.0,0.0,0.3,14.8,2.5,0.0
2,2021-11-01 07:18:14,2021-11-01 07:27:15,2.0,0.0,1.0,N,100,162,1,6.5,0.0,0.5,2.94,0.0,0.3,12.74,2.5,0.0
2,2021-11-01 07:35:01,2021-11-01 07:51:58,1.0,0.0,1.0,N,141,100,2,10.5,0.0,0.5,0.0,0.0,0.3,13.8,2.5,0.0
2,2021-11-01 07:55:47,2021-11-01 08:06:11,1.0,0.0,1.0,N,100,113,1,7.5,0.0,0.5,2.7,0.0,0.3,13.5,2.5,0.0
2,2021-11-01 07:50:47,2021-11-01 07:50:51,1.0,0.0,5.0,N,148,148,1,63.0,0.0,0.0,15.82,0.0,0.3,79.12,0.0,0.0
2,2021-11-01 07:25:12,2021-11-01 07:34:39,2.0,1.95,1.0,N,144,107,1,9.0,0.0,0.5,1.75,0.0,0.3,14.05,2.5,0.0
2,2021-11-01 07:37:50,2021-11-01 07:47:07,1.0,1.56,1.0,N,233,161,1,8.0,0.0,0.5,1.5,0.0,0.3,12.8,2.5,0.0
1,2021-11-01 07:17:47,2021-11-01 07:20:23,1.0,0.6,1.0,N,262,262,1,4.0,2.5,0.5,1.46,0.0,0.3,8.76,2.5,0.0
1,2021-11-01 07:21:10,2021-11-01 07:36:10,1.0,8.1,1.0,N,262,138,1,24.0,2.5,0.5,8.0,6.55,0.3,41.85,2.5,0.0
2,2021-11-01 07:31:32,2021-11-01 08:22:14,1.0,12.34,1.0,N,52,52,1,42.5,0.0,0.5,8.66,0.0,0.3,51.96,0.0,0.0
2,2021-11-01 07:03:07,2021-11-01 07:08:51,1.0,1.92,1.0,N,236,161,1,7.5,0.0,0.5,1.84,0.0,0.3,12.64,2.5,0.0
2,2021-11-01 07:22:54,2021-11-01 07:30:02,1.0,1.69,1.0,N,263,163,1,7.5,0.0,0.5,1.0,0.0,0.3,11.8,2.5,0.0
2,2021-11-01 07:36:54,2021-11-01 07:53:43,1.0,1.89,1.0,N,141,170,1,12.0,0.0,0.5,3.82,0.0,0.3,19.12,2.5,0.0
2,2021-11-01 07:21:07,2021-11-01 07:32:26,3.0,2.38,1.0,N,107,230,1,10.0,0.0,0.5,2.66,0.0,0.3,15.96,2.5,0.0
2,2021-11-01 07:38:36,2021-11-01 07:51:53,3.0,2.77,1.0,N,100,236,1,11.5,0.0,0.5,2.0,0.0,0.3,16.8,2.5,0.0
1,2021-11-01 07:00:09,2021-11-01 07:11:32,1.0,2.1,1.0,N,238,75,1,10.0,0.0,0.5,3.2,0.0,0.3,14.0,0.0,0.0
1,2021-11-01 07:17:17,2021-11-01 07:26:36,0.0,2.5,1.0,N,236,161,1,9.5,2.5,0.5,2.55,0.0,0.3,15.35,2.5,0.0
1,2021-11-01 07:33:13,2021-11-01 07:38:09,0.0,1.1,1.0,N,234,170,1,5.5,2.5,0.5,3.0,0.0,0.3,11.8,2.5,0.0
1,2021-11-01 07:41:37,2021-11-01 07:54:10,0.0,1.9,1.0,N,137,230,1,10.0,2.5,0.5,1.0,0.0,0.3,14.3,2.5,0.0
1,2021-11-01 07:59:35,2021-11-01 08:09:09,1.0,1.2,1.0,Y,230,237,1,8.0,2.5,0.5,2.25,0.0,0.3,13.55,2.5,0.0
2,2021-11-01 07:08:19,2021-11-01 07:14:20,1.0,0.72,1.0,N,162,100,1,6.0,0.0,0.5,1.5,0.0,0.3,10.8,2.5,0.0
2,2021-11-01 07:15:52,2021-11-01 07:22:07,1.0,0.93,1.0,N,100,161,1,6.0,0.0,0.5,1.7,0.0,0.3,11.0,2.5,0.0
2,2021-11-01 07:32:35,2021-11-01 07:36:43,1.0,0.8,1.0,N,100,230,1,5.0,0.0,0.5,1.66,0.0,0.3,9.96,2.5,0.0
1,2021-11-01 07:01:41,2021-11-01 07:06:41,1.0,1.6,1.0,N,48,246,1,6.5,2.5,0.5,1.95,0.0,0.3,11.75,2.5,0.0
1,2021-11-01 07:13:07,2021-11-01 07:21:30,1.0,1.5,1.0,N,48,237,1,8.0,2.5,0.5,2.26,0.0,0.3,13.56,2.5,0.0
1,2021-11-01 07:31:10,2021-11-01 07:41:35,1.0,2.9,1.0,Y,239,161,1,11.0,2.5,0.5,2.86,0.0,0.3,17.16,2.5,0.0
2,2021-11-01 07:15:36,2021-11-01 07:28:22,1.0,2.96,1.0,N,162,232,2,12.0,0.0,0.5,0.0,0.0,0.3,15.3,2.5,0.0
1,2021-11-01 07:08:12,2021-11-01 07:15:27,1.0,1.6,1.0,N,237,230,1,7.5,2.5,0.5,2.15,0.0,0.3,12.95,2.5,0.0
1,2021-11-01 07:17:02,2021-11-01 07:24:08,1.0,0.7,1.0,N,230,161,1,6.0,2.5,0.5,1.85,0.0,0.3,11.15,2.5,0.0
1,2021-11-01 07:29:20,2021-11-01 07:36:54,1.0,1.3,1.0,N,186,107,1,7.0,2.5,0.5,2.05,0.0,0.3,12.35,2.5,0.0
1,2021-11-01 07:50:52,2021-11-01 08:01:41,1.0,2.4,1.0,N,113,161,1,10.0,2.5,0.5,2.65,0.0,0.3,15.95,2.5,0.0
2,2021-11-01 07:18:55,2021-11-01 08:41:15,2.0,21.77,1.0,N,132,136,1,70.5,0.0,0.5,15.82,6.55,0.3,94.92,0.0,1.25
1,2021-11-01 07:53:38,2021-11-01 07:57:43,1.0,1.0,1.0,N,166,24,1,5.0,0.0,0.5,1.0,0.0,0.3,6.8,0.0,0.0
1,2021-11-01 07:58:54,2021-11-01 08:26:17,1.0,2.1,1.0,N,24,75,2,17.5,0.0,0.5,0.0,0.0,0.3,18.3,0.0,0.0
1,2021-11-01 07:02:33,2021-11-01 07:05:32,1.0,0.2,1.0,N,237,236,2,4.0,2.5,0.5,0.0,0.0,0.3,7.3,2.5,0.0
1,2021-11-01 07:12:54,2021-11-01 07:22:31,1.0,2.2,1.0,N,236,230,1,9.5,2.5,0.5,2.0,0.0,0.3,14.8,2.5,0.0
1,2021-11-01 07:37:45,2021-11-01 07:46:39,3.0,1.0,1.0,N,237,236,2,7.5,2.5,0.5,0.0,0.0,0.3,10.8,2.5,0.0
1,2021-11-01 07:47:35,2021-11-01 07:55:41,1.0,1.7,1.0,N,236,162,1,8.0,2.5,0.5,2.25,0.0,0.3,13.55,2.5,0.0
1,2021-11-01 07:59:13,2021-11-01 08:13:24,3.0,1.7,1.0,N,162,236,2,11.0,2.5,0.5,0.0,0.0,0.3,14.3,2.5,0.0
2,2021-11-01 07:01:23,2021-11-01 07:11:04,2.0,1.69,1.0,N,140,162,1,8.5,0.0,0.5,2.36,0.0,0.3,14.16,2.5,0.0
2,2021-11-01 07:37:23,2021-11-01 08:10:25,2.0,10.78,1.0,N,142,138,1,34.5,0.0,0.5,8.87,6.55,0.3,53.22,2.5,0.0
2,2021-11-01 07:06:28,2021-11-01 07:13:07,1.0,2.13,1.0,N,107,162,1,8.0,0.0,0.5,1.0,0.0,0.3,12.3,2.5,0.0
2,2021-11-01 07:17:56,2021-11-01 07:32:35,1.0,2.36,1.0,N,229,246,1,11.5,0.0,0.5,2.28,0.0,0.3,17.08,2.5,0.0
1,2021-11-01 07:42:29,2021-11-01 07:52:44,1.0,1.6,1.0,N,146,140,1,8.0,2.5,0.5,2.8,0.0,0.3,14.1,2.5,0.0
1,2021-11-01 07:54:26,2021-11-01 08:18:39,1.0,4.1,1.0,N,141,68,1,18.5,2.5,0.5,1.0,0.0,0.3,22.8,2.5,0.0
1,2021-11-01 07:10:59,2021-11-01 07:15:19,1.0,1.1,1.0,N,162,234,1,5.5,2.5,0.5,1.75,0.0,0.3,10.55,2.5,0.0
1,2021-11-01 07:28:10,2021-11-01 07:36:25,1.0,1.0,1.0,N,186,170,1,7.0,2.5,0.5,2.58,0.0,0.3,12.88,2.5,0.0
1,2021-11-01 07:39:17,2021-11-01 07:46:03,1.0,1.1,1.0,N,170,161,2,6.5,2.5,0.5,0.0,0.0,0.3,9.8,2.5,0.0
1,2021-11-01 07:54:28,2021-11-01 08:21:04,2.0,10.9,1.0,N,100,138,1,32.0,2.5,0.5,10.0,6.55,0.3,51.85,2.5,0.0
1,2021-11-01 07:38:47,2021-11-01 08:30:18,2.0,11.6,1.0,N,132,129,1,40.0,1.25,0.5,8.4,0.0,0.3,50.45,0.0,1.25
2,2021-11-01 07:21:05,2021-11-01 07:30:53,5.0,1.73,1.0,N,143,230,1,9.0,0.0,0.5,2.46,0.0,0.3,14.76,2.5,0.0
2,2021-11-01 07:34:55,2021-11-01 07:39:25,5.0,0.72,1.0,N,163,142,1,5.0,0.0,0.5,1.2,0.0,0.3,9.5,2.5,0.0
2,2021-11-01 07:42:28,2021-11-01 07:55:50,5.0,1.71,1.0,N,142,43,1,10.5,0.0,0.5,1.38,0.0,0.3,15.18,2.5,0.0
2,2021-11-01 07:47:58,2021-11-01 08:19:07,2.0,8.9,1.0,N,138,161,1,28.5,0.0,0.5,9.9,6.55,0.3,49.5,2.5,1.25
2,2021-11-01 07:44:03,2021-11-01 07:44:07,1.0,0.0,5.0,N,265,265,1,20.0,0.0,0.0,0.0,0.0,0.3,20.3,0.0,0.0
2,2021-11-01 07:37:56,2021-11-01 08:08:04,4.0,5.66,1.0,N,223,166,2,23.5,0.0,0.5,0.0,6.55,0.3,30.85,0.0,0.0
2,2021-11-01 07:11:16,2021-11-01 07:16:13,1.0,0.95,1.0,N,141,236,2,5.5,0.0,0.5,0.0,0.0,0.3,8.8,2.5,0.0
2,2021-11-01 07:22:19,2021-11-01 07:38:19,1.0,2.6,1.0,N,263,230,1,12.5,0.0,0.5,1.58,0.0,0.3,17.38,2.5,0.0
2,2021-11-01 07:52:18,2021-11-01 07:56:30,1.0,0.74,1.0,N,48,163,1,5.0,0.0,0.5,1.24,0.0,0.3,9.54,2.5,0.0
2,2021-11-01 07:10:27,2021-11-01 07:25:54,1.0,9.15,1.0,N,141,138,1,25.5,0.0,0.5,7.07,6.55,0.3,42.42,2.5,0.0
2,2021-11-01 07:56:07,2021-11-01 08:02:27,1.0,1.47,1.0,N,236,237,1,7.0,0.0,0.5,1.03,0.0,0.3,11.33,2.5,0.0
2,2021-11-01 07:57:04,2021-11-01 08:06:47,1.0,1.8,1.0,N,170,229,1,9.0,0.0,0.5,0.0,0.0,0.3,12.3,2.5,0.0
2,2021-11-01 07:19:59,2021-11-01 07:31:28,1.0,2.49,1.0,N,158,161,1,10.5,0.0,0.5,1.0,0.0,0.3,14.8,2.5,0.0
2,2021-11-01 07:47:39,2021-11-01 08:03:13,1.0,1.79,1.0,N,142,236,2,11.5,0.0,0.5,0.0,0.0,0.3,14.8,2.5,0.0
2,2021-11-01 07:33:50,2021-11-01 08:24:13,1.0,12.55,1.0,N,138,230,1,42.5,0.0,0.5,10.47,6.55,0.3,64.07,2.5,1.25
2,2021-11-01 07:01:42,2021-11-01 07:18:21,1.0,3.23,1.0,N,186,236,2,13.0,0.0,0.5,0.0,0.0,0.3,16.3,2.5,0.0
2,2021-11-01 07:25:30,2021-11-01 07:33:06,1.0,1.83,1.0,N,236,237,2,8.0,0.0,0.5,0.0,0.0,0.3,11.3,2.5,0.0
2,2021-11-01 07:38:37,2021-11-01 07:42:21,1.0,0.93,1.0,N,237,162,1,5.0,0.0,0.5,0.83,0.0,0.3,9.13,2.5,0.0
2,2021-11-01 07:45:10,2021-11-01 07:55:53,1.0,1.69,1.0,N,162,137,1,9.0,0.0,0.5,2.46,0.0,0.3,14.76,2.5,0.0
1,2021-11-01 07:29:58,2021-11-01 07:35:42,2.0,1.1,1.0,Y,237,263,1,6.0,2.5,0.5,1.85,0.0,0.3,11.15,2.5,0.0
1,2021-11-01 07:38:36,2021-11-01 07:55:47,1.0,3.2,1.0,N,263,143,1,14.0,2.5,0.5,2.0,0.0,0.3,19.3,2.5,0.0
1,2021-11-01 07:59:48,2021-11-01 08:09:04,1.0,1.1,1.0,N,143,163,2,7.5,2.5,0.5,0.0,0.0,0.3,10.8,2.5,0.0
2,2021-11-01 07:04:17,2021-11-01 07:18:14,1.0,2.71,1.0,N,141,164,1,12.0,0.0,0.5,3.06,0.0,0.3,18.36,2.5,0.0
1,2021-11-01 07:12:09,2021-11-01 07:20:13,1.0,2.5,1.0,N,239,68,1,9.0,2.5,0.5,4.0,0.0,0.3,16.3,2.5,0.0
1,2021-11-01 07:23:42,2021-11-01 07:34:13,1.0,2.2,1.0,N,68,161,2,10.0,2.5,0.5,0.0,0.0,0.3,13.3,2.5,0.0
1,2021-11-01 07:43:43,2021-11-01 07:55:07,1.0,2.4,1.0,N,141,100,1,10.0,2.5,0.5,2.66,0.0,0.3,15.96,2.5,0.0
1,2021-11-01 07:59:21,2021-11-01 07:59:21,2.0,0.0,1.0,Y,186,264,2,9.5,2.5,0.5,0.0,0.0,0.3,12.8,2.5,0.0
2,2021-11-01 07:05:40,2021-11-01 07:19:03,1.0,9.89,1.0,N,140,138,1,27.0,0.0,0.5,5.0,6.55,0.3,41.85,2.5,0.0
2,2021-11-01 07:49:48,2021-11-01 08:10:27,1.0,7.3,1.0,N,70,28,1,23.0,0.0,0.5,4.76,0.0,0.3,28.56,0.0,0.0
2,2021-11-01 07:33:30,2021-11-01 07:41:30,1.0,1.52,1.0,N,142,163,1,8.0,0.0,0.5,1.5,0.0,0.3,12.8,2.5,0.0
2,2021-11-01 07:45:14,2021-11-01 07:52:57,1.0,0.64,1.0,N,229,141,1,6.0,0.0,0.5,1.0,0.0,0.3,10.3,2.5,0.0
2,2021-11-01 07:55:49,2021-11-01 08:08:54,1.0,7.74,1.0,N,141,231,1,22.0,0.0,0.5,2.5,0.0,0.3,27.8,2.5,0.0
2,2021-11-01 07:51:25,2021-11-01 07:56:12,1.0,1.37,1.0,N,238,142,1,6.5,0.0,0.5,1.96,0.0,0.3,11.76,2.5,0.0
1,2021-11-01 07:27:00,2021-11-01 07:36:16,1.0,1.8,1.0,N,151,236,1,8.5,2.5,0.5,2.35,0.0,0.3,14.15,2.5,0.0
1,2021-11-01 07:41:34,2021-11-01 07:50:42,1.0,1.2,1.0,N,237,142,1,8.0,2.5,0.5,1.7,0.0,0.3,13.0,2.5,0.0
1,2021-11-01 07:11:41,2021-11-01 08:50:03,1.0,18.4,2.0,N,132,230,1,52.0,3.75,0.5,15.75,6.55,0.3,78.85,2.5,1.25
1,2021-11-01 07:42:39,2021-11-01 08:23:13,1.0,10.3,1.0,N,132,92,2,34.5,1.25,0.5,0.0,0.0,0.3,36.55,0.0,1.25
1,2021-11-01 07:15:41,2021-11-01 07:18:30,1.0,0.5,1.0,N,236,263,1,4.0,2.5,0.5,1.45,0.0,0.3,8.75,2.5,0.0
1,2021-11-01 07:29:48,2021-11-01 07:51:35,1.0,5.0,1.0,N,236,249,1,18.5,2.5,0.5,3.0,0.0,0.3,24.8,2.5,0.0
1,2021-11-01 07:56:10,2021-11-01 08:08:14,1.0,1.6,1.0,N,249,234,1,9.5,2.5,0.5,1.2,0.0,0.3,14.0,2.5,0.0
1,2021-11-01 07:14:33,2021-11-01 07:18:32,1.0,1.0,1.0,N,141,262,1,5.0,2.5,0.5,0.0,0.0,0.3,8.3,2.5,0.0
1,2021-11-01 07:20:23,2021-11-01 07:52:31,1.0,19.3,2.0,N,262,132,1,52.0,2.5,0.5,2.0,6.55,0.3,63.85,2.5,0.0
2,2021-11-01 07:42:45,2021-11-01 08:03:33,1.0,3.58,1.0,N,13,230,1,15.5,0.0,0.5,4.0,0.0,0.3,22.8,2.5,0.0
1,2021-11-01 07:06:12,2021-11-01 07:09:41,1.0,0.4,1.0,N,186,246,1,4.5,2.5,0.5,1.55,0.0,0.3,9.35,2.5,0.0
1,2021-11-01 07:16:34,2021-11-01 07:35:58,1.0,3.0,1.0,N,68,140,2,14.5,2.5,0.5,0.0,0.0,0.3,17.8,2.5,0.0
1,2021-11-01 07:42:45,2021-11-01 07:49:28,1.0,1.3,1.0,N,141,161,1,7.0,2.5,0.5,2.06,0.0,0.3,12.36,2.5,0.0
1,2021-11-01 07:59:15,2021-11-01 08:02:53,1.0,0.5,1.0,N,164,164,1,4.5,2.5,0.5,1.55,0.0,0.3,9.35,2.5,0.0
2,2021-11-01 07:11:07,2021-11-01 07:28:41,1.0,2.96,1.0,N,41,140,1,13.5,0.0,0.5,0.0,0.0,0.3,16.8,2.5,0.0
2,2021-11-01 07:52:40,2021-11-01 08:01:18,1.0,1.42,1.0,N,43,239,2,8.0,0.0,0.5,0.0,0.0,0.3,11.3,2.5,0.0
2,2021-11-01 08:02:19,2021-11-01 08:12:48,1.0,2.14,1.0,N,239,230,1,9.5,0.0,0.5,2.56,0.0,0.3,15.36,2.5,0.0
1,2021-11-01 07:03:29,2021-11-01 07:16:35,1.0,3.6,1.0,N,236,113,1,13.0,2.5,0.5,3.25,0.0,0.3,19.55,2.5,0.0
1,2021-11-01 07:19:29,2021-11-01 07:29:57,1.0,2.2,1.0,N,234,162,1,10.0,2.5,0.5,2.66,0.0,0.3,15.96,2.5,0.0
1,2021-11-01 07:31:45,2021-11-01 07:40:52,3.0,1.6,1.0,N,237,236,1,8.5,2.5,0.5,2.12,0.0,0.3,13.92,2.5,0.0
1,2021-11-01 07:42:09,2021-11-01 07:51:56,1.0,2.0,1.0,N,236,161,1,9.0,2.5,0.5,1.85,0.0,0.3,14.15,2.5,0.0
2,2021-11-01 07:45:13,2021-11-01 07:45:20,6.0,0.0,3.0,N,207,207,3,-20.0,0.0,0.0,0.0,0.0,-0.3,-20.3,0.0,0.0
2,2021-11-01 07:45:13,2021-11-01 07:45:20,6.0,0.0,3.0,N,207,207,2,20.0,0.0,0.0,0.0,0.0,0.3,20.3,0.0,0.0
2,2021-11-01 07:51:34,2021-11-01 07:52:12,5.0,0.0,1.0,N,207,207,2,2.5,0.0,0.5,0.0,0.0,0.3,3.3,0.0,0.0
1,2021-11-01 07:16:45,2021-11-01 07:19:40,1.0,0.6,1.0,N,237,237,1,4.0,2.5,0.5,1.46,0.0,0.3,8.76,2.5,0.0
1,2021-11-01 07:46:25,2021-11-01 07:55:37,1.0,1.6,1.0,N,236,161,1,8.0,2.5,0.5,1.13,0.0,0.3,12.43,2.5,0.0
2,2021-11-01 07:51:16,2021-11-01 07:56:24,2.0,0.61,1.0,N,229,161,1,5.0,0.0,0.5,1.66,0.0,0.3,9.96,2.5,0.0
2,2021-11-01 07:57:38,2021-11-01 08:06:01,1.0,2.03,1.0,N,166,239,1,8.5,0.0,0.5,2.36,0.0,0.3,14.16,2.5,0.0
1,2021-11-01 07:00:40,2021-11-01 07:07:08,1.0,1.2,1.0,N,142,230,1,6.5,2.5,0.5,1.96,0.0,0.3,11.76,2.5,0.0
1,2021-11-01 07:09:59,2021-11-01 07:15:53,1.0,1.1,1.0,N,186,230,2,6.5,2.5,0.5,0.0,0.0,0.3,9.8,2.5,0.0
1,2021-11-01 07:23:15,2021-11-01 07:30:56,1.0,1.2,1.0,N,186,161,1,7.0,2.5,0.5,2.55,0.0,0.3,12.85,2.5,0.0
1,2021-11-01 07:43:00,2021-11-01 07:52:22,1.0,1.4,1.0,N,186,107,1,8.0,2.5,0.5,2.26,0.0,0.3,13.56,2.5,0.0
1,2021-11-01 07:56:45,2021-11-01 08:09:58,1.0,1.7,1.0,N,137,246,1,10.0,2.5,0.5,2.0,0.0,0.3,15.3,2.5,0.0
2,2021-11-01 07:07:12,2021-11-01 07:25:45,1.0,5.07,1.0,N,161,87,1,18.5,0.0,0.5,4.36,0.0,0.3,26.16,2.5,0.0
2,2021-11-01 07:29:35,2021-11-01 07:39:10,1.0,2.0,1.0,N,87,231,1,9.5,0.0,0.5,2.56,0.0,0.3,15.36,2.5,0.0
2,2021-11-01 07:55:43,2021-11-01 08:50:59,6.0,16.81,2.0,N,163,132,2,52.0,0.0,0.5,0.0,0.0,0.3,55.3,2.5,0.0
1,2021-11-01 07:06:08,2021-11-01 07:16:02,1.0,2.8,1.0,N,13,234,1,10.5,2.5,0.5,2.5,0.0,0.3,16.3,2.5,0.0
1,2021-11-01 07:25:35,2021-11-01 07:37:07,1.0,2.4,1.0,Y,114,162,1,10.5,2.5,0.5,3.31,0.0,0.3,17.11,2.5,0.0
1,2021-11-01 07:46:51,2021-11-01 07:50:20,1.0,0.5,1.0,N,107,90,1,4.5,2.5,0.5,1.0,0.0,0.3,8.8,2.5,0.0
1,2021-11-01 07:53:13,2021-11-01 08:07:07,1.0,2.6,1.0,N,90,143,1,11.5,2.5,0.5,2.0,0.0,0.3,16.8,2.5,0.0
2,2021-11-01 07:37:12,2021-11-01 07:51:57,1.0,1.54,1.0,N,24,74,1,11.0,0.0,0.5,2.36,0.0,0.3,14.16,0.0,0.0
2,2021-11-01 07:59:00,2021-11-01 08:04:35,1.0,0.94,1.0,N,263,262,1,6.0,0.0,0.5,1.86,0.0,0.3,11.16,2.5,0.0
2,2021-11-01 07:09:48,2021-11-01 07:25:46,1.0,3.48,1.0,N,48,4,2,14.5,0.0,0.5,0.0,0.0,0.3,17.8,2.5,0.0
2,2021-11-01 07:28:11,2021-11-01 07:45:20,1.0,3.9,1.0,N,4,50,1,15.0,0.0,0.5,3.66,0.0,0.3,21.96,2.5,0.0
2,2021-11-01 07:46:14,2021-11-01 07:53:14,1.0,1.49,1.0,N,50,163,1,7.0,0.0,0.5,2.06,0.0,0.3,12.36,2.5,0.0
1,2021-11-01 07:22:54,2021-11-01 07:30:35,1.0,1.6,1.0,N,140,161,1,7.5,2.5,0.5,2.7,0.0,0.3,13.5,2.5,0.0
1,2021-11-01 07:40:32,2021-11-01 07:59:44,1.0,3.7,1.0,N,141,113,1,15.0,2.5,0.5,3.65,0.0,0.3,21.95,2.5,0.0
1,2021-11-01 07:08:48,2021-11-01 07:19:40,1.0,2.1,1.0,N,236,163,1,9.5,2.5,0.5,2.0,0.0,0.3,14.8,2.5,0.0
1,2021-11-01 07:23:29,2021-11-01 07:28:10,1.0,0.8,1.0,N,237,230,1,5.5,2.5,0.5,2.6,0.0,0.3,11.4,2.5,0.0
1,2021-11-01 07:40:13,2021-11-01 07:46:22,1.0,1.2,1.0,N,237,161,2,6.5,2.5,0.5,0.0,0.0,0.3,9.8,2.5,0.0
1,2021-11-01 07:55:54,2021-11-01 07:59:40,1.0,0.5,1.0,N,161,161,1,4.5,2.5,0.5,2.3,0.0,0.3,10.1,2.5,0.0
2,2021-11-01 07:14:09,2021-11-01 07:23:08,3.0,1.6,1.0,N,262,43,2,8.0,0.0,0.5,0.0,0.0,0.3,11.3,2.5,0.0
2,2021-11-01 07:27:09,2021-11-01 07:51:35,4.0,5.92,1.0,N,239,231,2,21.5,0.0,0.5,0.0,0.0,0.3,24.8,2.5,0.0
2,2021-11-01 07:54:07,2021-11-01 08:12:06,4.0,3.82,1.0,N,231,161,1,15.0,0.0,0.5,1.83,0.0,0.3,20.13,2.5,0.0
2,2021-11-01 07:13:04,2021-11-01 07:22:39,1.0,2.28,1.0,N,24,236,1,9.5,0.0,0.5,1.0,0.0,0.3,13.8,2.5,0.0
2,2021-11-01 07:32:56,2021-11-01 07:39:52,1.0,1.31,1.0,N,237,161,1,6.5,0.0,0.5,1.2,0.0,0.3,11.0,2.5,0.0
2,2021-11-01 07:41:58,2021-11-01 07:49:51,1.0,1.08,1.0,N,161,237,1,7.5,0.0,0.5,2.7,0.0,0.3,13.5,2.5,0.0
2,2021-11-01 07:51:19,2021-11-01 08:05:09,1.0,1.82,1.0,N,237,238,1,10.5,0.0,0.5,2.35,0.0,0.3,16.15,2.5,0.0
1,2021-11-01 07:50:51,2021-11-01 08:05:21,0.0,3.2,1.0,N,231,170,1,13.0,2.5,0.5,3.25,0.0,0.3,19.55,2.5,0.0
2,2021-11-01 07:07:41,2021-11-01 07:17:00,1.0,2.7,1.0,N,236,161,1,10.0,0.0,0.5,2.66,0.0,0.3,15.96,2.5,0.0
2,2021-11-01 07:42:00,2021-11-01 07:46:25,1.0,0.68,1.0,N,263,75,1,5.0,0.0,0.5,1.66,0.0,0.3,9.96,2.5,0.0
2,2021-11-01 07:51:59,2021-11-01 08:01:07,1.0,1.49,1.0,N,236,140,1,8.0,0.0,0.5,2.26,0.0,0.3,13.56,2.5,0.0
1,2021-11-01 07:47:42,2021-11-01 08:05:32,2.0,2.7,1.0,N,140,74,1,13.5,2.5,0.5,4.2,0.0,0.3,21.0,2.5,0.0
2,2021-11-01 07:06:38,2021-11-01 07:13:10,1.0,1.11,1.0,N,170,230,1,6.0,0.0,0.5,2.32,0.0,0.3,11.62,2.5,0.0
2,2021-11-01 07:19:57,2021-11-01 07:35:10,1.0,2.81,1.0,N,142,234,1,12.5,0.0,0.5,2.0,0.0,0.3,17.8,2.5,0.0
2,2021-11-01 07:26:50,2021-11-01 07:58:24,1.0,10.34,1.0,N,48,138,2,33.0,0.0,0.5,0.0,6.55,0.3,42.85,2.5,0.0
2,2021-11-01 07:25:19,2021-11-01 07:34:04,1.0,2.51,1.0,N,43,161,1,9.5,0.0,0.5,2.56,0.0,0.3,15.36,2.5,0.0
2,2021-11-01 07:42:22,2021-11-01 08:03:14,1.0,3.96,1.0,N,237,148,1,16.0,0.0,0.5,4.82,0.0,0.3,24.12,2.5,0.0
2,2021-11-01 07:24:04,2021-11-01 07:33:17,2.0,1.25,1.0,N,262,75,2,8.0,0.0,0.5,0.0,0.0,0.3,11.3,2.5,0.0
2,2021-11-01 07:34:09,2021-11-01 07:41:45,3.0,1.36,1.0,N,75,262,2,7.5,0.0,0.5,0.0,0.0,0.3,10.8,2.5,0.0
2,2021-11-01 07:46:49,2021-11-01 07:56:02,2.0,1.14,1.0,N,263,236,1,7.5,0.0,0.5,1.0,0.0,0.3,11.8,2.5,0.0
2,2021-11-01 07:58:10,2021-11-01 08:02:34,2.0,0.89,1.0,N,236,237,1,5.0,0.0,0.5,1.66,0.0,0.3,9.96,2.5,0.0
2,2021-11-01 07:07:00,2021-11-01 07:38:29,1.0,11.83,1.0,N,158,138,1,36.5,0.0,0.5,3.98,0.0,0.3,43.78,2.5,0.0
2,2021-11-01 07:23:24,2021-11-01 08:41:44,2.0,18.86,2.0,N,132,236,1,52.0,0.0,0.5,10.0,6.55,0.3,73.1,2.5,1.25
2,2021-11-01 07:49:09,2021-11-01 07:57:11,1.0,1.98,1.0,N,229,107,1,8.5,0.0,0.5,1.77,0.0,0.3,13.57,2.5,0.0
2,2021-11-01 07:01:19,2021-11-01 07:41:19,2.0,18.84,2.0,N,90,132,1,52.0,0.0,0.5,11.06,0.0,0.3,67.61,2.5,1.25
2,2021-11-01 07:25:43,2021-11-01 07:29:24,1.0,0.98,1.0,N,151,236,2,5.0,0.0,0.5,0.0,0.0,0.3,5.8,0.0,0.0
2,2021-11-01 07:39:24,2021-11-01 08:02:06,1.0,3.2,1.0,N,262,143,1,16.5,0.0,0.5,3.96,0.0,0.3,23.76,2.5,0.0
1,2021-11-01 07:08:43,2021-11-01 07:20:37,1.0,2.3,1.0,N,140,48,1,10.5,2.5,0.5,1.5,0.0,0.3,15.3,2.5,0.0
1,2021-11-01 07:25:30,2021-11-01 07:43:59,1.0,11.1,1.0,N,48,200,2,31.5,2.5,0.5,0.0,3.0,0.3,37.8,2.5,0.0
2,2021-11-01 07:15:39,2021-11-01 07:20:20,1.0,1.06,1.0,N,237,161,1,5.5,0.0,0.5,2.64,0.0,0.3,11.44,2.5,0.0
2,2021-11-01 07:29:43,2021-11-01 07:33:44,1.0,1.32,1.0,N,234,161,1,5.5,0.0,0.5,2.2,0.0,0.3,11.0,2.5,0.0
2,2021-11-01 07:42:59,2021-11-01 07:44:47,1.0,0.53,1.0,N,137,170,1,4.0,0.0,0.5,1.46,0.0,0.3,8.76,2.5,0.0
2,2021-11-01 07:47:24,2021-11-01 07:57:43,1.0,1.79,1.0,N,233,234,1,8.5,0.0,0.5,1.18,0.0,0.3,12.98,2.5,0.0
2,2021-11-01 07:03:41,2021-11-01 07:24:21,1.0,11.32,1.0,N,162,138,1,32.0,0.0,0.5,10.46,6.55,0.3,52.31,2.5,0.0
2,2021-11-01 07:54:07,2021-11-01 08:47:45,1.0,10.22,1.0,N,138,78,1,41.0,0.0,0.5,9.67,6.55,0.3,59.27,0.0,1.25
2,2021-11-01 07:09:15,2021-11-01 07:15:58,3.0,1.36,1.0,N,236,262,1,7.0,0.0,0.5,2.58,0.0,0.3,12.88,2.5,0.0
2,2021-11-01 07:17:19,2021-11-01 07:27:07,3.0,1.59,1.0,N,262,237,1,8.5,0.0,0.5,2.36,0.0,0.3,14.16,2.5,0.0
2,2021-11-01 07:36:11,2021-11-01 07:46:47,3.0,1.47,1.0,N,236,238,1,9.0,0.0,0.5,2.46,0.0,0.3,14.76,2.5,0.0
2,2021-11-01 07:50:47,2021-11-01 07:54:37,3.0,0.66,1.0,N,238,238,1,4.5,0.0,0.5,1.17,0.0,0.3,8.97,2.5,0.0
2,2021-11-01 07:58:19,2021-11-01 08:40:57,3.0,16.25,1.0,N,238,131,2,48.0,0.0,0.5,0.0,6.55,0.3,57.85,2.5,0.0
2,2021-11-01 07:11:03,2021-11-01 07:24:48,5.0,2.1,1.0,N,50,162,1,10.5,0.0,0.5,2.0,0.0,0.3,15.8,2.5,0.0
2,2021-11-01 07:37:10,2021-11-01 07:50:11,5.0,1.68,1.0,N,161,50,2,10.0,0.0,0.5,0.0,0.0,0.3,13.3,2.5,0.0
2,2021-11-01 07:59:58,2021-11-01 08:09:46,5.0,1.13,1.0,N,246,186,1,8.0,0.0,0.5,1.0,0.0,0.3,12.3,2.5,0.0
2,2021-11-01 07:03:14,2021-11-01 07:09:13,2.0,1.53,1.0,N,233,162,1,6.5,0.0,0.5,1.96,0.0,0.3,11.76,2.5,0.0
2,2021-11-01 07:12:26,2021-11-01 07:17:41,2.0,0.78,1.0,N,162,170,1,5.5,0.0,0.5,0.88,0.0,0.3,9.68,2.5,0.0
2,2021-11-01 07:19:19,2021-11-01 07:27:51,2.0,1.2,1.0,N,170,164,1,7.5,0.0,0.5,2.16,0.0,0.3,12.96,2.5,0.0
2,2021-11-01 07:33:22,2021-11-01 07:41:41,2.0,1.41,1.0,N,186,161,1,7.5,0.0,0.5,2.16,0.0,0.3,12.96,2.5,0.0
2,2021-11-01 07:43:19,2021-11-01 07:53:59,2.0,1.43,1.0,N,163,237,2,9.0,0.0,0.5,0.0,0.0,0.3,12.3,2.5,0.0
2,2021-11-01 07:57:33,2021-11-01 08:08:41,2.0,2.09,1.0,N,141,142,1,9.5,0.0,0.5,1.0,0.0,0.3,13.8,2.5,0.0
2,2021-11-01 07:01:22,2021-11-01 07:09:16,1.0,1.34,1.0,N,143,239,1,7.5,0.0,0.5,1.0,0.0,0.3,11.8,2.5,0.0
2,2021-11-01 07:10:37,2021-11-01 07:22:37,1.0,2.93,1.0,N,239,161,1,11.5,0.0,0.5,2.96,0.0,0.3,17.76,2.5,0.0
2,2021-11-01 07:34:01,2021-11-01 07:41:13,1.0,1.53,1.0,N,48,142,1,7.5,0.0,0.5,2.16,0.0,0.3,12.96,2.5,0.0
2,2021-11-01 07:51:38,2021-11-01 07:57:06,1.0,1.21,1.0,N,143,43,2,6.0,0.0,0.5,0.0,0.0,0.3,9.3,2.5,0.0
2,2021-11-01 07:58:04,2021-11-01 08:12:14,1.0,1.76,1.0,N,43,141,1,10.5,0.0,0.5,2.0,0.0,0.3,15.8,2.5,0.0
2,2021-11-01 07:07:52,2021-11-01 08:12:45,1.0,17.54,2.0,N,132,48,1,52.0,0.0,0.5,12.37,6.55,0.3,75.47,2.5,1.25
1,2021-11-01 07:44:17,2021-11-01 07:59:39,1.0,2.6,1.0,N,264,163,1,12.5,2.5,0.5,3.15,0.0,0.3,18.95,2.5,0.0
1,2021-11-01 07:23:56,2021-11-01 07:40:04,1.0,3.3,1.0,N,65,107,1,14.0,2.5,0.5,5.15,0.0,0.3,22.45,2.5,0.0
1,2021-11-01 07:48:32,2021-11-01 07:56:18,1.0,1.1,1.0,N,137,234,1,6.5,2.5,0.5,1.95,0.0,0.3,11.75,2.5,0.0
2,2021-11-01 07:31:31,2021-11-01 07:42:12,2.0,2.53,1.0,N,125,246,1,10.5,0.0,0.5,2.0,0.0,0.3,15.8,2.5,0.0
2,2021-11-01 07:52:15,2021-11-01 08:03:33,3.0,2.33,1.0,N,68,13,2,11.0,0.0,0.5,0.0,0.0,0.3,14.3,2.5,0.0
1,2021-11-01 07:24:03,2021-11-01 07:32:10,0.0,2.0,1.0,N,166,239,1,8.5,2.5,0.5,2.36,0.0,0.3,14.16,2.5,0.0
1,2021-11-01 07:34:42,2021-11-01 07:51:33,0.0,3.2,1.0,N,239,137,2,14.0,2.5,0.5,0.0,0.0,0.3,17.3,2.5,0.0
2,2021-11-01 07:34:39,2021-11-01 07:49:52,1.0,2.84,1.0,N,74,262,1,12.5,0.0,0.5,3.16,0.0,0.3,18.96,2.5,0.0
2,2021-11-01 07:51:31,2021-11-01 07:56:49,1.0,1.84,1.0,N,262,229,1,7.5,0.0,0.5,3.24,0.0,0.3,14.04,2.5,0.0
2,2021-11-01 07:58:59,2021-11-01 08:07:24,1.0,0.94,1.0,N,229,237,1,7.0,0.0,0.5,2.06,0.0,0.3,12.36,2.5,0.0
2,2021-11-01 07:13:57,2021-11-01 07:24:06,1.0,2.7,1.0,N,140,161,1,10.5,0.0,0.5,4.0,0.0,0.3,17.8,2.5,0.0
2,2021-11-01 07:29:44,2021-11-01 07:33:33,1.0,0.71,1.0,N,100,161,1,4.5,0.0,0.5,1.17,0.0,0.3,8.97,2.5,0.0
2,2021-11-01 07:44:19,2021-11-01 07:48:09,1.0,0.94,1.0,N,237,236,1,5.0,0.0,0.5,1.66,0.0,0.3,9.96,2.5,0.0
2,2021-11-01 07:49:49,2021-11-01 07:58:58,1.0,1.87,1.0,N,263,41,1,8.5,0.0,0.5,1.18,0.0,0.3,12.98,2.5,0.0
1,2021-11-01 07:57:36,2021-11-01 08:46:10,1.0,9.9,1.0,N,138,246,1,36.0,3.75,0.5,9.42,6.55,0.3,56.52,2.5,1.25
1,2021-11-01 07:18:44,2021-11-01 07:24:15,1.0,1.1,1.0,N,237,263,1,6.0,2.5,0.5,1.86,0.0,0.3,11.16,2.5,0.0
1,2021-11-01 07:28:12,2021-11-01 07:33:49,1.0,0.9,1.0,N,263,140,1,6.0,2.5,0.5,1.85,0.0,0.3,11.15,2.5,0.0
1,2021-11-01 07:34:35,2021-11-01 07:49:29,1.0,4.9,1.0,N,140,42,4,17.0,2.5,0.5,0.0,0.0,0.3,20.3,2.5,0.0
1,2021-11-01 07:52:09,2021-11-01 08:36:00,1.0,9.6,1.0,N,42,79,2,34.0,2.5,0.5,0.0,0.0,0.3,37.3,2.5,0.0
1,2021-11-01 07:20:17,2021-11-01 07:38:45,1.0,3.8,1.0,N,148,48,1,16.0,2.5,0.5,1.0,0.0,0.3,20.3,2.5,0.0
1,2021-11-01 07:40:35,2021-11-01 07:51:31,1.0,1.9,1.0,N,50,162,1,9.0,2.5,0.5,2.45,0.0,0.3,14.75,2.5,0.0
1,2021-11-01 07:56:42,2021-11-01 08:03:47,1.0,1.7,1.0,N,162,90,1,7.5,2.5,0.5,2.15,0.0,0.3,12.95,2.5,0.0
2,2021-11-01 07:41:16,2021-11-01 08:15:54,3.0,9.98,1.0,N,138,162,1,30.5,0.0,0.5,8.32,6.55,0.3,49.92,2.5,1.25
2,2021-11-01 07:07:24,2021-11-01 07:21:31,1.0,2.36,1.0,N,237,233,1,12.0,0.0,0.5,3.06,0.0,0.3,18.36,2.5,0.0
2,2021-11-01 07:43:59,2021-11-01 07:53:44,1.0,1.86,1.0,N,137,230,1,9.0,0.0,0.5,1.0,0.0,0.3,13.3,2.5,0.0
2,2021-11-01 07:57:23,2021-11-01 08:05:49,2.0,1.41,1.0,N,48,161,1,7.5,0.0,0.5,2.16,0.0,0.3,12.96,2.5,0.0
1,2021-11-01 07:16:53,2021-11-01 07:24:54,1.0,1.8,1.0,N,140,161,1,8.5,2.5,0.5,2.36,0.0,0.3,14.16,2.5,0.0
1,2021-11-01 07:37:10,2021-11-01 07:41:45,1.0,1.1,1.0,N,234,186,1,5.5,2.5,0.5,1.75,0.0,0.3,10.55,2.5,0.0
1,2021-11-01 07:45:10,2021-11-01 07:52:59,1.0,1.5,1.0,N,68,48,1,7.5,2.5,0.5,2.0,0.0,0.3,12.8,2.5,0.0
2,2021-11-01 07:09:36,2021-11-01 07:14:11,1.0,0.79,1.0,N,237,237,2,5.0,0.0,0.5,0.0,0.0,0.3,8.3,2.5,0.0
2,2021-11-01 07:47:02,2021-11-01 07:54:07,1.0,1.25,1.0,N,48,143,1,7.0,0.0,0.5,2.7,0.0,0.3,13.0,2.5,0.0
2,2021-11-01 07:55:59,2021-11-01 08:03:02,1.0,1.85,1.0,N,143,151,1,7.5,0.0,0.5,1.5,0.0,0.3,12.3,2.5,0.0
2,2021-11-01 07:21:23,2021-11-01 07:33:23,1.0,2.71,1.0,N,263,162,1,11.0,0.0,0.5,0.7,0.0,0.3,15.0,2.5,0.0
2,2021-11-01 07:34:52,2021-11-01 07:47:52,1.0,2.3,1.0,N,162,236,1,10.5,0.0,0.5,2.76,0.0,0.3,16.56,2.5,0.0
2,2021-11-01 07:49:02,2021-11-01 07:54:59,1.0,1.37,1.0,N,236,162,1,6.5,0.0,0.5,2.45,0.0,0.3,12.25,2.5,0.0
2,2021-11-01 07:57:09,2021-11-01 08:18:08,1.0,6.79,1.0,N,162,261,1,22.5,0.0,0.5,3.87,0.0,0.3,29.67,2.5,0.0
2,2021-11-01 07:11:21,2021-11-01 07:28:47,1.0,3.0,1.0,N,100,140,1,13.5,0.0,0.5,3.36,0.0,0.3,20.16,2.5,0.0
2,2021-11-01 07:43:50,2021-11-01 07:50:43,1.0,2.11,1.0,N,263,74,1,8.0,0.0,0.5,3.39,0.0,0.3,14.69,2.5,0.0
2,2021-11-01 07:58:55,2021-11-01 08:35:15,1.0,8.05,1.0,N,74,186,1,30.0,0.0,0.5,8.32,0.0,0.3,41.62,2.5,0.0
1,2021-11-01 07:08:36,2021-11-01 07:20:07,1.0,3.8,1.0,N,263,170,1,13.0,2.5,0.5,3.25,0.0,0.3,19.55,2.5,0.0
1,2021-11-01 07:54:22,2021-11-01 08:12:55,1.0,2.5,1.0,N,166,236,1,13.5,2.5,0.5,2.0,0.0,0.3,18.8,2.5,0.0
2,2021-11-01 07:29:07,2021-11-01 07:50:07,1.0,5.15,1.0,N,41,233,2,19.5,0.0,0.5,0.0,0.0,0.3,22.8,2.5,0.0
2,2021-11-01 07:52:01,2021-11-01 08:04:28,1.0,1.03,1.0,N,233,164,1,9.0,0.0,0.5,1.84,0.0,0.3,14.14,2.5,0.0
2,2021-11-01 07:35:08,2021-11-01 07:48:19,1.0,3.07,1.0,N,186,231,1,12.0,0.0,0.5,3.82,0.0,0.3,19.12,2.5,0.0
1,2021-11-01 07:49:41,2021-11-01 08:23:10,1.0,1.4,99.0,N,205,205,1,16.2,0.0,0.5,0.0,0.0,0.3,17.0,0.0,0.0
1,2021-11-01 07:37:24,2021-11-01 07:45:32,1.0,1.5,1.0,N,79,125,2,7.5,2.5,0.5,0.0,0.0,0.3,10.8,2.5,0.0
1,2021-11-01 07:48:46,2021-11-01 07:56:52,0.0,2.1,1.0,N,249,170,2,8.5,2.5,0.5,0.0,0.0,0.3,11.8,2.5,0.0
1,2021-11-01 07:58:36,2021-11-01 08:06:38,2.0,1.2,1.0,N,170,237,1,7.5,2.5,0.5,2.15,0.0,0.3,12.95,2.5,0.0
2,2021-11-01 07:40:27,2021-11-01 08:30:10,1.0,9.69,1.0,N,138,163,1,37.0,0.0,0.5,12.02,6.55,0.3,60.12,2.5,1.25
2,2021-11-01 07:01:02,2021-11-01 07:11:49,1.0,3.41,1.0,N,263,137,1,11.5,0.0,0.5,2.96,0.0,0.3,17.76,2.5,0.0
2,2021-11-01 07:15:36,2021-11-01 07:24:48,1.0,2.05,1.0,N,107,125,2,9.0,0.0,0.5,0.0,0.0,0.3,12.3,2.5,0.0
2,2021-11-01 07:49:05,2021-11-01 08:03:06,1.0,3.32,1.0,N,161,231,1,13.0,0.0,0.5,3.26,0.0,0.3,19.56,2.5,0.0
1,2021-11-01 07:00:05,2021-11-01 08:10:57,1.0,19.1,1.0,N,132,133,2,62.5,0.0,0.5,0.0,0.0,0.3,63.3,0.0,0.0
1,2021-11-01 07:04:54,2021-11-01 07:08:57,1.0,1.2,1.0,N,137,229,1,5.5,2.5,0.5,1.75,0.0,0.3,10.55,2.5,0.0
1,2021-11-01 07:11:54,2021-11-01 07:15:54,1.0,0.8,1.0,N,141,141,1,5.0,2.5,0.5,1.65,0.0,0.3,9.95,2.5,0.0
1,2021-11-01 07:35:14,2021-11-01 07:48:39,1.0,2.3,1.0,N,233,142,1,11.0,2.5,0.5,2.5,0.0,0.3,16.8,2.5,0.0
1,2021-11-01 07:51:16,2021-11-01 07:54:34,1.0,0.6,1.0,N,142,239,1,4.5,2.5,0.5,1.17,0.0,0.3,8.97,2.5,0.0
1,2021-11-01 07:57:52,2021-11-01 08:51:52,1.0,21.2,2.0,N,142,132,1,52.0,2.5,0.5,15.45,6.55,0.3,77.3,2.5,0.0
1,2021-11-01 07:22:41,2021-11-01 07:31:00,1.0,1.8,1.0,N,236,163,1,8.0,2.5,0.5,2.26,0.0,0.3,13.56,2.5,0.0
1,2021-11-01 07:54:47,2021-11-01 08:10:23,2.0,3.0,1.0,N,140,74,2,12.5,2.5,0.5,0.0,0.0,0.3,15.8,2.5,0.0
2,2021-11-01 07:34:39,2021-11-01 07:41:26,1.0,1.45,1.0,N,141,161,1,7.0,0.0,0.5,1.03,0.0,0.3,11.33,2.5,0.0
2,2021-11-01 07:54:51,2021-11-01 08:12:54,1.0,6.02,1.0,N,239,13,1,19.5,0.0,0.5,4.56,0.0,0.3,27.36,2.5,0.0
2,2021-11-01 07:26:41,2021-11-01 07:33:56,1.0,1.51,1.0,N,237,161,1,7.0,0.0,0.5,2.2,0.0,0.3,12.5,2.5,0.0
2,2021-11-01 07:45:39,2021-11-01 07:55:32,1.0,1.05,1.0,N,229,141,1,7.5,0.0,0.5,2.16,0.0,0.3,12.96,2.5,0.0
2,2021-11-01 07:57:16,2021-11-01 08:13:30,1.0,2.53,1.0,N,141,230,1,12.5,0.0,0.5,0.0,0.0,0.3,15.8,2.5,0.0
2,2021-11-01 07:06:13,2021-11-01 07:14:43,1.0,1.6,1.0,N,162,186,1,8.0,0.0,0.5,2.26,0.0,0.3,13.56,2.5,0.0
2,2021-11-01 07:31:53,2021-11-01 07:57:23,1.0,4.8,1.0,N,107,238,1,19.0,0.0,0.5,3.0,0.0,0.3,25.3,2.5,0.0
2,2021-11-01 08:00:25,2021-11-01 08:17:53,1.0,4.47,1.0,N,238,68,1,16.5,0.0,0.5,3.96,0.0,0.3,23.76,2.5,0.0
2,2021-11-01 07:17:35,2021-11-01 08:02:12,3.0,10.81,1.0,N,247,50,1,39.5,0.0,0.5,0.0,0.0,0.3,40.3,0.0,0.0
2,2021-11-01 07:12:44,2021-11-01 07:26:52,2.0,2.9,1.0,N,249,161,1,12.0,0.0,0.5,3.06,0.0,0.3,18.36,2.5,0.0
2,2021-11-01 07:30:46,2021-11-01 07:58:18,3.0,4.74,1.0,N,162,145,1,21.0,0.0,0.5,4.86,0.0,0.3,29.16,2.5,0.0
1,2021-11-01 07:09:29,2021-11-01 07:18:00,1.0,0.7,1.0,N,162,164,1,7.0,2.5,0.5,0.0,0.0,0.3,10.3,2.5,0.0
1,2021-11-01 07:31:53,2021-11-01 07:43:11,1.0,1.6,1.0,N,170,163,1,9.0,2.5,0.5,2.45,0.0,0.3,14.75,2.5,0.0
1,2021-11-01 07:50:51,2021-11-01 07:57:18,1.0,0.8,1.0,N,100,161,1,6.0,2.5,0.5,2.75,0.0,0.3,12.05,2.5,0.0
1,2021-11-01 07:26:29,2021-11-01 07:50:39,1.0,4.3,1.0,N,166,141,1,18.5,2.5,0.5,0.0,0.0,0.3,21.8,2.5,0.0
1,2021-11-01 07:53:45,2021-11-01 08:03:24,1.0,1.3,1.0,N,140,162,1,8.0,2.5,0.5,2.8,0.0,0.3,14.1,2.5,0.0
2,2021-11-01 07:43:18,2021-11-01 07:49:37,1.0,1.02,1.0,N,50,230,1,6.0,0.0,0.5,1.86,0.0,0.3,11.16,2.5,0.0
2,2021-11-01 07:56:17,2021-11-01 08:02:59,1.0,0.91,1.0,N,186,234,2,6.0,0.0,0.5,0.0,0.0,0.3,9.3,2.5,0.0
2,2021-11-01 07:00:49,2021-11-01 07:13:56,1.0,1.97,1.0,N,48,229,1,10.5,0.0,0.5,2.76,0.0,0.3,16.56,2.5,0.0
2,2021-11-01 07:20:07,2021-11-01 07:28:14,1.0,1.39,1.0,N,170,68,1,7.5,0.0,0.5,1.5,0.0,0.3,12.3,2.5,0.0
2,2021-11-01 07:46:49,2021-11-01 07:51:30,1.0,1.0,1.0,N,50,143,2,5.5,0.0,0.5,0.0,0.0,0.3,8.8,2.5,0.0
1,2021-11-01 07:37:09,2021-11-01 07:51:11,1.0,2.8,1.0,N,236,230,1,12.0,2.5,0.5,2.7,0.0,0.3,18.0,2.5,0.0
2,2021-11-01 07:38:28,2021-11-01 08:03:04,1.0,6.75,1.0,N,138,196,1,24.0,0.0,0.5,3.0,0.0,0.3,29.05,0.0,1.25
2,2021-11-01 07:31:53,2021-11-01 07:34:12,2.0,0.47,1.0,N,79,114,1,4.0,0.0,0.5,0.0,0.0,0.3,7.3,2.5,0.0
2,2021-11-01 07:38:43,2021-11-01 07:52:17,2.0,2.92,1.0,N,113,163,1,12.0,0.0,0.5,3.82,0.0,0.3,19.12,2.5,0.0
2,2021-11-01 07:53:23,2021-11-01 08:01:37,2.0,0.87,1.0,N,237,140,1,7.0,0.0,0.5,2.06,0.0,0.3,12.36,2.5,0.0
1,2021-11-01 07:27:26,2021-11-01 07:48:49,0.0,4.5,1.0,N,25,137,1,18.0,2.5,0.5,3.0,0.0,0.3,24.3,2.5,0.0
1,2021-11-01 07:50:42,2021-11-01 08:19:38,1.0,6.1,1.0,N,137,34,2,24.5,2.5,0.5,0.0,0.0,0.3,27.8,2.5,0.0
1,2021-11-01 07:50:35,2021-11-01 08:29:33,2.0,8.1,1.0,Y,138,42,2,30.0,1.25,0.5,0.0,6.55,0.3,38.6,0.0,1.25
2,2021-11-01 07:51:10,2021-11-01 08:55:59,1.0,18.01,2.0,N,132,230,1,52.0,0.0,0.5,15.78,6.55,0.3,78.88,2.5,1.25
2,2021-11-01 07:10:47,2021-11-01 07:18:03,1.0,0.82,1.0,N,164,186,1,6.0,0.0,0.5,1.86,0.0,0.3,11.16,2.5,0.0
2,2021-11-01 07:19:47,2021-11-01 07:28:07,1.0,1.76,1.0,N,186,162,2,8.0,0.0,0.5,0.0,0.0,0.3,11.3,2.5,0.0
2,2021-11-01 07:30:42,2021-11-01 07:56:27,1.0,8.4,1.0,N,162,244,2,28.0,0.0,0.5,0.0,0.0,0.3,31.3,2.5,0.0
2,2021-11-01 07:08:11,2021-11-01 07:24:57,1.0,5.99,1.0,N,88,140,1,19.5,0.0,0.5,4.56,0.0,0.3,27.36,2.5,0.0
2,2021-11-01 07:33:17,2021-11-01 07:40:18,1.0,1.37,1.0,N,263,75,1,7.0,0.0,0.5,2.06,0.0,0.3,12.36,2.5,0.0
2,2021-11-01 07:45:31,2021-11-01 08:02:04,1.0,2.68,1.0,N,238,237,1,12.5,0.0,0.5,3.16,0.0,0.3,18.96,2.5,0.0
2,2021-11-01 07:20:17,2021-11-01 07:57:59,1.0,13.4,1.0,N,138,232,1,40.0,0.0,0.5,9.97,6.55,0.3,61.07,2.5,1.25
2,2021-11-01 07:03:09,2021-11-01 07:07:35,1.0,1.5,1.0,N,158,186,1,6.5,0.0,0.5,1.96,0.0,0.3,11.76,2.5,0.0
2,2021-11-01 07:12:07,2021-11-01 07:19:16,1.0,1.16,1.0,N,186,170,1,6.5,0.0,0.5,1.96,0.0,0.3,11.76,2.5,0.0
2,2021-11-01 07:20:44,2021-11-01 07:23:38,1.0,0.82,1.0,N,170,234,1,4.5,0.0,0.5,1.17,0.0,0.3,8.97,2.5,0.0
2,2021-11-01 07:47:24,2021-11-01 07:53:47,1.0,1.25,1.0,N,249,79,1,6.5,0.0,0.5,1.96,0.0,0.3,11.76,2.5,0.0
2,2021-11-01 07:57:38,2021-11-01 08:03:20,1.0,1.69,1.0,N,79,170,2,7.0,0.0,0.5,0.0,0.0,0.3,10.3,2.5,0.0
2,2021-11-01 07:21:24,2021-11-01 07:40:32,2.0,3.62,1.0,N,107,236,1,15.0,0.0,0.5,1.83,0.0,0.3,20.13,2.5,0.0
2,2021-11-01 07:43:38,2021-11-01 07:50:21,2.0,1.11,1.0,N,43,43,1,6.5,0.0,0.5,1.96,0.0,0.3,11.76,2.5,0.0
2,2021-11-01 07:52:09,2021-11-01 08:04:31,2.0,1.95,1.0,N,239,237,1,10.0,0.0,0.5,2.66,0.0,0.3,15.96,2.5,0.0
2,2021-11-01 07:01:00,2021-11-01 07:26:21,1.0,4.6,1.0,N,143,74,1,18.0,0.0,0.5,0.0,0.0,0.3,21.3,2.5,0.0
2,2021-11-01 07:32:52,2021-11-01 07:44:20,1.0,1.82,1.0,N,75,42,2,9.5,0.0,0.5,0.0,0.0,0.3,10.3,0.0,0.0
1,2021-11-01 07:44:41,2021-11-01 08:04:25,1.0,4.6,1.0,N,88,68,1,18.0,2.5,0.5,2.0,0.0,0.3,23.3,2.5,0.0
1,2021-11-01 07:41:37,2021-11-01 07:55:11,1.0,1.3,1.0,N,162,140,2,10.0,2.5,0.5,0.0,0.0,0.3,13.3,2.5,0.0
1,2021-11-01 07:56:40,2021-11-01 08:00:38,1.0,0.9,1.0,N,141,236,1,5.0,2.5,0.5,1.65,0.0,0.3,9.95,2.5,0.0
2,2021-11-01 07:38:27,2021-11-01 07:47:12,1.0,1.64,1.0,N,239,230,1,8.0,0.0,0.5,2.26,0.0,0.3,13.56,2.5,0.0
2,2021-11-01 07:50:59,2021-11-01 08:07:23,1.0,2.75,1.0,N,100,238,1,13.0,0.0,0.5,5.0,0.0,0.3,21.3,2.5,0.0
2,2021-11-01 07:48:06,2021-11-01 07:54:40,1.0,1.6,1.0,N,166,238,1,7.0,0.0,0.5,1.2,0.0,0.3,9.0,0.0,0.0
2,2021-11-01 07:57:12,2021-11-01 08:06:34,3.0,1.8,1.0,N,238,143,1,8.5,0.0,0.5,2.36,0.0,0.3,14.16,2.5,0.0
2,2021-11-01 07:58:54,2021-11-01 08:04:51,1.0,0.89,1.0,N,141,263,1,6.0,0.0,0.5,1.86,0.0,0.3,11.16,2.5,0.0
2,2021-11-01 07:08:04,2021-11-01 07:45:07,2.0,20.27,3.0,N,162,1,1,74.0,0.0,0.0,19.26,22.0,0.3,115.56,0.0,0.0
2,2021-11-01 07:35:28,2021-11-01 08:11:59,1.0,8.94,1.0,N,223,25,1,29.0,0.0,0.5,0.0,0.0,0.3,29.8,0.0,0.0
1,2021-11-01 07:51:28,2021-11-01 08:17:10,1.0,3.6,1.0,N,224,237,1,17.5,2.5,0.5,4.15,0.0,0.3,24.95,2.5,0.0
2,2021-11-01 07:39:54,2021-11-01 07:49:03,1.0,1.63,1.0,N,141,236,1,8.5,0.0,0.5,1.65,0.0,0.3,13.45,2.5,0.0
2,2021-11-01 07:52:03,2021-11-01 07:55:12,1.0,0.8,1.0,N,236,75,1,4.5,0.0,0.5,1.0,0.0,0.3,8.8,2.5,0.0
2,2021-11-01 07:58:49,2021-11-01 08:31:10,1.0,6.63,1.0,N,236,114,1,27.0,0.0,0.5,9.09,0.0,0.3,39.39,2.5,0.0
2,2021-11-01 07:37:47,2021-11-01 07:52:53,1.0,3.06,1.0,N,158,162,1,13.0,0.0,0.5,1.0,0.0,0.3,17.3,2.5,0.0
2,2021-11-01 07:04:13,2021-11-01 07:08:23,1.0,0.92,1.0,N,162,162,1,5.0,0.0,0.5,1.66,0.0,0.3,9.96,2.5,0.0
2,2021-11-01 07:10:05,2021-11-01 07:14:35,1.0,0.8,1.0,N,141,237,1,5.0,0.0,0.5,1.66,0.0,0.3,9.96,2.5,0.0
2,2021-11-01 07:19:59,2021-11-01 07:25:26,1.0,1.55,1.0,N,43,161,1,6.5,0.0,0.5,1.0,0.0,0.3,10.8,2.5,0.0
2,2021-11-01 07:03:44,2021-11-01 07:19:22,1.0,4.09,1.0,N,186,75,1,14.5,0.0,0.5,2.0,0.0,0.3,19.8,2.5,0.0
2,2021-11-01 07:24:38,2021-11-01 07:35:38,1.0,2.79,1.0,N,75,162,1,10.5,0.0,0.5,2.76,0.0,0.3,16.56,2.5,0.0
2,2021-11-01 07:37:03,2021-11-01 07:45:26,1.0,1.29,1.0,N,162,237,1,7.5,0.0,0.5,2.16,0.0,0.3,12.96,2.5,0.0
2,2021-11-01 07:48:09,2021-11-01 07:55:36,1.0,1.53,1.0,N,237,164,1,7.5,0.0,0.5,2.7,0.0,0.3,13.5,2.5,0.0
2,2021-11-01 07:57:40,2021-11-01 08:13:27,2.0,3.88,1.0,N,164,13,1,15.0,0.0,0.5,0.0,0.0,0.3,18.3,2.5,0.0
1,2021-11-01 07:59:28,2021-11-01 09:07:38,1.0,18.6,2.0,N,132,113,2,52.0,3.75,0.5,0.0,6.55,0.3,63.1,2.5,1.25
1,2021-11-01 07:40:58,2021-11-01 07:59:10,2.0,3.6,1.0,N,237,249,1,14.5,2.5,0.5,4.45,0.0,0.3,22.25,2.5,0.0
1,2021-11-01 07:57:05,2021-11-01 08:22:08,1.0,10.6,1.0,N,229,138,1,31.5,2.5,0.5,8.25,6.55,0.3,49.6,2.5,0.0
2,2021-11-01 07:46:32,2021-11-01 07:51:26,1.0,0.46,1.0,N,229,140,1,5.0,0.0,0.5,1.66,0.0,0.3,9.96,2.5,0.0
2,2021-11-01 07:55:12,2021-11-01 08:18:15,1.0,7.36,1.0,N,229,13,1,25.5,0.0,0.5,5.76,0.0,0.3,34.56,2.5,0.0
2,2021-11-01 07:51:06,2021-11-01 08:04:20,1.0,1.68,1.0,N,24,42,1,10.0,0.0,0.5,2.2,0.0,0.3,13.0,0.0,0.0
1,2021-11-01 07:29:11,2021-11-01 07:41:02,1.0,1.9,1.0,N,237,100,2,9.5,2.5,0.5,0.0,0.0,0.3,12.8,2.5,0.0
1,2021-11-01 07:42:58,2021-11-01 07:56:15,1.0,2.3,1.0,N,48,237,1,11.0,2.5,0.5,3.55,0.0,0.3,17.85,2.5,0.0
2,2021-11-01 07:56:24,2021-11-01 08:35:30,6.0,9.77,1.0,N,138,48,1,31.5,0.0,0.5,4.0,6.55,0.3,46.6,2.5,1.25
2,2021-11-01 07:51:43,2021-11-01 08:50:19,1.0,14.47,1.0,N,138,231,1,49.0,0.0,0.5,11.77,6.55,0.3,71.87,2.5,1.25
1,2021-11-01 07:15:05,2021-11-01 07:23:15,1.0,2.5,1.0,N,263,162,1,9.5,2.5,0.5,2.56,0.0,0.3,15.36,2.5,0.0
1,2021-11-01 07:43:01,2021-11-01 07:54:23,1.0,1.7,1.0,N,239,163,1,9.5,2.5,0.5,0.0,0.0,0.3,12.8,2.5,0.0
2,2021-11-01 07:02:31,2021-11-01 07:38:05,1.0,8.35,1.0,N,138,161,2,29.0,0.0,0.5,0.0,6.55,0.3,40.1,2.5,1.25
2,2021-11-01 07:02:41,2021-11-01 07:05:14,1.0,1.04,1.0,N,79,137,1,5.0,0.0,0.5,1.0,0.0,0.3,9.3,2.5,0.0
2,2021-11-01 07:08:00,2021-11-01 07:38:29,1.0,15.8,2.0,N,137,132,1,52.0,0.0,0.5,12.37,6.55,0.3,75.47,2.5,1.25
2,2021-11-01 07:52:07,2021-11-01 08:12:49,2.0,4.25,1.0,N,138,146,1,16.5,0.0,0.5,3.71,0.0,0.3,22.26,0.0,1.25
2,2021-11-01 07:39:42,2021-11-01 08:02:23,1.0,2.39,1.0,N,162,75,1,15.5,0.0,0.5,3.76,0.0,0.3,22.56,2.5,0.0
1,2021-11-01 07:33:14,2021-11-01 07:45:25,1.0,3.5,1.0,N,138,260,2,12.5,1.25,0.5,0.0,0.0,0.3,14.55,0.0,1.25
1,2021-11-01 07:51:19,2021-11-01 09:02:53,1.0,19.3,1.0,N,68,197,1,65.5,2.5,0.5,0.0,0.0,0.3,68.8,2.5,0.0
1,2021-11-01 07:39:04,2021-11-01 08:03:28,1.0,3.7,1.0,Y,234,236,1,18.0,2.5,0.5,6.35,0.0,0.3,27.65,2.5,0.0
2,2021-11-01 07:27:36,2021-11-01 07:37:47,1.0,1.28,1.0,N,107,68,1,8.0,0.0,0.5,1.0,0.0,0.3,12.3,2.5,0.0
2,2021-11-01 07:42:11,2021-11-01 07:55:35,1.0,1.8,1.0,N,186,162,1,10.0,0.0,0.5,2.66,0.0,0.3,15.96,2.5,0.0
1,2021-11-01 07:27:10,2021-11-01 08:15:01,1.0,17.2,1.0,N,229,101,1,50.5,2.5,0.5,10.75,0.0,0.3,64.55,2.5,0.0
1,2021-11-01 07:05:20,2021-11-01 07:15:16,1.0,2.2,1.0,N,113,161,1,10.0,2.5,0.5,2.65,0.0,0.3,15.95,2.5,0.0
1,2021-11-01 07:17:19,2021-11-01 07:18:56,1.0,0.4,1.0,N,161,161,1,3.5,2.5,0.5,1.35,0.0,0.3,8.15,2.5,0.0
1,2021-11-01 07:34:09,2021-11-01 08:02:03,1.0,8.1,1.0,Y,158,26,1,27.0,2.5,0.5,5.53,6.55,0.3,42.38,2.5,0.0
1,2021-11-01 07:04:02,2021-11-01 07:10:49,1.0,1.3,1.0,N,237,230,1,7.0,2.5,0.5,2.05,0.0,0.3,12.35,2.5,0.0
1,2021-11-01 07:57:15,2021-11-01 08:12:33,2.0,1.4,1.0,N,229,233,1,11.0,2.5,0.5,1.5,0.0,0.3,15.8,2.5,0.0
2,2021-11-01 07:20:54,2021-11-01 07:23:48,1.0,0.57,1.0,N,132,132,1,4.0,0.0,0.5,1.44,0.0,0.3,7.49,0.0,1.25
2,2021-11-01 07:41:31,2021-11-01 08:29:19,1.0,12.03,1.0,N,132,53,2,40.0,0.0,0.5,0.0,0.0,0.3,42.05,0.0,1.25
1,2021-11-01 07:34:20,2021-11-01 07:44:21,1.0,3.5,1.0,N,141,107,1,12.5,2.5,0.5,2.37,0.0,0.3,18.17,2.5,0.0
1,2021-11-01 07:54:28,2021-11-01 08:20:33,2.0,4.9,1.0,N,233,238,2,20.0,2.5,0.5,0.0,0.0,0.3,23.3,2.5,0.0
2,2021-11-01 07:54:07,2021-11-01 08:06:15,1.0,2.74,1.0,N,50,90,2,11.0,0.0,0.5,0.0,0.0,0.3,14.3,2.5,0.0
1,2021-11-01 07:47:29,2021-11-01 07:59:19,1.0,1.4,1.0,N,68,161,1,9.0,2.5,0.5,1.0,0.0,0.3,13.3,2.5,0.0
2,2021-11-01 07:37:31,2021-11-01 07:44:45,1.0,1.55,1.0,N,24,239,1,7.5,0.0,0.5,2.7,0.0,0.3,13.5,2.5,0.0
1,2021-11-01 07:43:59,2021-11-01 08:02:14,2.0,2.9,1.0,N,141,238,1,13.5,2.5,0.5,1.68,0.0,0.3,18.48,2.5,0.0
2,2021-11-01 07:54:08,2021-11-01 08:10:11,1.0,5.9,1.0,N,141,231,2,20.0,0.0,0.5,0.0,0.0,0.3,23.3,2.5,0.0
1,2021-11-01 07:24:43,2021-11-01 07:32:24,2.0,1.1,1.0,N,90,137,1,7.0,2.5,0.5,2.05,0.0,0.3,12.35,2.5,0.0
1,2021-11-01 07:35:47,2021-11-01 07:42:29,1.0,1.3,1.0,N,170,141,1,7.0,2.5,0.5,1.03,0.0,0.3,11.33,2.5,0.0
1,2021-11-01 07:59:21,2021-11-01 08:04:15,1.0,0.8,1.0,N,162,164,1,5.5,2.5,0.5,1.76,0.0,0.3,10.56,2.5,0.0
2,2021-11-01 07:42:01,2021-11-01 07:58:05,1.0,2.87,1.0,N,43,161,1,13.0,0.0,0.5,2.0,0.0,0.3,18.3,2.5,0.0
2,2021-11-01 07:20:17,2021-11-01 07:31:35,1.0,1.77,1.0,N,107,100,1,9.0,0.0,0.5,1.5,0.0,0.3,13.8,2.5,0.0
2,2021-11-01 07:34:33,2021-11-01 07:36:41,1.0,0.66,1.0,N,100,230,2,4.0,0.0,0.5,0.0,0.0,0.3,7.3,2.5,0.0
2,2021-11-01 07:44:18,2021-11-01 07:54:20,1.0,1.32,1.0,N,162,237,1,8.0,0.0,0.5,2.26,0.0,0.3,13.56,2.5,0.0
2,2021-11-01 07:55:51,2021-11-01 08:03:20,1.0,0.79,1.0,N,236,140,2,6.5,0.0,0.5,0.0,0.0,0.3,9.8,2.5,0.0
2,2021-11-01 07:05:23,2021-11-01 07:14:38,1.0,1.29,1.0,N,229,170,1,8.0,0.0,0.5,2.26,0.0,0.3,13.56,2.5,0.0
2,2021-11-01 07:25:06,2021-11-01 07:35:05,1.0,2.15,1.0,N,170,158,1,9.5,0.0,0.5,3.2,0.0,0.3,16.0,2.5,0.0
2,2021-11-01 07:52:26,2021-11-01 08:02:26,1.0,1.61,1.0,N,48,162,1,8.5,0.0,0.5,2.36,0.0,0.3,14.16,2.5,0.0
1,2021-11-01 07:30:08,2021-11-01 07:37:36,1.0,1.5,1.0,N,107,186,1,7.5,2.5,0.5,2.7,0.0,0.3,13.5,2.5,0.0
1,2021-11-01 07:52:17,2021-11-01 07:59:48,1.0,1.4,1.0,N,186,162,1,7.5,2.5,0.5,2.15,0.0,0.3,12.95,2.5,0.0
2,2021-11-01 07:19:59,2021-11-01 07:22:54,2.0,0.93,1.0,N,237,236,1,4.5,0.0,0.5,1.56,0.0,0.3,9.36,2.5,0.0
2,2021-11-01 07:27:45,2021-11-01 07:37:05,2.0,2.6,1.0,N,236,230,1,10.0,0.0,0.5,2.66,0.0,0.3,15.96,2.5,0.0
2,2021-11-01 07:41:36,2021-11-01 07:47:09,2.0,0.74,1.0,N,142,230,1,5.5,0.0,0.5,1.32,0.0,0.3,10.12,2.5,0.0
2,2021-11-01 07:54:52,2021-11-01 08:05:44,1.0,1.39,1.0,N,142,237,2,8.5,0.0,0.5,0.0,0.0,0.3,11.8,2.5,0.0
1,2021-11-01 07:07:58,2021-11-01 07:14:47,1.0,1.0,1.0,N,239,151,1,7.0,2.5,0.5,2.05,0.0,0.3,12.35,2.5,0.0
1,2021-11-01 07:22:14,2021-11-01 07:34:51,1.0,2.3,1.0,N,239,237,1,11.0,2.5,0.5,4.25,0.0,0.3,18.55,2.5,0.0
1,2021-11-01 07:44:29,2021-11-01 07:58:21,2.0,2.4,1.0,N,142,43,1,11.5,2.5,0.5,1.2,0.0,0.3,16.0,2.5,0.0
1,2021-11-01 07:59:31,2021-11-01 08:09:56,1.0,1.2,1.0,N,75,238,1,8.5,2.5,0.5,1.77,0.0,0.3,13.57,2.5,0.0
2,2021-11-01 07:22:28,2021-11-01 07:30:37,1.0,2.09,1.0,N,142,162,1,8.5,0.0,0.5,0.83,0.0,0.3,12.63,2.5,0.0
2,2021-11-01 07:43:42,2021-11-01 07:55:25,1.0,2.27,1.0,N,43,170,2,10.5,0.0,0.5,0.0,0.0,0.3,13.8,2.5,0.0
1,2021-11-01 07:05:17,2021-11-01 07:17:00,1.0,1.7,1.0,N,68,50,1,9.5,2.5,0.5,3.2,0.0,0.3,16.0,2.5,0.0
1,2021-11-01 07:20:27,2021-11-01 07:36:57,1.0,4.3,1.0,N,48,13,1,15.5,2.5,0.5,2.5,0.0,0.3,21.3,2.5,0.0
1,2021-11-01 07:45:47,2021-11-01 08:41:10,1.0,15.2,2.0,N,13,132,1,52.0,2.5,0.5,11.05,0.0,0.3,66.35,2.5,0.0
2,2021-11-01 07:48:11,2021-11-01 07:53:50,1.0,1.03,1.0,N,170,161,1,6.0,0.0,0.5,2.33,0.0,0.3,11.63,2.5,0.0
2,2021-11-01 07:30:56,2021-11-01 07:37:30,2.0,1.09,1.0,N,114,158,1,6.5,0.0,0.5,1.96,0.0,0.3,11.76,2.5,0.0
2,2021-11-01 07:46:44,2021-11-01 07:54:52,2.0,1.93,1.0,N,114,164,1,8.0,0.0,0.5,1.7,0.0,0.3,13.0,2.5,0.0
1,2021-11-01 07:07:16,2021-11-01 07:10:50,1.0,0.9,1.0,N,79,137,2,5.0,2.5,0.5,0.0,0.0,0.3,8.3,2.5,0.0
1,2021-11-01 07:16:25,2021-11-01 07:22:47,1.0,1.6,1.0,N,170,211,1,7.5,2.5,0.5,2.15,0.0,0.3,12.95,2.5,0.0
1,2021-11-01 07:25:20,2021-11-01 07:34:09,1.0,2.0,1.0,Y,125,186,1,8.5,2.5,0.5,2.36,0.0,0.3,14.16,2.5,0.0
1,2021-11-01 07:38:36,2021-11-01 07:47:59,2.0,1.8,1.0,N,90,231,1,8.5,2.5,0.5,2.35,0.0,0.3,14.15,2.5,0.0
1,2021-11-01 07:52:43,2021-11-01 08:41:12,1.0,19.8,2.0,Y,231,132,1,52.0,2.5,0.5,13.8,0.0,0.3,69.1,2.5,0.0
1,2021-11-01 07:52:44,2021-11-01 08:13:23,2.0,4.3,1.0,N,138,146,2,17.0,1.25,0.5,0.0,0.0,0.3,19.05,0.0,1.25
2,2021-11-01 07:42:38,2021-11-01 08:14:22,1.0,7.3,1.0,N,114,36,1,26.5,0.0,0.5,5.96,0.0,0.3,35.76,2.5,0.0
2,2021-11-01 07:55:18,2021-11-01 08:04:17,1.0,2.85,1.0,N,226,229,2,10.5,0.0,0.5,0.0,0.0,0.3,13.8,2.5,0.0
2,2021-11-01 07:00:25,2021-11-01 08:06:39,1.0,16.32,1.0,N,132,255,1,54.5,0.0,0.5,13.82,0.0,0.3,70.37,0.0,1.25
2,2021-11-01 07:06:57,2021-11-01 07:34:04,1.0,8.17,1.0,N,132,86,2,26.5,0.0,0.5,0.0,0.0,0.3,28.55,0.0,1.25
2,2021-11-01 07:41:34,2021-11-01 07:52:04,2.0,1.65,1.0,N,75,262,1,8.5,0.0,0.5,2.36,0.0,0.3,14.16,2.5,0.0
2,2021-11-01 07:54:10,2021-11-01 08:00:14,2.0,0.81,1.0,N,262,236,1,5.5,0.0,0.5,2.2,0.0,0.3,11.0,2.5,0.0
2,2021-11-01 07:16:41,2021-11-01 07:24:39,1.0,2.06,1.0,N,107,161,1,8.5,0.0,0.5,2.95,0.0,0.3,14.75,2.5,0.0
2,2021-11-01 07:46:33,2021-11-01 07:51:29,1.0,0.76,1.0,N,237,236,2,5.0,0.0,0.5,0.0,0.0,0.3,8.3,2.5,0.0
2,2021-11-01 07:52:02,2021-11-01 07:58:46,1.0,0.96,1.0,N,236,238,1,6.5,0.0,0.5,1.96,0.0,0.3,11.76,2.5,0.0
2,2021-11-01 07:33:32,2021-11-01 07:47:53,1.0,2.97,1.0,N,166,143,1,12.5,0.0,0.5,2.0,0.0,0.3,17.8,2.5,0.0
2,2021-11-01 07:49:31,2021-11-01 08:19:33,1.0,11.78,1.0,N,143,138,1,36.0,0.0,0.5,9.17,6.55,0.3,55.02,2.5,0.0
2,2021-11-01 07:53:46,2021-11-01 08:02:28,2.0,1.22,1.0,N,79,107,1,7.5,0.0,0.5,1.0,0.0,0.3,11.8,2.5,0.0
2,2021-11-01 07:42:43,2021-11-01 07:42:52,2.0,0.09,5.0,N,264,264,1,68.5,0.0,0.0,13.76,0.0,0.3,82.56,0.0,0.0
2,2021-11-01 07:21:41,2021-11-01 07:30:40,1.0,2.1,1.0,N,75,140,1,9.0,0.0,0.5,1.23,0.0,0.3,13.53,2.5,0.0
2,2021-11-01 07:36:25,2021-11-01 07:43:46,2.0,1.18,1.0,N,237,236,1,7.0,0.0,0.5,2.58,0.0,0.3,12.88,2.5,0.0
2,2021-11-01 07:46:16,2021-11-01 07:50:29,2.0,0.9,1.0,N,236,237,1,5.0,0.0,0.5,1.66,0.0,0.3,9.96,2.5,0.0
2,2021-11-01 07:51:18,2021-11-01 07:53:53,1.0,0.73,1.0,N,237,237,1,4.5,0.0,0.5,1.17,0.0,0.3,8.97,2.5,0.0
2,2021-11-01 07:12:54,2021-11-02 06:51:48,6.0,9.89,1.0,N,237,138,1,35.0,0.0,0.5,7.66,0.0,0.3,45.96,2.5,0.0
2,2021-11-01 07:39:00,2021-11-01 07:43:22,2.0,1.21,1.0,N,236,237,1,5.5,0.0,0.5,2.0,0.0,0.3,10.8,2.5,0.0
2,2021-11-01 07:43:59,2021-11-01 07:58:23,1.0,1.74,1.0,N,237,238,2,10.5,0.0,0.5,0.0,0.0,0.3,13.8,2.5,0.0
1,2021-11-01 07:24:50,2021-11-01 07:29:50,1.0,0.9,1.0,N,7,193,2,5.5,0.0,0.5,0.0,0.0,0.3,6.3,0.0,0.0
1,2021-11-01 07:53:00,2021-11-01 08:17:37,1.0,2.9,1.0,Y,141,238,1,16.0,2.5,0.5,3.85,0.0,0.3,23.15,2.5,0.0
2,2021-11-01 07:34:20,2021-11-01 07:44:53,1.0,2.17,1.0,N,142,151,1,10.0,0.0,0.5,3.0,0.0,0.3,16.3,2.5,0.0
2,2021-11-01 07:46:41,2021-11-01 07:54:38,1.0,1.94,1.0,N,151,142,1,8.5,0.0,0.5,1.18,0.0,0.3,12.98,2.5,0.0
2,2021-11-01 07:56:02,2021-11-01 08:01:28,1.0,1.18,1.0,N,142,161,1,6.0,0.0,0.5,1.86,0.0,0.3,11.16,2.5,0.0
2,2021-11-01 07:22:51,2021-11-01 07:31:23,1.0,1.66,1.0,N,68,161,1,8.0,0.0,0.5,2.26,0.0,0.3,13.56,2.5,0.0
2,2021-11-01 07:54:55,2021-11-01 08:04:57,1.0,1.55,1.0,N,142,238,1,9.0,0.0,0.5,3.08,0.0,0.3,15.38,2.5,0.0
1,2021-11-01 07:15:42,2021-11-01 07:23:24,0.0,0.9,1.0,N,100,161,1,7.0,2.5,0.5,2.05,0.0,0.3,12.35,2.5,0.0
1,2021-11-01 07:33:29,2021-11-01 07:50:40,0.0,2.4,1.0,N,43,43,1,13.0,2.5,0.5,3.25,0.0,0.3,19.55,2.5,0.0
1,2021-11-01 07:55:58,2021-11-01 08:06:14,0.0,2.4,1.0,N,236,162,1,10.0,2.5,0.5,2.0,0.0,0.3,15.3,2.5,0.0
2,2021-11-01 07:14:56,2021-11-01 07:43:19,1.0,5.29,1.0,N,41,234,1,21.5,0.0,0.5,3.0,0.0,0.3,27.8,2.5,0.0
2,2021-11-01 07:52:23,2021-11-01 07:56:58,1.0,0.81,1.0,N,234,164,1,5.0,0.0,0.5,5.55,0.0,0.3,13.85,2.5,0.0
2,2021-11-01 07:19:02,2021-11-01 07:35:19,1.0,2.98,1.0,N,162,239,2,13.5,0.0,0.5,0.0,0.0,0.3,16.8,2.5,0.0
2,2021-11-01 07:52:22,2021-11-01 07:57:03,1.0,0.68,1.0,N,237,236,1,5.0,0.0,0.5,1.66,0.0,0.3,9.96,2.5,0.0
2,2021-11-01 07:58:34,2021-11-01 08:07:43,1.0,1.95,1.0,N,43,161,1,9.0,0.0,0.5,1.84,0.0,0.3,14.14,2.5,0.0
2,2021-11-01 07:42:50,2021-11-01 08:09:47,5.0,8.52,1.0,N,166,13,1,27.0,0.0,0.5,6.06,0.0,0.3,36.36,2.5,0.0
2,2021-11-01 07:48:39,2021-11-01 07:52:51,1.0,0.85,1.0,N,237,161,1,5.0,0.0,0.5,1.66,0.0,0.3,9.96,2.5,0.0
2,2021-11-01 07:26:17,2021-11-01 08:23:42,2.0,10.72,1.0,N,132,62,2,42.5,0.0,0.5,0.0,0.0,0.3,44.55,0.0,1.25
2,2021-11-01 07:15:59,2021-11-01 08:27:19,5.0,12.25,1.0,N,132,171,2,49.5,0.0,0.5,0.0,0.0,0.3,51.55,0.0,1.25
2,2021-11-01 07:39:49,2021-11-01 08:07:14,1.0,6.67,1.0,N,138,160,1,23.0,0.0,0.5,4.76,0.0,0.3,29.81,0.0,1.25
1,2021-11-01 07:02:22,2021-11-01 07:13:13,1.0,2.0,1.0,N,125,234,1,9.5,2.5,0.5,0.0,0.0,0.3,12.8,2.5,0.0
1,2021-11-01 07:18:39,2021-11-01 07:28:30,1.0,1.1,1.0,N,170,68,1,8.0,2.5,0.5,2.25,0.0,0.3,13.55,2.5,0.0
1,2021-11-01 07:33:46,2021-11-01 07:47:29,2.0,2.4,1.0,N,186,229,2,11.5,2.5,0.5,0.0,0.0,0.3,14.8,2.5,0.0
1,2021-11-01 07:49:00,2021-11-01 08:00:39,2.0,2.2,1.0,N,229,107,1,10.0,2.5,0.5,2.0,0.0,0.3,15.3,2.5,0.0
2,2021-11-01 07:10:53,2021-11-01 07:41:01,1.0,10.35,1.0,N,147,232,1,31.5,0.0,0.5,0.0,6.55,0.3,38.85,0.0,0.0
2,2021-11-01 07:57:42,2021-11-01 08:08:25,1.0,1.71,1.0,N,229,43,1,9.0,0.0,0.5,3.08,0.0,0.3,15.38,2.5,0.0
1,2021-11-01 07:19:33,2021-11-01 07:25:59,1.0,1.0,1.0,N,237,262,1,6.5,2.5,0.5,1.47,0.0,0.3,11.27,2.5,0.0
1,2021-11-01 07:29:14,2021-11-01 07:42:49,1.0,2.4,1.0,N,263,163,1,11.5,2.5,0.5,2.96,0.0,0.3,17.76,2.5,0.0
1,2021-11-01 07:47:21,2021-11-01 08:02:50,2.0,2.9,1.0,N,230,238,2,12.5,2.5,0.5,0.0,0.0,0.3,15.8,2.5,0.0
1,2021-11-01 07:07:00,2021-11-01 07:22:11,1.0,3.1,1.0,N,263,41,1,13.0,2.5,0.5,3.25,0.0,0.3,19.55,2.5,0.0
1,2021-11-01 07:33:11,2021-11-01 07:50:21,2.0,2.7,1.0,N,151,140,1,13.0,2.5,0.5,2.5,0.0,0.3,18.8,2.5,0.0
1,2021-11-01 07:55:41,2021-11-01 08:04:04,1.0,1.9,1.0,N,140,162,1,9.0,2.5,0.5,2.45,0.0,0.3,14.75,2.5,0.0
1,2021-11-01 07:12:27,2021-11-01 07:22:17,1.0,1.5,1.0,N,68,161,1,8.5,2.5,0.5,2.36,0.0,0.3,14.16,2.5,0.0
1,2021-11-01 07:57:09,2021-11-01 08:10:51,1.0,7.7,1.0,N,140,13,1,22.5,2.5,0.5,5.15,0.0,0.3,30.95,2.5,0.0
2,2021-11-01 07:20:14,2021-11-01 07:31:18,1.0,3.06,1.0,N,236,170,2,11.5,0.0,0.5,0.0,0.0,0.3,14.8,2.5,0.0
2,2021-11-01 07:37:37,2021-11-01 07:50:37,1.0,2.41,1.0,N,186,143,1,11.0,0.0,0.5,2.86,0.0,0.3,17.16,2.5,0.0
2,2021-11-01 07:19:45,2021-11-01 07:54:00,1.0,12.88,1.0,N,138,164,1,38.5,0.0,0.5,12.4,6.55,0.3,62.0,2.5,1.25
2,2021-11-01 07:46:10,2021-11-01 08:05:46,1.0,3.49,1.0,N,162,238,2,15.5,0.0,0.5,0.0,0.0,0.3,18.8,2.5,0.0
1,2021-11-01 07:31:47,2021-11-01 07:36:46,1.0,2.0,1.0,N,132,132,2,8.0,1.25,0.5,0.0,0.0,0.3,10.05,0.0,1.25
2,2021-11-01 06:58:51,2021-11-01 07:11:08,5.0,3.52,1.0,N,186,12,1,12.0,0.0,0.5,2.3,0.0,0.3,17.6,2.5,0.0
2,2021-11-01 07:17:38,2021-11-01 07:24:48,1.0,1.61,1.0,N,140,162,1,7.5,0.0,0.5,2.16,0.0,0.3,12.96,2.5,0.0
2,2021-11-01 07:27:07,2021-11-01 07:29:30,1.0,0.55,1.0,N,162,170,1,4.0,0.0,0.5,2.19,0.0,0.3,9.49,2.5,0.0
2,2021-11-01 07:35:06,2021-11-01 07:53:45,1.0,5.37,1.0,N,233,231,1,19.5,0.0,0.5,4.56,0.0,0.3,27.36,2.5,0.0
2,2021-11-01 07:58:40,2021-11-01 08:04:33,1.0,0.85,1.0,N,211,231,2,5.5,0.0,0.5,0.0,0.0,0.3,8.8,2.5,0.0
2,2021-11-01 07:01:12,2021-11-01 07:38:15,4.0,10.09,1.0,N,138,233,1,33.5,0.0,0.5,11.15,6.55,0.3,55.75,2.5,1.25
2,2021-11-01 07:43:09,2021-11-01 07:49:02,3.0,1.77,1.0,N,137,4,1,7.5,0.0,0.5,0.0,0.0,0.3,10.8,2.5,0.0
2,2021-11-01 07:36:43,2021-11-01 07:41:20,1.0,0.71,1.0,N,7,146,1,5.0,0.0,0.5,2.2,0.0,0.3,8.0,0.0,0.0
1,2021-11-01 07:05:48,2021-11-01 07:11:17,1.0,2.1,1.0,N,249,230,1,8.0,2.5,0.5,2.25,0.0,0.3,13.55,2.5,0.0
1,2021-11-01 07:21:46,2021-11-01 07:27:46,1.0,1.4,1.0,N,186,107,1,6.5,2.5,0.5,1.0,0.0,0.3,10.8,2.5,0.0
1,2021-11-01 07:29:21,2021-11-01 07:36:11,1.0,1.6,1.0,Y,107,230,1,7.5,2.5,0.5,1.94,0.0,0.3,12.74,2.5,0.0
1,2021-11-01 07:40:18,2021-11-01 07:44:32,1.0,0.7,1.0,N,100,164,1,5.0,2.5,0.5,1.65,0.0,0.3,9.95,2.5,0.0
1,2021-11-01 07:52:06,2021-11-01 08:10:58,1.0,3.1,1.0,N,186,140,1,14.5,2.5,0.5,0.0,0.0,0.3,17.8,2.5,0.0
2,2021-11-01 07:59:35,2021-11-01 08:49:53,1.0,12.17,1.0,N,135,161,1,41.5,0.0,0.5,0.0,6.55,0.3,48.85,0.0,0.0
2,2021-11-01 07:36:04,2021-11-01 07:40:36,2.0,1.23,1.0,N,41,43,1,6.0,0.0,0.5,1.36,0.0,0.3,8.16,0.0,0.0
2,2021-11-01 07:43:25,2021-11-01 07:52:48,2.0,1.3,1.0,N,236,141,2,8.0,0.0,0.5,0.0,0.0,0.3,11.3,2.5,0.0
1,2021-11-01 07:08:04,2021-11-01 07:08:04,1.0,0.0,1.0,N,141,264,2,12.5,2.5,0.5,0.0,0.0,0.3,15.8,2.5,0.0
1,2021-11-01 07:20:21,2021-11-01 07:20:27,1.0,3.1,1.0,N,170,170,1,12.5,2.5,0.5,0.0,0.0,0.3,15.8,2.5,0.0
1,2021-11-01 07:32:06,2021-11-01 07:40:02,1.0,2.1,1.0,N,186,114,1,8.5,2.5,0.5,2.35,0.0,0.3,14.15,2.5,0.0
1,2021-11-01 07:54:36,2021-11-01 08:03:40,1.0,1.5,1.0,N,68,234,1,8.0,2.5,0.5,1.7,0.0,0.3,13.0,2.5,0.0
2,2021-11-01 07:32:23,2021-11-01 07:43:06,1.0,2.25,1.0,N,140,75,1,9.5,0.0,0.5,2.56,0.0,0.3,15.36,2.5,0.0
2,2021-11-01 07:49:15,2021-11-01 07:53:19,1.0,0.7,1.0,N,263,140,1,5.0,0.0,0.5,0.0,0.0,0.3,8.3,2.5,0.0
2,2021-11-01 07:56:02,2021-11-01 08:05:21,1.0,2.45,1.0,N,140,161,1,10.0,0.0,0.5,3.99,0.0,0.3,17.29,2.5,0.0
1,2021-11-01 07:10:02,2021-11-01 07:26:00,1.0,4.5,1.0,N,113,262,1,15.0,3.0,0.5,1.0,0.0,0.3,19.8,2.5,0.0
1,2021-11-01 07:28:41,2021-11-01 07:41:12,1.0,2.6,1.0,N,262,161,2,11.0,3.0,0.5,0.0,0.0,0.3,14.8,2.5,0.0
1,2021-11-01 07:46:43,2021-11-01 07:52:38,1.0,1.1,1.0,Y,48,100,1,6.0,3.0,0.5,1.95,0.0,0.3,11.75,2.5,0.0
1,2021-11-01 07:54:22,2021-11-01 08:09:39,2.0,1.7,1.0,N,100,162,1,11.0,3.0,0.5,2.95,0.0,0.3,17.75,2.5,0.0
2,2021-11-01 07:57:00,2021-11-01 08:10:00,1.0,1.7,1.0,N,75,140,2,10.0,0.0,0.5,0.0,0.0,0.3,13.3,2.5,0.0
1,2021-11-01 07:12:25,2021-11-01 07:24:36,1.0,2.9,1.0,N,75,162,2,11.5,2.5,0.5,0.0,0.0,0.3,14.8,2.5,0.0
1,2021-11-01 07:26:07,2021-11-01 07:33:58,0.0,1.5,1.0,Y,162,137,2,7.5,2.5,0.5,0.0,0.0,0.3,10.8,2.5,0.0
1,2021-11-01 07:38:53,2021-11-01 07:57:03,0.0,6.4,1.0,N,137,168,2,20.0,2.5,0.5,0.0,0.0,0.3,23.3,2.5,0.0
2,2021-11-01 07:00:42,2021-11-01 07:13:25,1.0,2.15,1.0,N,262,162,1,10.5,0.0,0.5,1.38,0.0,0.3,15.18,2.5,0.0
2,2021-11-01 07:22:19,2021-11-01 07:26:35,1.0,0.78,1.0,N,48,230,1,5.0,0.0,0.5,2.08,0.0,0.3,10.38,2.5,0.0
2,2021-11-01 07:49:27,2021-11-01 08:03:21,1.0,1.86,1.0,N,143,141,1,11.0,0.0,0.5,2.86,0.0,0.3,17.16,2.5,0.0
2,2021-11-01 07:39:56,2021-11-01 07:53:35,3.0,2.51,1.0,N,239,161,1,12.0,0.0,0.5,3.06,0.0,0.3,18.36,2.5,0.0
2,2021-11-01 07:50:12,2021-11-01 08:09:55,2.0,3.59,1.0,N,231,162,1,15.5,0.0,0.5,2.82,0.0,0.3,21.62,2.5,0.0
2,2021-11-01 07:04:11,2021-11-01 08:18:32,5.0,18.05,2.0,N,132,100,1,52.0,0.0,0.5,12.62,6.55,0.3,75.72,2.5,1.25
1,2021-11-01 07:12:30,2021-11-01 07:16:58,1.0,1.3,1.0,N,68,170,1,6.0,2.5,0.5,2.75,0.0,0.3,12.05,2.5,0.0
1,2021-11-01 07:22:37,2021-11-01 07:44:10,2.0,3.9,1.0,N,170,239,2,17.0,2.5,0.5,0.0,0.0,0.3,20.3,2.5,0.0
1,2021-11-01 07:46:51,2021-11-01 07:59:49,1.0,2.6,1.0,N,239,161,1,11.5,2.5,0.5,6.0,0.0,0.3,20.8,2.5,0.0
2,2021-11-01 07:59:30,2021-11-01 08:07:50,1.0,1.14,1.0,N,141,161,1,7.0,0.0,0.5,2.06,0.0,0.3,12.36,2.5,0.0
2,2021-11-01 07:14:30,2021-11-01 07:18:36,1.0,1.37,1.0,N,50,100,1,6.0,0.0,0.5,2.2,0.0,0.3,11.5,2.5,0.0
2,2021-11-01 07:39:52,2021-11-01 07:49:32,1.0,1.27,1.0,N,100,233,1,7.5,0.0,0.5,1.0,0.0,0.3,11.8,2.5,0.0
2,2021-11-01 07:53:02,2021-11-01 08:14:23,2.0,1.86,1.0,N,233,140,1,14.0,0.0,0.5,2.0,0.0,0.3,19.3,2.5,0.0
2,2021-11-01 07:25:53,2021-11-01 07:50:01,1.0,3.0,1.0,N,179,141,2,16.0,0.0,0.5,0.0,0.0,0.3,19.3,2.5,0.0
1,2021-11-01 07:08:15,2021-11-01 07:12:57,1.0,0.9,1.0,N,141,161,2,5.5,2.5,0.5,0.0,0.0,0.3,8.8,2.5,0.0
1,2021-11-01 07:17:26,2021-11-01 07:24:01,2.0,0.7,1.0,N,162,237,1,6.0,2.5,0.5,1.85,0.0,0.3,11.15,2.5,0.0
1,2021-11-01 07:36:34,2021-11-01 07:50:28,1.0,2.1,1.0,N,229,186,1,10.5,2.5,0.5,2.75,0.0,0.3,16.55,2.5,0.0
1,2021-11-01 07:51:27,2021-11-01 08:02:38,1.0,1.1,1.0,N,68,164,1,8.5,2.5,0.5,1.0,0.0,0.3,12.8,2.5,0.0
2,2021-11-01 07:14:38,2021-11-01 07:21:31,1.0,2.15,1.0,N,236,164,2,8.5,0.0,0.5,0.0,0.0,0.3,11.8,2.5,0.0
2,2021-11-01 07:28:34,2021-11-01 07:39:06,1.0,2.34,1.0,N,249,161,1,10.0,0.0,0.5,1.2,0.0,0.3,14.5,2.5,0.0
2,2021-11-01 07:42:01,2021-11-01 08:08:06,1.0,8.53,1.0,N,163,52,1,28.0,0.0,0.5,6.26,0.0,0.3,37.56,2.5,0.0
1,2021-11-01 07:07:02,2021-11-01 08:12:10,1.0,13.3,1.0,Y,132,36,1,48.0,1.75,0.5,7.0,0.0,0.3,57.55,0.0,1.25
2,2021-11-01 07:06:48,2021-11-01 07:13:04,2.0,2.36,1.0,N,224,140,2,8.0,0.0,0.5,0.0,0.0,0.3,11.3,2.5,0.0
2,2021-11-01 07:23:17,2021-11-01 07:33:14,1.0,2.21,1.0,N,262,229,1,9.5,0.0,0.5,3.0,0.0,0.3,15.8,2.5,0.0
2,2021-11-01 07:35:34,2021-11-01 07:45:35,1.0,1.67,1.0,N,229,234,1,8.5,0.0,0.5,3.25,0.0,0.3,15.05,2.5,0.0
2,2021-11-01 07:50:56,2021-11-01 08:02:02,1.0,1.42,1.0,N,113,231,1,9.0,0.0,0.5,3.08,0.0,0.3,15.38,2.5,0.0
2,2021-11-01 07:10:10,2021-11-01 07:13:29,1.0,0.66,1.0,N,162,161,1,4.5,0.0,0.5,1.56,0.0,0.3,9.36,2.5,0.0
2,2021-11-01 07:20:06,2021-11-01 07:26:56,1.0,1.53,1.0,N,161,246,1,7.0,0.0,0.5,2.06,0.0,0.3,12.36,2.5,0.0
2,2021-11-01 07:30:56,2021-11-01 08:11:18,1.0,3.74,1.0,N,246,140,2,25.5,0.0,0.5,0.0,0.0,0.3,28.8,2.5,0.0
1,2021-11-01 07:40:02,2021-11-01 07:51:03,1.0,3.3,1.0,N,140,74,1,11.5,2.5,0.5,2.95,0.0,0.3,17.75,2.5,0.0
1,2021-11-01 07:51:44,2021-11-01 08:04:54,1.0,1.7,1.0,N,74,166,1,10.0,0.0,0.5,2.16,0.0,0.3,12.96,0.0,0.0
2,2021-11-01 07:03:59,2021-11-01 07:17:12,1.0,2.74,1.0,N,132,10,2,12.5,0.0,0.5,0.0,0.0,0.3,14.55,0.0,1.25
1,2021-11-01 07:23:29,2021-11-01 07:32:22,1.0,1.2,1.0,N,161,68,1,8.0,2.5,0.5,2.0,0.0,0.3,13.3,2.5,0.0
1,2021-11-01 07:37:39,2021-11-01 08:21:24,1.0,17.0,2.0,N,48,132,1,52.0,2.5,0.5,0.0,6.55,0.3,61.85,2.5,0.0
2,2021-11-01 07:31:07,2021-11-01 07:50:40,6.0,10.59,1.0,N,148,148,1,30.0,0.0,0.5,6.66,0.0,0.3,39.96,2.5,0.0
2,2021-11-01 07:04:43,2021-11-01 07:09:38,1.0,1.2,1.0,N,229,237,1,6.0,0.0,0.5,2.32,0.0,0.3,11.62,2.5,0.0
2,2021-11-01 07:31:26,2021-11-01 07:40:47,1.0,1.26,1.0,N,239,236,1,8.0,0.0,0.5,2.26,0.0,0.3,13.56,2.5,0.0
2,2021-11-01 07:43:44,2021-11-01 07:48:49,1.0,0.73,1.0,N,236,75,1,5.5,0.0,0.5,1.0,0.0,0.3,9.8,2.5,0.0
2,2021-11-01 07:50:39,2021-11-01 07:58:46,1.0,1.86,1.0,N,263,74,1,8.5,0.0,0.5,2.36,0.0,0.3,14.16,2.5,0.0
1,2021-11-01 07:39:12,2021-11-01 08:43:20,1.0,15.3,1.0,N,148,242,3,46.5,2.5,0.5,0.0,0.0,0.3,49.8,2.5,0.0
2,2021-11-01 07:25:13,2021-11-02 00:00:00,1.0,2.26,1.0,N,237,75,1,10.0,0.0,0.5,0.0,0.0,0.3,13.3,2.5,0.0
2,2021-11-01 07:43:03,2021-11-01 07:54:25,1.0,1.67,1.0,N,75,237,1,9.5,0.0,0.5,3.84,0.0,0.3,16.64,2.5,0.0
2,2021-11-01 07:12:50,2021-11-01 08:28:40,2.0,18.31,2.0,N,132,166,1,52.0,0.0,0.5,6.0,6.55,0.3,66.6,0.0,1.25
1,2021-11-01 07:11:00,2021-11-01 07:20:23,1.0,1.2,1.0,N,48,161,1,7.5,2.5,0.5,0.43,0.0,0.3,11.23,2.5,0.0
1,2021-11-01 07:52:11,2021-11-01 07:57:44,1.0,1.0,1.0,N,142,230,1,6.0,2.5,0.5,1.4,0.0,0.3,10.7,2.5,0.0
2,2021-11-01 07:40:06,2021-11-01 08:11:09,2.0,11.37,1.0,N,70,185,1,34.0,0.0,0.5,8.27,6.55,0.3,49.62,0.0,0.0
2,2021-11-01 07:00:29,2021-11-01 07:07:14,5.0,1.32,1.0,N,186,161,1,7.0,0.0,0.5,2.58,0.0,0.3,12.88,2.5,0.0
2,2021-11-01 07:08:42,2021-11-01 07:12:34,4.0,0.94,1.0,N,230,161,1,5.0,0.0,0.5,2.49,0.0,0.3,10.79,2.5,0.0
2,2021-11-01 07:19:55,2021-11-01 07:23:10,5.0,0.83,1.0,N,164,234,1,4.5,0.0,0.5,1.56,0.0,0.3,9.36,2.5,0.0
2,2021-11-01 07:26:23,2021-11-01 07:32:57,5.0,1.33,1.0,N,164,137,1,6.5,0.0,0.5,1.96,0.0,0.3,11.76,2.5,0.0
2,2021-11-01 07:37:04,2021-11-01 07:45:18,5.0,1.71,1.0,N,137,79,1,8.0,0.0,0.5,1.7,0.0,0.3,13.0,2.5,0.0
2,2021-11-01 07:47:43,2021-11-01 08:03:33,1.0,2.83,1.0,N,237,100,1,12.5,0.0,0.5,3.16,0.0,0.3,18.96,2.5,0.0
2,2021-11-01 07:55:17,2021-11-01 08:01:55,1.0,1.38,1.0,N,148,137,2,7.0,0.0,0.5,0.0,0.0,0.3,10.3,2.5,0.0
2,2021-11-01 07:02:51,2021-11-01 07:18:00,1.0,2.72,1.0,N,262,151,1,12.5,0.0,0.5,3.16,0.0,0.3,18.96,2.5,0.0
2,2021-11-01 07:19:53,2021-11-01 07:34:32,1.0,2.86,1.0,N,151,237,1,12.0,0.0,0.5,3.06,0.0,0.3,18.36,2.5,0.0
2,2021-11-01 07:35:57,2021-11-01 07:54:52,1.0,2.96,1.0,N,237,143,1,14.0,0.0,0.5,3.46,0.0,0.3,20.76,2.5,0.0
2,2021-11-01 07:58:28,2021-11-01 08:32:20,1.0,11.75,1.0,N,50,138,1,37.0,0.0,0.5,9.37,6.55,0.3,56.22,2.5,0.0
1,2021-11-01 07:27:52,2021-11-01 07:34:31,1.0,0.5,1.0,N,233,161,1,6.0,2.5,0.5,1.0,0.0,0.3,10.3,2.5,0.0
1,2021-11-01 07:39:16,2021-11-01 07:48:57,2.0,1.5,1.0,N,230,142,1,8.0,2.5,0.5,2.25,0.0,0.3,13.55,2.5,0.0
1,2021-11-01 07:54:46,2021-11-01 08:37:45,1.0,10.3,1.0,N,239,138,1,38.0,2.5,0.5,9.55,6.55,0.3,57.4,2.5,0.0
2,2021-11-01 07:04:44,2021-11-01 07:13:43,2.0,4.13,1.0,N,129,138,1,13.5,0.0,0.5,0.06,0.0,0.3,14.36,0.0,0.0
2,2021-11-01 07:15:28,2021-11-01 07:42:47,1.0,4.78,1.0,N,52,107,2,19.0,0.0,0.5,0.0,0.0,0.3,22.3,2.5,0.0
2,2021-11-01 07:49:11,2021-11-01 08:23:40,1.0,9.83,1.0,N,79,26,2,33.5,0.0,0.5,0.0,0.0,0.3,36.8,2.5,0.0
2,2021-11-01 06:58:18,2021-11-01 07:09:32,1.0,3.58,1.0,N,238,68,1,12.5,0.0,0.5,3.16,0.0,0.3,18.96,2.5,0.0
2,2021-11-01 07:37:53,2021-11-01 07:49:44,1.0,1.69,1.0,N,229,237,1,9.0,0.0,0.5,2.2,0.0,0.3,14.5,2.5,0.0
2,2021-11-01 07:53:05,2021-11-01 07:58:16,1.0,1.03,1.0,N,43,161,1,5.5,0.0,0.5,1.76,0.0,0.3,10.56,2.5,0.0
2,2021-11-01 07:12:12,2021-11-01 07:40:45,1.0,9.93,1.0,N,186,138,1,31.0,0.0,0.5,8.17,6.55,0.3,49.02,2.5,0.0
1,2021-11-01 07:01:31,2021-11-01 07:08:16,1.0,1.0,1.0,N,162,161,2,6.0,2.5,0.5,0.0,0.0,0.3,9.3,2.5,0.0
1,2021-11-01 07:20:54,2021-11-01 07:38:27,1.0,3.0,1.0,N,164,43,1,14.0,2.5,0.5,4.3,0.0,0.3,21.6,2.5,0.0
1,2021-11-01 07:44:59,2021-11-01 08:04:29,1.0,2.1,1.0,Y,238,238,2,14.0,2.5,0.5,0.0,0.0,0.3,17.3,2.5,0.0
1,2021-11-01 07:59:33,2021-11-01 08:16:47,0.0,2.3,1.0,N,141,43,1,13.0,2.5,0.5,3.25,0.0,0.3,19.55,2.5,0.0
2,2021-11-01 07:16:54,2021-11-01 07:30:51,5.0,2.9,1.0,N,249,162,1,12.5,0.0,0.5,3.16,0.0,0.3,18.96,2.5,0.0
1,2021-11-01 07:01:56,2021-11-01 07:09:35,1.0,2.5,1.0,N,237,74,1,9.0,2.5,0.5,2.45,0.0,0.3,14.75,2.5,0.0
1,2021-11-01 07:22:28,2021-11-01 07:22:44,1.0,0.0,1.0,N,75,75,2,2.5,0.0,0.5,0.0,0.0,0.3,3.3,0.0,0.0
1,2021-11-01 07:47:38,2021-11-01 07:50:54,1.0,1.2,1.0,N,142,68,1,5.5,2.5,0.5,1.2,0.0,0.3,10.0,2.5,0.0
1,2021-11-01 07:56:54,2021-11-01 07:59:53,1.0,0.6,1.0,N,48,48,2,4.5,2.5,0.5,0.0,0.0,0.3,7.8,2.5,0.0
2,2021-11-01 07:40:03,2021-11-01 07:50:13,6.0,1.58,1.0,N,87,148,1,8.5,0.0,0.5,1.0,0.0,0.3,12.8,2.5,0.0
2,2021-11-01 07:54:59,2021-11-01 08:26:59,6.0,15.46,3.0,N,79,1,1,61.5,0.0,0.0,5.0,17.0,0.3,83.8,0.0,0.0
1,2021-11-01 07:10:51,2021-11-01 07:54:49,2.0,17.7,2.0,N,186,132,1,52.0,2.5,0.5,12.35,6.55,0.3,74.2,2.5,0.0
1,2021-11-01 07:06:04,2021-11-01 07:18:44,1.0,1.4,1.0,N,48,170,1,9.5,2.5,0.5,2.55,0.0,0.3,15.35,2.5,0.0
1,2021-11-01 07:20:15,2021-11-01 07:25:11,1.0,0.8,1.0,N,170,162,1,5.5,2.5,0.5,1.0,0.0,0.3,9.8,2.5,0.0
1,2021-11-01 07:31:43,2021-11-01 07:38:54,1.0,0.8,1.0,N,137,186,2,6.5,2.5,0.5,0.0,0.0,0.3,9.8,2.5,0.0
1,2021-11-01 07:48:10,2021-11-01 08:19:41,2.0,14.4,1.0,N,186,240,1,43.0,2.5,0.5,0.0,3.0,0.3,49.3,2.5,0.0
2,2021-11-01 07:15:50,2021-11-01 07:21:17,1.0,1.31,1.0,N,237,161,1,6.0,0.0,0.5,1.0,0.0,0.3,10.3,2.5,0.0
2,2021-11-01 07:32:39,2021-11-01 07:46:32,1.0,2.4,1.0,N,142,263,2,11.5,0.0,0.5,0.0,0.0,0.3,14.8,2.5,0.0
2,2021-11-01 07:48:54,2021-11-01 07:56:20,1.0,0.85,1.0,N,263,236,1,6.5,0.0,0.5,1.96,0.0,0.3,11.76,2.5,0.0
2,2021-11-01 07:59:24,2021-11-01 08:04:57,1.0,0.86,1.0,N,236,237,1,5.5,0.0,0.5,0.88,0.0,0.3,9.68,2.5,0.0
2,2021-11-01 07:47:10,2021-11-01 07:52:56,1.0,0.59,1.0,N,186,246,1,5.5,0.0,0.5,2.2,0.0,0.3,11.0,2.5,0.0
2,2021-11-01 07:56:12,2021-11-01 08:04:07,1.0,1.39,1.0,N,246,163,1,7.5,0.0,0.5,2.0,0.0,0.3,12.8,2.5,0.0
1,2021-11-01 07:21:24,2021-11-01 07:40:05,1.0,4.1,1.0,N,186,261,1,16.0,2.5,0.5,3.85,0.0,0.3,23.15,2.5,0.0
1,2021-11-01 07:48:32,2021-11-01 07:55:02,1.0,2.1,1.0,N,231,186,1,8.0,2.5,0.5,2.25,0.0,0.3,13.55,2.5,0.0
1,2021-11-01 07:56:59,2021-11-01 08:09:08,1.0,1.3,1.0,N,186,137,1,9.0,2.5,0.5,0.0,0.0,0.3,12.3,2.5,0.0
2,2021-11-01 07:10:03,2021-11-01 07:21:26,1.0,2.22,1.0,N,107,230,1,10.0,0.0,0.5,2.0,0.0,0.3,15.3,2.5,0.0
2,2021-11-01 07:14:38,2021-11-01 07:18:50,6.0,1.23,1.0,N,141,263,1,6.0,0.0,0.5,1.86,0.0,0.3,11.16,2.5,0.0
2,2021-11-01 07:27:25,2021-11-01 07:33:39,6.0,1.43,1.0,N,141,162,2,6.5,0.0,0.5,0.0,0.0,0.3,9.8,2.5,0.0
2,2021-11-01 07:38:30,2021-11-01 07:48:41,6.0,2.0,1.0,N,162,263,2,9.0,0.0,0.5,0.0,0.0,0.3,12.3,2.5,0.0
2,2021-11-01 07:50:55,2021-11-01 07:56:14,6.0,1.24,1.0,N,263,141,1,6.0,0.0,0.5,0.93,0.0,0.3,10.23,2.5,0.0
2,2021-11-01 07:56:39,2021-11-01 08:06:03,6.0,2.43,1.0,N,140,74,1,10.0,0.0,0.5,2.66,0.0,0.3,15.96,2.5,0.0
2,2021-11-01 07:03:57,2021-11-01 07:39:07,1.0,14.47,1.0,N,132,149,2,-41.5,0.0,-0.5,0.0,0.0,-0.3,-43.55,0.0,-1.25
2,2021-11-01 07:03:57,2021-11-01 07:39:07,1.0,14.47,1.0,N,132,149,2,41.5,0.0,0.5,0.0,0.0,0.3,43.55,0.0,1.25
1,2021-11-01 07:08:06,2021-11-01 07:31:42,1.0,5.2,1.0,N,164,41,1,19.5,2.5,0.5,1.0,0.0,0.3,23.8,2.5,0.0
1,2021-11-01 07:43:05,2021-11-01 07:57:34,1.0,3.5,1.0,N,238,68,1,13.0,2.5,0.5,3.26,0.0,0.3,19.56,2.5,0.0
1,2021-11-01 07:58:08,2021-11-01 08:06:23,1.0,1.1,1.0,N,186,161,2,7.5,2.5,0.5,0.0,0.0,0.3,10.8,2.5,0.0
2,2021-11-01 07:11:57,2021-11-01 07:19:14,1.0,1.74,1.0,N,162,107,1,7.5,0.0,0.5,2.16,0.0,0.3,12.96,2.5,0.0
2,2021-11-01 07:22:09,2021-11-01 07:48:17,1.0,9.77,1.0,N,234,138,1,29.5,0.0,0.5,7.87,6.55,0.3,47.22,2.5,0.0
2,2021-11-01 07:12:28,2021-11-01 07:35:52,6.0,10.63,1.0,N,148,116,1,31.5,0.0,0.5,0.35,0.0,0.3,35.15,2.5,0.0
2,2021-11-01 07:43:17,2021-11-01 07:53:34,5.0,1.62,1.0,N,152,74,1,9.0,0.0,0.5,1.96,0.0,0.3,11.76,0.0,0.0
1,2021-11-01 07:00:08,2021-11-01 07:05:02,1.0,0.8,1.0,N,236,75,1,5.5,2.5,0.5,0.0,0.0,0.3,8.8,2.5,0.0
1,2021-11-01 07:09:45,2021-11-01 07:23:49,1.0,2.9,1.0,N,75,170,1,12.5,2.5,0.5,3.15,0.0,0.3,18.95,2.5,0.0
1,2021-11-01 07:41:17,2021-11-01 07:56:11,1.0,2.6,1.0,N,142,236,1,12.5,2.5,0.5,3.15,0.0,0.3,18.95,2.5,0.0
2,2021-11-01 07:05:06,2021-11-01 07:08:19,1.0,0.8,1.0,N,237,236,1,4.5,0.0,0.5,1.56,0.0,0.3,9.36,2.5,0.0
2,2021-11-01 07:13:44,2021-11-01 07:27:55,1.0,3.85,1.0,N,236,113,1,14.0,0.0,0.5,3.46,0.0,0.3,20.76,2.5,0.0
2,2021-11-01 07:13:23,2021-11-01 07:17:09,1.0,0.9,1.0,N,90,249,2,5.0,0.0,0.5,0.0,0.0,0.3,8.3,2.5,0.0
2,2021-11-01 07:26:37,2021-11-01 07:53:52,3.0,9.61,1.0,N,262,181,2,30.0,0.0,0.5,0.0,0.0,0.3,33.3,2.5,0.0
2,2021-11-01 07:16:05,2021-11-01 08:12:12,4.0,8.42,1.0,N,138,238,1,37.5,0.0,0.5,50.0,6.55,0.3,98.6,2.5,1.25
1,2021-11-01 07:07:58,2021-11-01 07:38:32,1.0,7.8,1.0,N,113,129,2,27.5,2.5,0.5,0.0,6.55,0.3,37.35,2.5,0.0
1,2021-11-01 07:55:15,2021-11-01 08:04:36,1.0,1.2,1.0,N,166,41,2,8.0,0.0,0.5,0.0,0.0,0.3,8.8,0.0,0.0
1,2021-11-01 07:15:02,2021-11-01 07:17:42,1.0,0.9,1.0,N,141,236,1,5.0,2.5,0.5,1.66,0.0,0.3,9.96,2.5,0.0
1,2021-11-01 07:26:26,2021-11-01 07:43:46,1.0,3.3,1.0,N,238,161,1,14.0,2.5,0.5,1.73,0.0,0.3,19.03,2.5,0.0
1,2021-11-01 07:44:39,2021-11-01 07:48:28,1.0,0.7,1.0,N,170,234,1,5.0,2.5,0.5,1.66,0.0,0.3,9.96,2.5,0.0
1,2021-11-01 07:56:22,2021-11-01 08:22:23,1.0,5.2,1.0,N,113,238,1,20.0,2.5,0.5,4.65,0.0,0.3,27.95,2.5,0.0
2,2021-11-01 07:17:26,2021-11-01 07:18:01,1.0,0.0,2.0,N,164,164,1,52.0,0.0,0.5,12.37,6.55,0.3,74.22,2.5,0.0
2,2021-11-01 07:45:06,2021-11-01 08:01:53,1.0,2.98,1.0,N,164,236,1,13.0,0.0,0.5,3.26,0.0,0.3,19.56,2.5,0.0
2,2021-11-01 07:09:19,2021-11-01 07:18:20,5.0,1.18,1.0,N,52,25,2,7.5,0.0,0.5,0.0,0.0,0.3,8.3,0.0,0.0
2,2021-11-01 07:37:04,2021-11-01 07:44:29,5.0,1.62,1.0,N,144,249,1,7.5,0.0,0.5,3.0,0.0,0.3,13.8,2.5,0.0
2,2021-11-01 07:46:24,2021-11-01 07:58:13,6.0,2.71,1.0,N,68,237,1,10.5,0.0,0.5,2.76,0.0,0.3,16.56,2.5,0.0
2,2021-11-01 07:24:12,2021-11-01 07:28:11,1.0,0.83,1.0,N,236,263,1,5.0,0.0,0.5,1.66,0.0,0.3,9.96,2.5,0.0
2,2021-11-01 07:32:42,2021-11-01 07:46:58,1.0,5.97,1.0,N,263,232,1,19.0,0.0,0.5,4.46,0.0,0.3,26.76,2.5,0.0
2,2021-11-01 07:56:16,2021-11-01 08:37:14,1.0,14.99,1.0,N,79,138,2,45.0,0.0,0.5,0.0,6.55,0.3,54.85,2.5,0.0
2,2021-11-01 07:24:19,2021-11-01 08:56:12,1.0,31.94,5.0,N,132,265,1,175.0,0.0,0.0,5.0,0.0,0.3,181.55,0.0,1.25
2,2021-11-01 07:12:25,2021-11-01 07:19:38,1.0,1.09,1.0,N,237,236,1,7.0,0.0,0.5,2.06,0.0,0.3,12.36,2.5,0.0
2,2021-11-01 07:45:28,2021-11-01 07:48:48,1.0,1.45,1.0,N,237,162,1,6.0,0.0,0.5,2.0,0.0,0.3,11.3,2.5,0.0
2,2021-11-01 07:54:15,2021-11-01 08:37:20,1.0,6.66,1.0,N,162,83,1,31.5,0.0,0.5,8.7,0.0,0.3,43.5,2.5,0.0
2,2021-11-01 07:09:07,2021-11-01 07:33:02,1.0,8.86,1.0,N,234,244,1,28.0,0.0,0.5,6.26,0.0,0.3,37.56,2.5,0.0
2,2021-11-01 07:58:25,2021-11-01 08:28:54,1.0,3.49,1.0,N,143,137,1,20.0,0.0,0.5,4.66,0.0,0.3,27.96,2.5,0.0
2,2021-11-01 07:04:52,2021-11-01 07:19:22,3.0,2.97,1.0,N,236,230,2,12.5,0.0,0.5,0.0,0.0,0.3,15.8,2.5,0.0
2,2021-11-01 07:25:40,2021-11-01 07:35:49,3.0,1.1,1.0,N,186,246,1,8.0,0.0,0.5,2.26,0.0,0.3,13.56,2.5,0.0
2,2021-11-01 07:45:11,2021-11-01 07:52:00,2.0,0.89,1.0,N,186,246,1,6.5,0.0,0.5,1.96,0.0,0.3,11.76,2.5,0.0
2,2021-11-01 07:55:11,2021-11-01 08:09:03,3.0,2.47,1.0,N,68,148,1,11.0,0.0,0.5,2.86,0.0,0.3,17.16,2.5,0.0
2,2021-11-01 07:35:01,2021-11-01 07:40:42,1.0,0.88,1.0,N,229,170,1,5.5,0.0,0.5,2.0,0.0,0.3,10.8,2.5,0.0
2,2021-11-01 07:46:17,2021-11-01 07:53:03,1.0,0.74,1.0,N,161,186,1,5.5,0.0,0.5,1.5,0.0,0.3,10.3,2.5,0.0
2,2021-11-01 07:57:00,2021-11-01 08:07:29,1.0,1.52,1.0,N,186,137,1,8.5,0.0,0.5,2.36,0.0,0.3,14.16,2.5,0.0
1,2021-11-01 07:59:47,2021-11-01 08:06:35,2.0,0.8,1.0,Y,25,106,1,6.0,0.0,0.5,1.35,0.0,0.3,8.15,0.0,0.0
2,2021-11-01 07:51:50,2021-11-01 08:05:17,5.0,2.63,1.0,N,249,161,1,11.5,0.0,0.5,2.96,0.0,0.3,17.76,2.5,0.0
2,2021-11-01 07:11:05,2021-11-01 07:20:55,1.0,2.45,1.0,N,263,142,1,10.0,0.0,0.5,2.66,0.0,0.3,15.96,2.5,0.0
2,2021-11-01 07:25:28,2021-11-01 07:59:16,1.0,11.19,1.0,N,50,138,1,35.0,0.0,0.5,8.97,6.55,0.3,53.82,2.5,0.0
1,2021-11-01 07:44:25,2021-11-01 07:44:34,1.0,0.0,2.0,N,132,132,1,52.0,1.25,0.5,12.1,6.55,0.3,72.7,0.0,1.25
1,2021-11-01 07:43:40,2021-11-01 07:49:22,1.0,1.1,1.0,N,236,163,1,6.5,2.5,0.5,1.96,0.0,0.3,11.76,2.5,0.0
1,2021-11-01 07:53:54,2021-11-01 08:03:26,1.0,1.2,1.0,N,237,236,1,8.0,2.5,0.5,2.0,0.0,0.3,13.3,2.5,0.0
1,2021-11-01 07:13:22,2021-11-01 07:19:54,0.0,1.2,1.0,Y,186,170,1,6.5,2.5,0.5,1.0,0.0,0.3,10.8,2.5,0.0
1,2021-11-01 07:22:11,2021-11-01 07:33:50,0.0,2.4,1.0,N,162,158,1,10.5,2.5,0.5,3.45,0.0,0.3,17.25,2.5,0.0
1,2021-11-01 07:44:15,2021-11-01 07:50:21,0.0,1.1,1.0,N,186,170,1,6.5,2.5,0.5,1.95,0.0,0.3,11.75,2.5,0.0
1,2021-11-01 07:54:50,2021-11-01 08:02:22,0.0,0.8,1.0,N,162,100,1,6.5,2.5,0.5,1.95,0.0,0.3,11.75,2.5,0.0
2,2021-11-01 07:35:57,2021-11-01 07:40:25,1.0,0.74,1.0,N,79,79,1,5.0,0.0,0.5,1.66,0.0,0.3,9.96,2.5,0.0
2,2021-11-01 07:43:08,2021-11-01 07:49:32,1.0,1.45,1.0,N,107,162,1,7.0,0.0,0.5,1.03,0.0,0.3,11.33,2.5,0.0
2,2021-11-01 07:50:59,2021-11-01 07:54:49,1.0,0.57,1.0,N,162,162,1,4.5,0.0,0.5,1.56,0.0,0.3,9.36,2.5,0.0
2,2021-11-01 07:57:51,2021-11-01 08:05:07,1.0,0.67,1.0,N,141,140,1,6.0,0.0,0.5,1.4,0.0,0.3,10.7,2.5,0.0
2,2021-11-01 07:08:56,2021-11-01 07:17:58,4.0,1.36,1.0,N,162,142,1,8.0,0.0,0.5,2.26,0.0,0.3,13.56,2.5,0.0
2,2021-11-01 07:07:59,2021-11-01 07:28:12,2.0,6.98,1.0,N,236,231,1,23.0,0.0,0.5,2.0,0.0,0.3,28.3,2.5,0.0
1,2021-11-01 07:30:34,2021-11-01 07:51:43,0.0,3.7,1.0,Y,75,143,1,16.0,2.5,0.5,1.7,0.0,0.3,21.0,2.5,0.0
1,2021-11-01 07:56:46,2021-11-01 08:06:10,0.0,1.5,1.0,N,48,239,1,8.0,2.5,0.5,2.26,0.0,0.3,13.56,2.5,0.0
2,2021-11-01 07:11:10,2021-11-01 07:22:13,1.0,1.66,1.0,N,236,238,2,9.5,0.0,0.5,0.0,0.0,0.3,12.8,2.5,0.0
2,2021-11-01 07:26:35,2021-11-01 07:30:35,1.0,1.11,1.0,N,151,239,1,5.5,0.0,0.5,1.76,0.0,0.3,10.56,2.5,0.0
1,2021-11-01 07:30:35,2021-11-01 07:52:29,1.0,10.0,1.0,N,79,138,1,28.5,2.5,0.5,9.55,6.55,0.3,47.9,2.5,0.0
1,2021-11-01 07:04:50,2021-11-01 07:13:12,1.0,1.2,1.0,N,186,137,1,7.5,2.5,0.5,2.15,0.0,0.3,12.95,2.5,0.0
1,2021-11-01 07:18:21,2021-11-01 07:24:59,1.0,1.4,1.0,N,137,229,1,7.0,2.5,0.5,0.0,0.0,0.3,10.3,2.5,0.0
1,2021-11-01 07:36:24,2021-11-01 07:50:49,2.0,7.6,1.0,N,140,13,1,22.5,2.5,0.5,5.15,0.0,0.3,30.95,2.5,0.0
1,2021-11-01 07:59:23,2021-11-01 08:03:52,2.0,0.9,1.0,N,125,79,1,5.5,2.5,0.5,1.75,0.0,0.3,10.55,2.5,0.0
2,2021-11-01 07:06:02,2021-11-01 07:41:02,1.0,19.45,2.0,N,263,132,1,52.0,0.0,0.5,12.37,6.55,0.3,74.22,2.5,0.0
1,2021-11-01 07:26:26,2021-11-01 07:43:53,1.0,6.5,1.0,N,33,162,1,20.0,2.5,0.5,2.33,0.0,0.3,25.63,2.5,0.0
1,2021-11-01 07:23:46,2021-11-01 08:18:34,1.0,0.0,1.0,N,136,88,1,38.2,0.0,0.5,0.0,6.55,0.3,45.55,0.0,0.0
2,2021-11-01 07:14:50,2021-11-01 07:21:40,1.0,1.24,1.0,N,233,100,2,6.5,0.0,0.5,0.0,0.0,0.3,9.8,2.5,0.0
2,2021-11-01 07:25:31,2021-11-01 07:29:07,1.0,1.0,1.0,N,100,48,2,-5.0,0.0,-0.5,0.0,0.0,-0.3,-8.3,-2.5,0.0
2,2021-11-01 07:25:31,2021-11-01 07:29:07,1.0,1.0,1.0,N,100,142,2,5.0,0.0,0.5,0.0,0.0,0.3,8.3,2.5,0.0
2,2021-11-01 07:32:25,2021-11-01 07:39:23,1.0,1.52,1.0,N,163,186,1,7.5,0.0,0.5,3.24,0.0,0.3,14.04,2.5,0.0
2,2021-11-01 07:45:29,2021-11-01 07:50:50,1.0,0.92,1.0,N,186,48,1,5.5,0.0,0.5,1.76,0.0,0.3,10.56,2.5,0.0
2,2021-11-01 07:54:07,2021-11-01 08:00:27,1.0,0.82,1.0,N,48,170,1,6.0,0.0,0.5,2.0,0.0,0.3,11.3,2.5,0.0
1,2021-11-01 07:04:23,2021-11-01 07:28:01,1.0,4.3,1.0,N,262,68,1,18.0,2.5,0.5,4.26,0.0,0.3,25.56,2.5,0.0
1,2021-11-01 07:41:37,2021-11-01 07:49:03,2.0,1.3,1.0,N,48,142,1,7.0,2.5,0.5,2.55,0.0,0.3,12.85,2.5,0.0
1,2021-11-01 07:51:20,2021-11-01 08:01:29,1.0,1.8,1.0,N,142,161,1,9.0,2.5,0.5,2.46,0.0,0.3,14.76,2.5,0.0
1,2021-11-01 07:15:42,2021-11-01 07:27:03,0.0,2.5,1.0,N,107,141,1,10.5,2.5,0.5,2.76,0.0,0.3,16.56,2.5,0.0
1,2021-11-01 07:34:24,2021-11-01 07:40:22,0.0,0.8,1.0,N,162,230,1,5.5,2.5,0.5,1.0,0.0,0.3,9.8,2.5,0.0
1,2021-11-01 07:48:32,2021-11-01 07:50:46,0.0,0.3,1.0,N,186,90,1,3.5,2.5,0.5,0.0,0.0,0.3,6.8,2.5,0.0
1,2021-11-01 07:55:15,2021-11-01 08:08:09,0.0,1.6,1.0,N,186,161,2,9.5,2.5,0.5,0.0,0.0,0.3,12.8,2.5,0.0
2,2021-11-01 07:17:32,2021-11-01 07:39:38,1.0,7.19,1.0,N,116,234,2,23.0,0.0,0.5,0.0,0.0,0.3,26.3,2.5,0.0
2,2021-11-01 07:44:37,2021-11-01 07:51:32,1.0,1.52,1.0,N,113,100,1,7.0,0.0,0.5,2.06,0.0,0.3,12.36,2.5,0.0
2,2021-11-01 07:54:15,2021-11-01 07:59:56,1.0,1.02,1.0,N,186,107,1,6.0,0.0,0.5,1.86,0.0,0.3,11.16,2.5,0.0
1,2021-11-01 07:52:10,2021-11-01 08:02:22,0.0,1.5,1.0,N,107,158,1,8.5,2.5,0.5,1.0,0.0,0.3,12.8,2.5,0.0
2,2021-11-01 07:34:51,2021-11-01 08:32:17,4.0,20.16,2.0,N,261,132,2,52.0,0.0,0.5,0.0,6.55,0.3,61.85,2.5,0.0
2,2021-11-01 07:23:45,2021-11-01 07:52:14,1.0,6.16,1.0,N,151,186,1,23.5,0.0,0.5,6.7,0.0,0.3,33.5,2.5,0.0
2,2021-11-01 07:53:06,2021-11-01 08:02:49,1.0,1.38,1.0,N,186,230,1,8.0,0.0,0.5,1.0,0.0,0.3,12.3,2.5,0.0
2,2021-11-01 07:37:40,2021-11-01 08:12:13,1.0,8.49,1.0,N,138,137,1,28.5,0.0,0.5,7.92,6.55,0.3,47.52,2.5,1.25
2,2021-11-01 07:01:16,2021-11-01 07:04:38,1.0,1.23,1.0,N,237,170,2,5.5,0.0,0.5,0.0,0.0,0.3,8.8,2.5,0.0
2,2021-11-01 07:10:35,2021-11-01 07:19:01,1.0,1.59,1.0,N,162,141,1,8.0,0.0,0.5,2.83,0.0,0.3,14.13,2.5,0.0
2,2021-11-01 07:28:46,2021-11-01 07:34:18,1.0,1.01,1.0,N,162,170,1,6.0,0.0,0.5,1.86,0.0,0.3,11.16,2.5,0.0
2,2021-11-01 07:36:50,2021-11-01 07:41:07,1.0,0.67,1.0,N,170,100,1,5.0,0.0,0.5,1.66,0.0,0.3,9.96,2.5,0.0
2,2021-11-01 07:44:00,2021-11-01 07:54:14,1.0,1.79,1.0,N,186,162,1,9.0,0.0,0.5,3.08,0.0,0.3,15.38,2.5,0.0
2,2021-11-01 07:11:13,2021-11-01 07:17:18,1.0,1.52,1.0,N,164,237,2,6.5,0.0,0.5,0.0,0.0,0.3,9.8,2.5,0.0
2,2021-11-01 07:22:09,2021-11-01 07:36:55,1.0,3.15,1.0,N,142,107,1,12.5,0.0,0.5,3.16,0.0,0.3,18.96,2.5,0.0
2,2021-11-01 07:43:01,2021-11-01 07:49:27,1.0,0.7,1.0,N,170,162,2,6.0,0.0,0.5,0.0,0.0,0.3,9.3,2.5,0.0
2,2021-11-01 07:54:56,2021-11-01 07:59:46,1.0,0.8,1.0,N,161,163,1,5.0,0.0,0.5,1.24,0.0,0.3,9.54,2.5,0.0
2,2021-11-01 07:31:42,2021-11-01 07:51:18,1.0,3.94,1.0,N,231,162,1,15.5,0.0,0.5,2.0,0.0,0.3,20.8,2.5,0.0
2,2021-11-01 07:01:47,2021-11-01 07:23:48,1.0,6.61,1.0,N,24,249,1,22.0,0.0,0.5,5.06,0.0,0.3,30.36,2.5,0.0
2,2021-11-01 07:25:55,2021-11-01 07:50:32,1.0,4.64,1.0,N,249,140,1,18.5,0.0,0.5,5.45,0.0,0.3,27.25,2.5,0.0
2,2021-11-01 07:53:12,2021-11-01 08:01:08,1.0,1.17,1.0,N,140,163,1,7.0,0.0,0.5,2.58,0.0,0.3,12.88,2.5,0.0
2,2021-11-01 07:25:22,2021-11-01 08:32:54,1.0,17.36,2.0,N,132,230,1,52.0,0.0,0.5,5.0,6.55,0.3,68.1,2.5,1.25
1,2021-11-01 07:10:03,2021-11-01 07:15:56,2.0,1.1,1.0,N,230,186,1,6.0,2.5,0.5,2.3,0.0,0.3,11.6,2.5,0.0
1,2021-11-01 07:33:12,2021-11-01 07:40:06,1.0,1.1,1.0,N,186,161,1,6.5,2.5,0.5,1.95,0.0,0.3,11.75,2.5,0.0
1,2021-11-01 07:46:03,2021-11-01 07:51:01,1.0,0.9,1.0,N,186,234,1,5.5,2.5,0.5,1.75,0.0,0.3,10.55,2.5,0.0
1,2021-11-01 07:54:17,2021-11-01 08:09:35,2.0,2.6,1.0,N,164,231,2,12.0,2.5,0.5,0.0,0.0,0.3,15.3,2.5,0.0
2,2021-11-01 07:29:41,2021-11-01 07:55:52,1.0,3.85,1.0,N,249,236,1,18.5,0.0,0.5,5.45,0.0,0.3,27.25,2.5,0.0
2,2021-11-01 07:58:44,2021-11-01 08:04:54,1.0,1.17,1.0,N,237,161,1,6.0,0.0,0.5,1.0,0.0,0.3,10.3,2.5,0.0
2,2021-11-01 07:16:46,2021-11-01 07:38:00,1.0,11.46,1.0,N,162,138,1,32.5,0.0,0.5,8.47,6.55,0.3,50.82,2.5,0.0
1,2021-11-01 07:09:58,2021-11-01 07:26:41,1.0,2.6,1.0,N,238,140,1,13.0,2.5,0.5,2.0,0.0,0.3,18.3,2.5,0.0
1,2021-11-01 07:29:38,2021-11-01 07:51:45,2.0,3.3,1.0,N,140,7,1,16.0,2.5,0.5,2.5,0.0,0.3,21.8,2.5,0.0
2,2021-11-01 07:52:13,2021-11-01 08:23:02,1.0,5.8,1.0,N,75,107,1,25.0,0.0,0.5,5.66,0.0,0.3,33.96,2.5,0.0
2,2021-11-01 07:07:00,2021-11-01 08:22:46,1.0,28.71,2.0,N,132,231,2,52.0,0.0,0.5,0.0,6.55,0.3,63.1,2.5,1.25
2,2021-11-01 07:30:35,2021-11-01 08:04:41,1.0,10.41,1.0,N,138,162,1,31.0,0.0,0.5,10.21,6.55,0.3,52.31,2.5,1.25
1,2021-11-01 07:08:03,2021-11-01 07:16:09,1.0,0.9,1.0,N,48,170,1,7.0,2.5,0.5,2.05,0.0,0.3,12.35,2.5,0.0
1,2021-11-01 07:24:00,2021-11-01 07:33:53,1.0,1.3,1.0,N,137,90,1,8.0,2.5,0.5,2.25,0.0,0.3,13.55,2.5,0.0
1,2021-11-01 07:37:09,2021-11-01 07:39:51,1.0,0.5,1.0,N,90,234,2,4.0,2.5,0.5,0.0,0.0,0.3,7.3,2.5,0.0
1,2021-11-01 07:42:50,2021-11-01 07:52:55,1.0,2.1,1.0,N,234,170,1,9.0,2.5,0.5,1.0,0.0,0.3,13.3,2.5,0.0
1,2021-11-01 07:55:32,2021-11-01 08:11:30,1.0,1.7,1.0,N,233,140,1,11.5,2.5,0.5,2.0,0.0,0.3,16.8,2.5,0.0
1,2021-11-01 07:14:29,2021-11-01 07:14:47,3.0,2.0,5.0,N,138,138,1,45.0,1.25,0.0,9.3,0.0,0.3,55.85,0.0,1.25
1,2021-11-01 07:58:41,2021-11-01 08:11:11,3.0,1.8,1.0,N,186,162,1,10.0,2.5,0.5,3.0,0.0,0.3,16.3,2.5,0.0
2,2021-11-01 07:37:09,2021-11-01 07:48:17,1.0,2.48,1.0,N,249,170,1,10.0,0.0,0.5,3.32,0.0,0.3,16.62,2.5,0.0
2,2021-11-01 07:12:44,2021-11-01 07:14:05,1.0,0.11,5.0,N,224,137,3,-50.0,0.0,-0.5,0.0,0.0,-0.3,-53.3,-2.5,0.0
2,2021-11-01 07:12:44,2021-11-01 07:14:05,1.0,0.11,5.0,N,224,137,2,50.0,0.0,0.5,0.0,0.0,0.3,53.3,2.5,0.0
2,2021-11-01 07:15:44,2021-11-01 07:30:35,1.0,2.76,1.0,N,224,237,1,13.0,0.0,0.5,2.0,0.0,0.3,18.3,2.5,0.0
2,2021-11-01 07:37:55,2021-11-01 07:56:32,1.0,2.89,1.0,N,237,137,2,14.5,0.0,0.5,0.0,0.0,0.3,17.8,2.5,0.0
2,2021-11-01 07:26:27,2021-11-01 07:49:51,2.0,8.78,1.0,N,169,81,1,27.0,0.0,0.5,0.0,0.0,0.3,27.8,0.0,0.0
2,2021-11-01 07:50:49,2021-11-01 09:03:42,1.0,20.89,1.0,N,81,249,1,65.0,0.0,0.5,0.0,3.0,0.3,68.8,0.0,0.0
2,2021-11-01 07:18:38,2021-11-01 07:33:31,2.0,5.51,1.0,N,132,38,1,18.0,0.0,0.5,4.01,0.0,0.3,24.06,0.0,1.25
2,2021-11-01 07:13:38,2021-11-01 07:20:49,1.0,2.0,1.0,N,249,164,1,8.0,0.0,0.5,1.13,0.0,0.3,12.43,2.5,0.0
2,2021-11-01 07:23:22,2021-11-01 07:47:39,1.0,3.32,1.0,N,164,237,1,17.0,0.0,0.5,6.09,0.0,0.3,26.39,2.5,0.0
2,2021-11-01 07:52:22,2021-11-01 07:57:50,1.0,0.57,1.0,N,237,236,1,5.5,0.0,0.5,1.76,0.0,0.3,10.56,2.5,0.0
1,2021-11-01 07:44:06,2021-11-01 07:52:50,1.0,2.0,1.0,N,114,234,2,8.5,2.5,0.5,0.0,0.0,0.3,11.8,2.5,0.0
1,2021-11-01 07:56:12,2021-11-01 08:05:18,1.0,1.8,1.0,N,107,237,3,8.5,2.5,0.5,0.0,0.0,0.3,11.8,2.5,0.0
1,2021-11-01 07:04:27,2021-11-01 07:12:46,1.0,2.3,1.0,N,264,264,1,9.0,0.0,0.5,1.96,0.0,0.3,11.76,0.0,0.0
1,2021-11-01 07:16:32,2021-11-01 07:21:36,1.0,1.3,1.0,N,264,264,1,6.0,0.0,0.5,0.95,0.0,0.3,7.75,0.0,0.0
1,2021-11-01 07:31:35,2021-11-01 07:37:25,1.0,1.0,1.0,N,264,264,2,6.0,0.0,0.5,0.0,0.0,0.3,6.8,0.0,0.0
1,2021-11-01 07:38:33,2021-11-01 07:49:23,2.0,2.0,1.0,N,264,264,1,9.0,0.0,0.5,1.95,0.0,0.3,11.75,0.0,0.0
2,2021-11-01 07:30:54,2021-11-01 07:41:01,1.0,1.77,1.0,N,141,161,1,8.5,0.0,0.5,2.36,0.0,0.3,14.16,2.5,0.0
2,2021-11-01 07:54:04,2021-11-01 08:06:37,1.0,2.17,1.0,N,186,162,1,10.5,0.0,0.5,2.76,0.0,0.3,16.56,2.5,0.0
1,2021-11-01 07:11:30,2021-11-01 07:17:48,1.0,1.7,1.0,N,148,137,2,7.5,2.5,0.5,0.0,0.0,0.3,10.8,2.5,0.0
1,2021-11-01 07:19:06,2021-11-01 07:23:35,1.0,1.4,1.0,N,137,229,1,6.0,2.5,0.5,1.85,0.0,0.3,11.15,2.5,0.0
1,2021-11-01 07:37:34,2021-11-01 07:42:04,1.0,2.0,1.0,N,262,233,1,7.5,2.5,0.5,2.15,0.0,0.3,12.95,2.5,0.0
1,2021-11-01 07:46:05,2021-11-01 07:56:22,2.0,1.4,1.0,N,229,141,2,8.5,2.5,0.5,0.0,0.0,0.3,11.8,2.5,0.0
1,2021-11-01 07:58:33,2021-11-01 08:09:10,1.0,1.8,1.0,N,263,75,2,9.5,2.5,0.5,0.0,0.0,0.3,12.8,2.5,0.0
2,2021-11-01 07:49:42,2021-11-01 08:01:34,1.0,1.72,1.0,N,140,161,1,9.5,0.0,0.5,2.56,0.0,0.3,15.36,2.5,0.0
1,2021-11-01 07:49:18,2021-11-01 07:54:16,1.0,0.4,1.0,N,223,179,1,5.0,0.0,0.5,1.7,0.0,0.3,7.5,0.0,0.0
2,2021-11-01 07:09:59,2021-11-01 07:48:36,1.0,20.32,2.0,N,140,132,1,52.0,0.0,0.5,9.99,6.55,0.3,71.84,2.5,0.0
1,2021-11-01 07:03:49,2021-11-01 07:08:34,1.0,0.9,1.0,N,50,48,1,5.5,2.5,0.5,1.0,0.0,0.3,9.8,2.5,0.0
1,2021-11-01 07:33:40,2021-11-01 08:06:07,0.0,8.2,1.0,N,138,170,1,27.5,3.75,0.5,9.6,6.55,0.3,48.2,2.5,1.25
1,2021-11-01 07:29:24,2021-11-01 07:48:15,1.0,4.4,1.0,N,79,75,2,16.0,2.5,0.5,0.0,0.0,0.3,19.3,2.5,0.0
1,2021-11-01 07:52:26,2021-11-01 08:10:14,2.0,3.1,1.0,Y,236,229,1,14.5,2.5,0.5,2.0,0.0,0.3,19.8,2.5,0.0
1,2021-11-01 07:15:17,2021-11-01 07:21:24,0.0,0.7,1.0,N,186,230,1,6.0,2.5,0.5,0.7,0.0,0.3,10.0,2.5,0.0
1,2021-11-01 07:30:33,2021-11-01 07:46:43,0.0,2.7,1.0,N,186,4,1,12.5,2.5,0.5,3.15,0.0,0.3,18.95,2.5,0.0
1,2021-11-01 07:54:34,2021-11-01 08:16:48,0.0,2.6,1.0,N,107,140,1,15.5,2.5,0.5,3.75,0.0,0.3,22.55,2.5,0.0
1,2021-11-01 07:00:22,2021-11-01 07:04:56,1.0,0.6,1.0,N,162,162,2,5.0,2.5,0.5,0.0,0.0,0.3,8.3,2.5,0.0
1,2021-11-01 07:09:07,2021-11-01 07:20:51,1.0,3.5,1.0,N,161,232,2,13.0,2.5,0.5,0.0,0.0,0.3,16.3,2.5,0.0
1,2021-11-01 07:32:56,2021-11-01 07:45:04,1.0,2.5,1.0,N,107,162,2,11.0,2.5,0.5,0.0,0.0,0.3,14.3,2.5,0.0
1,2021-11-01 07:54:15,2021-11-01 07:59:58,1.0,1.1,1.0,N,237,161,1,6.5,2.5,0.5,1.96,0.0,0.3,11.76,2.5,0.0
1,2021-11-01 07:04:19,2021-11-01 07:09:51,1.0,0.8,1.0,Y,74,74,1,5.5,0.0,0.5,1.25,0.0,0.3,7.55,0.0,0.0
1,2021-11-01 07:18:07,2021-11-01 07:30:42,1.0,3.4,1.0,Y,75,229,1,13.0,2.5,0.5,3.25,0.0,0.3,19.55,2.5,0.0
1,2021-11-01 07:32:38,2021-11-01 07:36:11,1.0,0.5,1.0,Y,229,161,1,4.5,2.5,0.5,1.55,0.0,0.3,9.35,2.5,0.0
1,2021-11-01 07:50:10,2021-11-01 08:12:03,2.0,3.0,1.0,Y,142,263,2,15.5,2.5,0.5,0.0,0.0,0.3,18.8,2.5,0.0
2,2021-11-01 07:00:48,2021-11-01 07:12:55,1.0,2.08,1.0,N,186,50,1,10.5,0.0,0.5,2.76,0.0,0.3,16.56,2.5,0.0
2,2021-11-01 07:18:31,2021-11-01 07:23:29,1.0,1.16,1.0,N,143,230,1,6.0,0.0,0.5,1.86,0.0,0.3,11.16,2.5,0.0
2,2021-11-01 07:32:01,2021-11-01 07:40:57,1.0,2.05,1.0,N,142,24,1,8.5,0.0,0.5,2.36,0.0,0.3,14.16,2.5,0.0
2,2021-11-01 07:42:23,2021-11-01 07:55:40,2.0,1.81,1.0,N,24,236,1,10.0,0.0,0.5,1.25,0.0,0.3,12.05,0.0,0.0
2,2021-11-01 07:57:22,2021-11-01 08:07:32,1.0,2.12,1.0,N,263,237,1,9.5,0.0,0.5,1.5,0.0,0.3,14.3,2.5,0.0
2,2021-11-01 07:07:15,2021-11-01 07:12:56,1.0,1.57,1.0,N,237,236,1,6.5,0.0,0.5,1.96,0.0,0.3,11.76,2.5,0.0
2,2021-11-01 07:14:00,2021-11-01 07:22:38,1.0,1.39,1.0,N,236,238,1,8.0,0.0,0.5,1.5,0.0,0.3,12.8,2.5,0.0
2,2021-11-01 07:28:07,2021-11-01 07:47:45,1.0,6.18,1.0,N,238,13,1,20.0,0.0,0.5,4.66,0.0,0.3,27.96,2.5,0.0
2,2021-11-01 07:19:17,2021-11-01 07:33:29,1.0,3.45,1.0,N,249,237,2,13.0,0.0,0.5,0.0,0.0,0.3,16.3,2.5,0.0
2,2021-11-01 07:35:30,2021-11-01 07:44:07,1.0,2.1,1.0,N,237,170,1,8.5,0.0,0.5,2.36,0.0,0.3,14.16,2.5,0.0
2,2021-11-01 07:55:26,2021-11-01 08:01:09,1.0,1.22,1.0,N,170,162,1,6.0,0.0,0.5,5.0,0.0,0.3,14.3,2.5,0.0
1,2021-11-01 07:44:47,2021-11-01 07:50:52,1.0,1.1,1.0,N,262,141,1,6.5,2.5,0.5,1.2,0.0,0.3,11.0,2.5,0.0
1,2021-11-01 07:52:48,2021-11-01 08:05:22,1.0,1.1,1.0,N,141,233,1,9.0,2.5,0.5,2.45,0.0,0.3,14.75,2.5,0.0
1,2021-11-01 07:07:14,2021-11-01 07:07:14,1.0,0.0,1.0,N,262,264,2,2.5,2.5,0.5,0.0,0.0,0.3,5.8,2.5,0.0
1,2021-11-01 07:07:15,2021-11-01 07:07:15,1.0,0.0,1.0,N,262,264,2,2.5,2.5,0.5,0.0,0.0,0.3,5.8,2.5,0.0
1,2021-11-01 07:07:18,2021-11-01 07:19:32,1.0,2.5,1.0,N,262,151,2,11.0,2.5,0.5,0.0,0.0,0.3,14.3,2.5,0.0
1,2021-11-01 07:23:12,2021-11-01 07:45:01,1.0,4.2,1.0,N,238,107,1,18.0,2.5,0.5,4.26,0.0,0.3,25.56,2.5,0.0
1,2021-11-01 07:55:12,2021-11-01 08:12:46,1.0,3.4,1.0,N,186,238,1,14.5,2.5,0.5,3.0,0.0,0.3,20.8,2.5,0.0
2,2021-11-01 07:10:15,2021-11-01 07:20:53,5.0,2.63,1.0,N,231,246,2,11.0,0.0,0.5,0.0,0.0,0.3,14.3,2.5,0.0
2,2021-11-01 07:24:27,2021-11-01 07:43:14,5.0,4.32,1.0,N,246,140,1,16.0,0.0,0.5,5.79,0.0,0.3,25.09,2.5,0.0
2,2021-11-01 08:00:07,2021-11-01 08:10:05,5.0,2.46,1.0,N,262,162,1,10.0,0.0,0.5,3.99,0.0,0.3,17.29,2.5,0.0
1,2021-11-01 07:58:36,2021-11-01 08:16:29,1.0,2.6,1.0,N,107,163,1,13.0,2.5,0.5,3.25,0.0,0.3,19.55,2.5,0.0
2,2021-11-01 07:49:27,2021-11-01 08:07:18,1.0,3.98,1.0,N,231,162,1,15.0,0.0,0.5,3.66,0.0,0.3,21.96,2.5,0.0
2,2021-11-01 07:06:39,2021-11-01 07:24:59,1.0,2.79,1.0,N,141,146,2,14.0,0.0,0.5,0.0,0.0,0.3,17.3,2.5,0.0
2,2021-11-01 07:41:23,2021-11-01 07:55:35,1.0,1.43,1.0,N,141,161,1,10.0,0.0,0.5,2.66,0.0,0.3,15.96,2.5,0.0
2,2021-11-01 07:14:00,2021-11-01 07:16:26,1.0,0.59,1.0,N,114,249,1,4.0,0.0,0.5,1.46,0.0,0.3,8.76,2.5,0.0
2,2021-11-01 07:27:39,2021-11-01 07:35:01,4.0,1.52,1.0,N,107,161,1,7.5,0.0,0.5,2.7,0.0,0.3,13.5,2.5,0.0
2,2021-11-01 07:43:16,2021-11-01 07:47:34,5.0,1.23,1.0,N,170,79,1,5.5,0.0,0.5,1.76,0.0,0.3,10.56,2.5,0.0
2,2021-11-01 07:03:51,2021-11-01 07:35:54,2.0,9.6,1.0,N,170,138,2,32.0,0.0,0.5,0.0,6.55,0.3,41.85,2.5,0.0
2,2021-11-01 07:15:22,2021-11-01 07:22:03,1.0,1.46,1.0,N,186,246,1,7.0,0.0,0.5,2.06,0.0,0.3,12.36,2.5,0.0
2,2021-11-01 07:34:36,2021-11-01 07:38:50,1.0,1.06,1.0,N,246,68,2,5.5,0.0,0.5,0.0,0.0,0.3,8.8,2.5,0.0
2,2021-11-01 07:41:19,2021-11-01 07:45:59,1.0,0.6,1.0,N,68,234,2,5.0,0.0,0.5,0.0,0.0,0.3,8.3,2.5,0.0
2,2021-11-01 07:50:51,2021-11-01 07:56:50,1.0,1.1,1.0,N,170,234,1,6.5,0.0,0.5,2.45,0.0,0.3,12.25,2.5,0.0
2,2021-11-01 07:58:58,2021-11-01 08:08:11,1.0,1.67,1.0,N,234,68,1,8.5,0.0,0.5,1.95,0.0,0.3,13.75,2.5,0.0
2,2021-11-01 07:03:57,2021-11-01 07:09:22,6.0,1.07,1.0,N,100,234,2,6.0,0.0,0.5,0.0,0.0,0.3,9.3,2.5,0.0
2,2021-11-01 07:22:31,2021-11-01 07:28:02,6.0,1.17,1.0,N,90,230,1,6.0,0.0,0.5,0.93,0.0,0.3,10.23,2.5,0.0
2,2021-11-01 07:34:28,2021-11-01 07:39:52,6.0,0.98,1.0,N,48,161,1,5.5,0.0,0.5,1.76,0.0,0.3,10.56,2.5,0.0
2,2021-11-01 07:43:35,2021-11-01 07:49:28,6.0,1.05,1.0,N,161,48,1,6.0,0.0,0.5,1.86,0.0,0.3,11.16,2.5,0.0
2,2021-11-01 07:52:56,2021-11-01 07:55:57,6.0,0.98,1.0,N,48,68,2,5.0,0.0,0.5,0.0,0.0,0.3,8.3,2.5,0.0
2,2021-11-01 07:58:55,2021-11-01 08:04:52,6.0,1.02,1.0,N,186,230,1,6.0,0.0,0.5,2.32,0.0,0.3,11.62,2.5,0.0
1,2021-11-01 07:38:28,2021-11-01 07:49:01,1.0,1.5,1.0,N,170,48,1,8.5,2.5,0.5,2.35,0.0,0.3,14.15,2.5,0.0
1,2021-11-01 07:53:59,2021-11-01 08:15:54,1.0,3.4,1.0,N,50,236,1,15.5,2.5,0.5,3.75,0.0,0.3,22.55,2.5,0.0
1,2021-11-01 07:03:34,2021-11-01 07:18:11,1.0,8.5,1.0,N,262,138,1,25.0,2.5,0.5,5.23,6.55,0.3,40.08,2.5,0.0
1,2021-11-01 07:56:53,2021-11-01 08:26:09,1.0,11.1,1.0,N,70,185,1,32.0,0.0,0.5,5.0,6.55,0.3,44.35,0.0,0.0
2,2021-11-01 07:13:44,2021-11-01 07:46:55,1.0,9.59,1.0,N,138,244,1,32.0,0.0,0.5,7.87,6.55,0.3,48.47,0.0,1.25
2,2021-11-01 07:12:02,2021-11-01 08:19:05,1.0,21.42,1.0,N,132,181,2,65.0,0.0,0.5,0.0,0.0,0.3,67.05,0.0,1.25
2,2021-11-01 07:41:01,2021-11-01 08:08:01,2.0,8.69,1.0,N,233,244,2,28.0,0.0,0.5,0.0,0.0,0.3,31.3,2.5,0.0
2,2021-11-01 07:50:02,2021-11-01 07:59:31,3.0,1.9,1.0,N,141,233,1,9.5,0.0,0.5,2.56,0.0,0.3,15.36,2.5,0.0
2,2021-11-01 08:00:52,2021-11-01 08:05:39,3.0,0.81,1.0,N,170,229,1,5.0,0.0,0.5,2.0,0.0,0.3,10.3,2.5,0.0
2,2021-11-01 07:35:16,2021-11-01 07:40:44,1.0,0.67,1.0,N,88,209,1,5.5,0.0,0.5,2.0,0.0,0.3,10.8,2.5,0.0
2,2021-11-01 07:44:01,2021-11-01 07:54:16,1.0,3.25,1.0,N,88,232,1,12.0,0.0,0.5,3.7,0.0,0.3,19.0,2.5,0.0
2,2021-11-01 07:09:11,2021-11-01 07:24:03,1.0,3.64,1.0,N,141,107,1,14.5,0.0,0.5,3.56,0.0,0.3,21.36,2.5,0.0
1,2021-11-01 07:40:30,2021-11-01 08:05:00,3.0,4.2,1.0,N,90,263,1,18.0,2.5,0.5,4.26,0.0,0.3,25.56,2.5,0.0
2,2021-11-01 07:17:44,2021-11-01 07:31:30,1.0,2.96,1.0,N,223,145,2,12.0,0.0,0.5,0.0,0.0,0.3,12.8,0.0,0.0
2,2021-11-01 07:55:12,2021-11-01 08:08:47,1.0,1.86,1.0,N,141,236,1,10.5,0.0,0.5,1.0,0.0,0.3,14.8,2.5,0.0
2,2021-11-01 07:08:59,2021-11-01 07:14:02,2.0,1.33,1.0,N,233,161,1,6.0,0.0,0.5,2.0,0.0,0.3,11.3,2.5,0.0
2,2021-11-01 07:13:59,2021-11-01 07:22:54,1.0,1.18,1.0,N,79,90,1,7.5,0.0,0.5,2.16,0.0,0.3,12.96,2.5,0.0
2,2021-11-01 07:55:11,2021-11-01 07:58:21,1.0,0.61,1.0,N,137,107,1,4.5,0.0,0.5,1.56,0.0,0.3,9.36,2.5,0.0
2,2021-11-01 07:59:29,2021-11-01 08:09:36,1.0,1.82,1.0,N,107,162,1,9.0,0.0,0.5,1.0,0.0,0.3,13.3,2.5,0.0
1,2021-11-01 07:51:44,2021-11-01 08:04:00,1.0,1.6,1.0,N,79,158,1,9.5,2.5,0.5,2.0,0.0,0.3,14.8,2.5,0.0
2,2021-11-01 07:18:26,2021-11-01 07:27:38,1.0,1.38,1.0,N,41,238,1,8.0,0.0,0.5,0.0,0.0,0.3,11.3,2.5,0.0
2,2021-11-01 07:25:32,2021-11-01 08:40:29,6.0,18.09,2.0,N,132,230,2,52.0,0.0,0.5,0.0,6.55,0.3,63.1,2.5,1.25
1,2021-11-01 07:13:40,2021-11-01 07:38:55,1.0,7.6,1.0,N,87,236,1,25.0,2.5,0.5,5.65,0.0,0.3,33.95,2.5,0.0
1,2021-11-01 07:41:06,2021-11-01 08:00:03,1.0,4.6,1.0,N,236,107,1,18.0,2.5,0.5,4.25,0.0,0.3,25.55,2.5,0.0
1,2021-11-01 07:01:01,2021-11-01 07:09:35,1.0,2.8,1.0,Y,79,229,1,10.0,2.5,0.5,2.66,0.0,0.3,15.96,2.5,0.0
1,2021-11-01 07:21:38,2021-11-01 07:29:14,1.0,1.9,1.0,N,239,162,1,8.5,2.5,0.5,2.95,0.0,0.3,14.75,2.5,0.0
1,2021-11-01 07:39:16,2021-11-01 07:52:30,1.0,1.9,1.0,N,237,43,1,10.5,2.5,0.5,3.45,0.0,0.3,17.25,2.5,0.0
1,2021-11-01 07:54:52,2021-11-01 08:12:31,1.0,1.7,1.0,N,238,262,1,12.0,2.5,0.5,3.06,0.0,0.3,18.36,2.5,0.0
2,2021-11-01 07:53:21,2021-11-01 07:58:32,2.0,0.91,1.0,N,74,263,1,5.5,0.0,0.5,1.76,0.0,0.3,10.56,2.5,0.0
2,2021-11-01 07:59:51,2021-11-01 08:07:09,1.0,0.76,1.0,N,41,75,2,6.5,0.0,0.5,0.0,0.0,0.3,7.3,0.0,0.0
2,2021-11-01 07:14:38,2021-11-01 07:30:47,1.0,2.6,1.0,N,113,162,1,11.0,0.0,0.5,2.86,0.0,0.3,17.16,2.5,0.0
2,2021-11-01 07:40:34,2021-11-01 07:44:23,1.0,0.75,1.0,N,237,237,1,4.5,0.0,0.5,2.5,0.0,0.3,10.3,2.5,0.0
2,2021-11-01 07:51:21,2021-11-01 07:59:22,3.0,1.02,1.0,N,237,236,1,6.5,0.0,0.5,1.0,0.0,0.3,10.8,2.5,0.0
2,2021-11-01 07:40:39,2021-11-01 07:52:02,1.0,2.86,1.0,N,211,161,1,11.0,0.0,0.5,2.86,0.0,0.3,17.16,2.5,0.0
2,2021-11-01 07:52:51,2021-11-01 07:56:59,1.0,0.61,1.0,N,161,162,1,5.0,0.0,0.5,1.66,0.0,0.3,9.96,2.5,0.0
1,2021-11-01 07:08:19,2021-11-01 07:14:23,1.0,1.5,1.0,N,13,158,2,7.0,2.5,0.5,0.0,0.0,0.3,10.3,2.5,0.0
1,2021-11-01 07:36:55,2021-11-01 07:49:26,1.0,2.2,1.0,N,13,113,1,10.5,2.5,0.5,0.0,0.0,0.3,13.8,2.5,0.0
1,2021-11-01 07:51:42,2021-11-01 08:01:27,1.0,1.9,1.0,N,113,170,1,9.0,2.5,0.5,3.05,0.0,0.3,15.35,2.5,0.0
2,2021-11-01 07:15:09,2021-11-01 07:24:16,1.0,1.69,1.0,N,113,170,1,8.5,0.0,0.5,1.18,0.0,0.3,12.98,2.5,0.0
2,2021-11-01 07:31:00,2021-11-01 07:36:12,1.0,0.95,1.0,N,107,170,1,6.0,0.0,0.5,1.0,0.0,0.3,10.3,2.5,0.0
2,2021-11-01 07:42:27,2021-11-01 07:50:48,1.0,1.23,1.0,N,107,186,1,7.5,0.0,0.5,2.16,0.0,0.3,12.96,2.5,0.0
2,2021-11-01 07:52:40,2021-11-01 08:06:42,1.0,1.96,1.0,N,186,163,1,10.5,0.0,0.5,1.0,0.0,0.3,14.8,2.5,0.0
2,2021-11-01 07:07:19,2021-11-01 07:13:46,4.0,1.63,1.0,N,237,162,1,7.5,0.0,0.5,1.08,0.0,0.3,11.88,2.5,0.0
2,2021-11-01 07:19:58,2021-11-01 07:27:15,3.0,0.81,1.0,N,100,186,1,6.5,0.0,0.5,2.0,0.0,0.3,11.8,2.5,0.0
2,2021-11-01 07:33:22,2021-11-01 07:39:39,3.0,0.71,1.0,N,48,68,1,6.0,0.0,0.5,2.32,0.0,0.3,11.62,2.5,0.0
2,2021-11-01 07:44:59,2021-11-01 07:50:16,4.0,0.94,1.0,N,48,161,2,5.5,0.0,0.5,0.0,0.0,0.3,8.8,2.5,0.0
2,2021-11-01 07:13:25,2021-11-01 07:29:31,1.0,5.24,1.0,N,166,68,1,17.5,0.0,0.5,4.16,0.0,0.3,24.96,2.5,0.0
2,2021-11-01 07:30:47,2021-11-01 07:40:24,1.0,1.8,1.0,N,186,50,2,9.0,0.0,0.5,0.0,0.0,0.3,12.3,2.5,0.0
1,2021-11-01 07:19:49,2021-11-01 07:34:02,1.0,7.7,1.0,N,140,231,1,22.5,2.5,0.5,3.87,0.0,0.3,29.67,2.5,0.0
1,2021-11-01 07:39:58,2021-11-01 07:59:04,2.0,6.0,1.0,N,13,170,1,20.0,2.5,0.5,4.65,0.0,0.3,27.95,2.5,0.0
2,2021-11-01 07:20:48,2021-11-01 07:30:47,1.0,1.71,1.0,N,186,162,1,8.5,0.0,0.5,2.36,0.0,0.3,14.16,2.5,0.0
2,2021-11-01 07:38:16,2021-11-01 07:49:51,1.0,2.88,1.0,N,162,125,1,11.0,0.0,0.5,2.86,0.0,0.3,17.16,2.5,0.0
2,2021-11-01 07:44:30,2021-11-01 07:51:18,1.0,1.39,1.0,N,137,113,1,7.0,0.0,0.5,0.81,0.0,0.3,11.11,2.5,0.0
2,2021-11-01 07:56:44,2021-11-01 08:18:03,1.0,2.88,1.0,N,107,140,1,15.5,0.0,0.5,3.76,0.0,0.3,22.56,2.5,0.0
2,2021-11-01 07:14:40,2021-11-01 07:19:52,1.0,0.85,1.0,N,113,107,2,5.5,0.0,0.5,0.0,0.0,0.3,8.8,2.5,0.0
2,2021-11-01 07:27:38,2021-11-01 07:33:13,1.0,0.81,1.0,N,170,100,1,5.5,0.0,0.5,1.76,0.0,0.3,10.56,2.5,0.0
2,2021-11-01 07:38:09,2021-11-01 07:45:27,1.0,1.67,1.0,N,186,48,1,7.5,0.0,0.5,2.16,0.0,0.3,12.96,2.5,0.0
2,2021-11-01 07:52:06,2021-11-01 08:08:46,1.0,2.51,1.0,N,163,137,2,12.5,0.0,0.5,0.0,0.0,0.3,15.8,2.5,0.0
2,2021-11-01 07:28:00,2021-11-01 07:42:21,1.0,3.43,1.0,N,236,246,1,13.0,0.0,0.5,3.26,0.0,0.3,19.56,2.5,0.0
2,2021-11-01 07:52:42,2021-11-01 08:21:46,2.0,17.13,3.0,N,164,1,1,63.0,0.0,0.0,24.02,16.75,0.3,105.32,0.0,1.25
1,2021-11-01 07:34:03,2021-11-01 07:47:01,1.0,4.2,1.0,N,138,92,1,15.0,1.25,0.5,4.25,0.0,0.3,21.3,0.0,1.25
2,2021-11-01 07:02:14,2021-11-01 07:16:44,1.0,4.0,1.0,N,262,4,2,15.0,0.0,0.5,0.0,0.0,0.3,18.3,2.5,0.0
2,2021-11-01 07:21:53,2021-11-01 07:31:15,1.0,1.82,1.0,N,234,161,1,9.0,0.0,0.5,3.08,0.0,0.3,15.38,2.5,0.0
2,2021-11-01 07:41:18,2021-11-01 08:05:15,1.0,3.08,1.0,N,48,114,1,16.0,0.0,0.5,3.86,0.0,0.3,23.16,2.5,0.0
1,2021-11-01 07:07:52,2021-11-01 07:41:43,1.0,11.4,1.0,N,114,138,1,35.5,2.5,0.5,11.3,6.55,0.3,56.65,2.5,0.0
2,2021-11-01 07:59:35,2021-11-01 08:03:07,1.0,0.7,1.0,N,237,237,1,4.5,0.0,0.5,1.56,0.0,0.3,9.36,2.5,0.0
1,2021-11-01 07:48:20,2021-11-01 07:52:30,1.0,0.9,1.0,N,234,162,1,5.5,2.5,0.5,1.32,0.0,0.3,10.12,2.5,0.0
2,2021-11-01 07:37:44,2021-11-01 07:49:32,1.0,1.93,1.0,N,141,161,1,10.0,0.0,0.5,1.25,0.0,0.3,14.55,2.5,0.0
2,2021-11-01 07:13:36,2021-11-01 07:17:26,1.0,0.6,1.0,N,141,237,1,4.5,0.0,0.5,1.17,0.0,0.3,8.97,2.5,0.0
2,2021-11-01 07:20:55,2021-11-01 07:27:55,1.0,1.56,1.0,N,237,162,1,7.0,0.0,0.5,2.06,0.0,0.3,12.36,2.5,0.0
2,2021-11-01 07:33:33,2021-11-01 07:40:37,1.0,1.58,1.0,N,170,230,1,7.0,0.0,0.5,1.0,0.0,0.3,11.3,2.5,0.0
2,2021-11-01 07:44:30,2021-11-01 07:59:28,1.0,2.18,1.0,N,230,137,2,11.5,0.0,0.5,0.0,0.0,0.3,14.8,2.5,0.0
2,2021-11-01 08:00:39,2021-11-01 08:21:37,1.0,4.41,1.0,N,137,75,1,17.0,0.0,0.5,2.5,0.0,0.3,22.8,2.5,0.0
2,2021-11-01 07:21:04,2021-11-01 07:30:00,2.0,1.42,1.0,N,114,261,2,8.0,0.0,0.5,0.0,0.0,0.3,11.3,2.5,0.0
2,2021-11-01 07:37:55,2021-11-01 07:51:00,2.0,3.0,1.0,N,125,161,1,12.0,0.0,0.5,4.59,0.0,0.3,19.89,2.5,0.0
2,2021-11-01 07:57:46,2021-11-01 08:09:01,2.0,1.29,1.0,N,107,230,1,9.0,0.0,0.5,1.7,0.0,0.3,14.0,2.5,0.0
2,2021-11-01 07:56:51,2021-11-01 08:07:17,3.0,1.05,1.0,N,140,262,2,8.0,0.0,0.5,0.0,0.0,0.3,11.3,2.5,0.0
2,2021-11-01 07:51:26,2021-11-01 08:01:17,1.0,1.22,1.0,N,230,237,1,8.0,0.0,0.5,2.82,0.0,0.3,14.12,2.5,0.0
1,2021-11-01 07:35:03,2021-11-01 07:42:17,1.0,0.9,1.0,N,263,75,1,6.5,2.5,0.5,1.95,0.0,0.3,11.75,2.5,0.0
1,2021-11-01 07:46:03,2021-11-01 07:50:09,1.0,0.9,1.0,N,75,262,1,5.0,2.5,0.5,2.05,0.0,0.3,10.35,2.5,0.0
1,2021-11-01 07:50:58,2021-11-01 08:01:34,1.0,2.0,1.0,N,262,162,1,9.5,2.5,0.5,1.28,0.0,0.3,14.08,2.5,0.0
1,2021-11-01 07:02:13,2021-11-01 07:47:27,1.0,12.8,1.0,N,142,73,1,42.0,2.5,0.5,0.0,0.0,0.3,45.3,2.5,0.0
2,2021-11-01 07:40:39,2021-11-01 08:05:01,1.0,9.58,1.0,N,237,138,1,29.5,0.0,0.5,7.87,6.55,0.3,47.22,2.5,0.0
2,2021-11-01 07:01:07,2021-11-01 07:11:54,1.0,2.35,1.0,N,186,229,1,10.0,0.0,0.5,2.0,0.0,0.3,15.3,2.5,0.0
2,2021-11-01 07:31:08,2021-11-01 07:43:40,1.0,1.75,1.0,N,100,162,1,10.0,0.0,0.5,3.33,0.0,0.3,16.63,2.5,0.0
2,2021-11-01 07:51:18,2021-11-01 07:57:21,1.0,0.89,1.0,N,237,163,1,6.0,0.0,0.5,1.4,0.0,0.3,10.7,2.5,0.0
2,2021-11-01 07:47:25,2021-11-01 07:55:14,1.0,1.13,1.0,N,238,75,1,7.0,0.0,0.5,2.06,0.0,0.3,12.36,2.5,0.0
2,2021-11-01 07:56:45,2021-11-01 08:08:35,1.0,2.52,1.0,N,75,161,1,10.5,0.0,0.5,1.79,0.0,0.3,15.59,2.5,0.0
2,2021-11-01 07:43:10,2021-11-01 07:59:13,1.0,2.81,1.0,N,107,236,1,12.5,0.0,0.5,2.0,0.0,0.3,17.8,2.5,0.0
2,2021-11-01 07:23:43,2021-11-01 07:29:40,6.0,1.23,1.0,N,186,161,1,6.0,0.0,0.5,1.86,0.0,0.3,11.16,2.5,0.0
2,2021-11-01 07:45:33,2021-11-01 07:53:44,6.0,1.33,1.0,N,186,161,1,7.5,0.0,0.5,2.16,0.0,0.3,12.96,2.5,0.0
2,2021-11-01 07:29:02,2021-11-01 07:40:42,1.0,1.26,1.0,N,166,41,1,9.0,0.0,0.5,1.0,0.0,0.3,10.8,0.0,0.0
2,2021-11-01 07:50:30,2021-11-01 08:05:50,1.0,1.94,1.0,N,24,236,1,11.0,0.0,0.5,1.5,0.0,0.3,15.8,2.5,0.0
1,2021-11-01 07:18:30,2021-11-01 07:25:50,0.0,1.1,1.0,N,79,211,1,7.0,2.5,0.5,3.05,0.0,0.3,13.35,2.5,0.0
1,2021-11-01 07:34:06,2021-11-01 07:42:32,1.0,1.7,1.0,N,107,163,1,8.5,2.5,0.5,2.35,0.0,0.3,14.15,2.5,0.0
1,2021-11-01 07:48:52,2021-11-01 07:56:52,1.0,1.5,1.0,N,142,161,1,8.0,2.5,0.5,2.0,0.0,0.3,13.3,2.5,0.0
2,2021-11-01 07:21:45,2021-11-01 07:52:39,1.0,6.07,1.0,N,132,216,2,24.0,0.0,0.5,0.0,0.0,0.3,26.05,0.0,1.25
1,2021-11-01 07:06:22,2021-11-01 07:18:59,1.0,3.1,1.0,N,170,113,1,12.0,2.5,0.5,3.05,0.0,0.3,18.35,2.5,0.0
1,2021-11-01 07:29:09,2021-11-01 07:34:14,1.0,0.7,1.0,N,211,114,1,5.5,2.5,0.5,1.75,0.0,0.3,10.55,2.5,0.0
1,2021-11-01 07:37:36,2021-11-01 07:45:44,1.0,2.1,1.0,N,114,170,1,9.0,2.5,0.5,3.05,0.0,0.3,15.35,2.5,0.0
1,2021-11-01 07:54:01,2021-11-01 08:02:35,1.0,1.4,1.0,N,107,249,1,7.5,2.5,0.5,3.2,0.0,0.3,14.0,2.5,0.0
1,2021-11-01 07:17:39,2021-11-01 07:26:47,1.0,1.5,1.0,N,151,74,1,8.0,0.0,0.5,0.0,0.0,0.3,8.8,0.0,0.0
1,2021-11-01 07:35:46,2021-11-01 07:47:46,1.0,2.8,1.0,N,236,143,2,11.5,2.5,0.5,0.0,0.0,0.3,14.8,2.5,0.0
1,2021-11-01 07:49:34,2021-11-01 07:58:40,1.0,1.7,1.0,N,143,238,1,8.5,2.5,0.5,1.5,0.0,0.3,13.3,2.5,0.0
1,2021-11-01 07:37:01,2021-11-01 07:42:59,1.0,1.0,1.0,N,161,230,1,6.0,2.5,0.5,2.3,0.0,0.3,11.6,2.5,0.0
1,2021-11-01 07:50:06,2021-11-01 07:53:41,2.0,0.9,1.0,N,186,90,2,5.0,2.5,0.5,0.0,0.0,0.3,8.3,2.5,0.0
1,2021-11-01 07:55:12,2021-11-01 08:12:43,2.0,3.0,1.0,N,264,237,1,13.5,2.5,0.5,3.35,0.0,0.3,20.15,2.5,0.0
2,2021-11-01 06:57:46,2021-11-01 06:59:59,1.0,0.72,1.0,N,113,234,2,4.0,0.0,0.5,0.0,0.0,0.3,7.3,2.5,0.0
2,2021-11-01 07:04:43,2021-11-01 07:06:52,1.0,0.59,1.0,N,90,234,1,4.0,0.0,0.5,1.46,0.0,0.3,8.76,2.5,0.0
2,2021-11-01 07:23:21,2021-11-01 07:30:23,1.0,1.73,1.0,N,68,161,1,7.0,0.0,0.5,1.34,0.0,0.3,11.64,2.5,0.0
2,2021-11-01 07:23:50,2021-11-01 07:32:00,1.0,2.99,1.0,N,13,232,1,11.5,0.0,0.5,7.15,0.0,0.3,21.95,2.5,0.0
2,2021-11-01 07:35:01,2021-11-01 07:46:49,1.0,2.87,1.0,N,4,140,1,12.0,0.0,0.5,7.65,0.0,0.3,22.95,2.5,0.0
2,2021-11-01 07:49:47,2021-11-01 07:51:54,1.0,0.37,1.0,N,140,140,1,3.5,0.0,0.5,4.42,0.0,0.3,11.22,2.5,0.0
